Trading Output for sqqq for the last 300 days
+---------+---------------------------+---------+---------+---------+---------+------------------+----------------+------------------+--------------+-------------+---------+--------------+
|   Index | Timestamp                 |    Open |    High |     Low |   Close |           Volume |   RSIEMA Cross |   SMA/VWAP Cross |   MACD Cross |   KNN EMA X |   Total |   Total Diff |
+=========+===========================+=========+=========+=========+=========+==================+================+==================+==============+=============+=========+==============+
|       0 | 2023-11-07 09:30:00-05:00 | 18.455  | 18.6099 | 18.41   | 18.595  |      1.14493e+07 |              0 |                1 |            0 |           0 |       1 |            0 |
+---------+---------------------------+---------+---------+---------+---------+------------------+----------------+------------------+--------------+-------------+---------+--------------+
|       1 | 2023-11-07 09:35:00-05:00 | 18.5999 | 18.64   | 18.56   | 18.605  |      2.43336e+06 |              0 |                1 |            1 |           0 |       2 |            1 |
+---------+---------------------------+---------+---------+---------+---------+------------------+----------------+------------------+--------------+-------------+---------+--------------+
|       2 | 2023-11-07 09:40:00-05:00 | 18.6    | 18.6    | 18.48   | 18.4999 |      3.59648e+06 |              0 |                1 |            0 |           0 |       1 |           -1 |
+---------+---------------------------+---------+---------+---------+---------+------------------+----------------+------------------+--------------+-------------+---------+--------------+
|       3 | 2023-11-07 09:45:00-05:00 | 18.4918 | 18.57   | 18.49   | 18.52   |      1.92201e+06 |              0 |                1 |            0 |           0 |       1 |            0 |
+---------+---------------------------+---------+---------+---------+---------+------------------+----------------+------------------+--------------+-------------+---------+--------------+
|       4 | 2023-11-07 09:50:00-05:00 | 18.52   | 18.5363 | 18.43   | 18.435  |      1.72586e+06 |              0 |                1 |            0 |           1 |       2 |            1 |
+---------+---------------------------+---------+---------+---------+---------+------------------+----------------+------------------+--------------+-------------+---------+--------------+
|       5 | 2023-11-07 09:55:00-05:00 | 18.435  | 18.44   | 18.35   | 18.3795 |      2.79905e+06 |              0 |                1 |            0 |           1 |       2 |            0 |
+---------+---------------------------+---------+---------+---------+---------+------------------+----------------+------------------+--------------+-------------+---------+--------------+
|       6 | 2023-11-07 10:00:00-05:00 | 18.37   | 18.375  | 18.29   | 18.33   |      2.58329e+06 |              0 |                1 |            0 |           1 |       2 |            0 |
+---------+---------------------------+---------+---------+---------+---------+------------------+----------------+------------------+--------------+-------------+---------+--------------+
|       7 | 2023-11-07 10:05:00-05:00 | 18.335  | 18.43   | 18.33   | 18.43   |      2.52803e+06 |              0 |                1 |            0 |           1 |       2 |            0 |
+---------+---------------------------+---------+---------+---------+---------+------------------+----------------+------------------+--------------+-------------+---------+--------------+
|       8 | 2023-11-07 10:10:00-05:00 | 18.435  | 18.46   | 18.37   | 18.3799 |      2.72943e+06 |              0 |                1 |            0 |           1 |       2 |            0 |
+---------+---------------------------+---------+---------+---------+---------+------------------+----------------+------------------+--------------+-------------+---------+--------------+
|       9 | 2023-11-07 10:15:00-05:00 | 18.38   | 18.42   | 18.33   | 18.33   |      1.10249e+06 |              0 |                1 |            0 |           1 |       2 |            0 |
+---------+---------------------------+---------+---------+---------+---------+------------------+----------------+------------------+--------------+-------------+---------+--------------+
|      10 | 2023-11-07 10:20:00-05:00 | 18.34   | 18.36   | 18.29   | 18.3    |      1.81026e+06 |              0 |                1 |            0 |           1 |       2 |            0 |
+---------+---------------------------+---------+---------+---------+---------+------------------+----------------+------------------+--------------+-------------+---------+--------------+
|      11 | 2023-11-07 10:25:00-05:00 | 18.3    | 18.31   | 18.2    | 18.2201 |      2.89328e+06 |              0 |                1 |            0 |           1 |       2 |            0 |
+---------+---------------------------+---------+---------+---------+---------+------------------+----------------+------------------+--------------+-------------+---------+--------------+
|      12 | 2023-11-07 10:30:00-05:00 | 18.22   | 18.24   | 18.16   | 18.1739 |      2.25303e+06 |              0 |                1 |            0 |           1 |       2 |            0 |
+---------+---------------------------+---------+---------+---------+---------+------------------+----------------+------------------+--------------+-------------+---------+--------------+
|      13 | 2023-11-07 10:35:00-05:00 | 18.18   | 18.19   | 18.15   | 18.16   |      1.85978e+06 |              0 |                1 |            0 |           1 |       2 |            0 |
+---------+---------------------------+---------+---------+---------+---------+------------------+----------------+------------------+--------------+-------------+---------+--------------+
|      14 | 2023-11-07 10:40:00-05:00 | 18.1501 | 18.17   | 18.12   | 18.1365 |      2.83481e+06 |              1 |                1 |            0 |           1 |       3 |            1 |
+---------+---------------------------+---------+---------+---------+---------+------------------+----------------+------------------+--------------+-------------+---------+--------------+
|      15 | 2023-11-07 10:45:00-05:00 | 18.14   | 18.15   | 18.0805 | 18.085  |      2.51425e+06 |              1 |                1 |            0 |           1 |       3 |            0 |
+---------+---------------------------+---------+---------+---------+---------+------------------+----------------+------------------+--------------+-------------+---------+--------------+
|      16 | 2023-11-07 10:50:00-05:00 | 18.085  | 18.1    | 18.04   | 18.0401 |      2.27741e+06 |              1 |                1 |            0 |           1 |       3 |            0 |
+---------+---------------------------+---------+---------+---------+---------+------------------+----------------+------------------+--------------+-------------+---------+--------------+
|      17 | 2023-11-07 10:55:00-05:00 | 18.0458 | 18.0653 | 18.01   | 18.0495 |      2.37454e+06 |              1 |                1 |            0 |           1 |       3 |            0 |
+---------+---------------------------+---------+---------+---------+---------+------------------+----------------+------------------+--------------+-------------+---------+--------------+
|      18 | 2023-11-07 11:00:00-05:00 | 18.0475 | 18.1    | 18.03   | 18.075  |      1.8799e+06  |              1 |                1 |            0 |           1 |       3 |            0 |
+---------+---------------------------+---------+---------+---------+---------+------------------+----------------+------------------+--------------+-------------+---------+--------------+
|      19 | 2023-11-07 11:05:00-05:00 | 18.0753 | 18.0799 | 18.02   | 18.0652 |      1.45425e+06 |              1 |                1 |            0 |           1 |       3 |            0 |
+---------+---------------------------+---------+---------+---------+---------+------------------+----------------+------------------+--------------+-------------+---------+--------------+
|      20 | 2023-11-07 11:10:00-05:00 | 18.0699 | 18.08   | 18.03   | 18.0601 |      1.29921e+06 |              1 |                1 |            0 |           1 |       3 |            0 |
+---------+---------------------------+---------+---------+---------+---------+------------------+----------------+------------------+--------------+-------------+---------+--------------+
|      21 | 2023-11-07 11:15:00-05:00 | 18.065  | 18.1    | 18.06   | 18.0932 |      1.58267e+06 |              1 |                1 |            0 |           1 |       3 |            0 |
+---------+---------------------------+---------+---------+---------+---------+------------------+----------------+------------------+--------------+-------------+---------+--------------+
|      22 | 2023-11-07 11:20:00-05:00 | 18.0943 | 18.1    | 18.05   | 18.0757 |      1.33931e+06 |              1 |                1 |            0 |           1 |       3 |            0 |
+---------+---------------------------+---------+---------+---------+---------+------------------+----------------+------------------+--------------+-------------+---------+--------------+
|      23 | 2023-11-07 11:25:00-05:00 | 18.079  | 18.08   | 18.04   | 18.05   | 965694           |              1 |                1 |            0 |           1 |       3 |            0 |
+---------+---------------------------+---------+---------+---------+---------+------------------+----------------+------------------+--------------+-------------+---------+--------------+
|      24 | 2023-11-07 11:30:00-05:00 | 18.0554 | 18.07   | 18      | 18.005  |      1.34299e+06 |              1 |                1 |            0 |           0 |       2 |           -1 |
+---------+---------------------------+---------+---------+---------+---------+------------------+----------------+------------------+--------------+-------------+---------+--------------+
|      25 | 2023-11-07 11:35:00-05:00 | 18.01   | 18.03   | 17.99   | 18.0032 |      1.71403e+06 |              1 |                1 |            1 |           0 |       3 |            1 |
+---------+---------------------------+---------+---------+---------+---------+------------------+----------------+------------------+--------------+-------------+---------+--------------+
|      26 | 2023-11-07 11:40:00-05:00 | 18.0062 | 18.03   | 17.99   | 18.03   | 952899           |              1 |                1 |            1 |           0 |       3 |            0 |
+---------+---------------------------+---------+---------+---------+---------+------------------+----------------+------------------+--------------+-------------+---------+--------------+
|      27 | 2023-11-07 11:45:00-05:00 | 18.03   | 18.16   | 18.02   | 18.12   |      2.41164e+06 |              1 |                1 |            1 |           0 |       3 |            0 |
+---------+---------------------------+---------+---------+---------+---------+------------------+----------------+------------------+--------------+-------------+---------+--------------+
|      28 | 2023-11-07 11:50:00-05:00 | 18.1142 | 18.13   | 18.09   | 18.1034 |      1.38249e+06 |              1 |                1 |            1 |           0 |       3 |            0 |
+---------+---------------------------+---------+---------+---------+---------+------------------+----------------+------------------+--------------+-------------+---------+--------------+
|      29 | 2023-11-07 11:55:00-05:00 | 18.1031 | 18.12   | 18.06   | 18.09   | 958105           |              1 |                1 |            1 |           0 |       3 |            0 |
+---------+---------------------------+---------+---------+---------+---------+------------------+----------------+------------------+--------------+-------------+---------+--------------+
|      30 | 2023-11-07 12:00:00-05:00 | 18.09   | 18.17   | 18.09   | 18.1663 |      2.10779e+06 |              1 |                1 |            1 |           0 |       3 |            0 |
+---------+---------------------------+---------+---------+---------+---------+------------------+----------------+------------------+--------------+-------------+---------+--------------+
|      31 | 2023-11-07 12:05:00-05:00 | 18.165  | 18.1899 | 18.13   | 18.1441 |      1.9007e+06  |              1 |                1 |            1 |           0 |       3 |            0 |
+---------+---------------------------+---------+---------+---------+---------+------------------+----------------+------------------+--------------+-------------+---------+--------------+
|      32 | 2023-11-07 12:10:00-05:00 | 18.1428 | 18.17   | 18.14   | 18.15   | 753164           |              1 |                1 |            1 |           0 |       3 |            0 |
+---------+---------------------------+---------+---------+---------+---------+------------------+----------------+------------------+--------------+-------------+---------+--------------+
|      33 | 2023-11-07 12:15:00-05:00 | 18.1501 | 18.2199 | 18.15   | 18.1703 |      1.86626e+06 |              1 |                1 |            1 |           0 |       3 |            0 |
+---------+---------------------------+---------+---------+---------+---------+------------------+----------------+------------------+--------------+-------------+---------+--------------+
|      34 | 2023-11-07 12:20:00-05:00 | 18.175  | 18.19   | 18.14   | 18.165  | 963124           |              1 |                1 |            1 |           0 |       3 |            0 |
+---------+---------------------------+---------+---------+---------+---------+------------------+----------------+------------------+--------------+-------------+---------+--------------+
|      35 | 2023-11-07 12:25:00-05:00 | 18.163  | 18.2    | 18.14   | 18.1942 |      1.14363e+06 |              1 |                1 |            1 |           1 |       4 |            1 |
+---------+---------------------------+---------+---------+---------+---------+------------------+----------------+------------------+--------------+-------------+---------+--------------+
|      36 | 2023-11-07 12:30:00-05:00 | 18.199  | 18.2552 | 18.15   | 18.1799 |      2.17861e+06 |              1 |                1 |            1 |           1 |       4 |            0 |
+---------+---------------------------+---------+---------+---------+---------+------------------+----------------+------------------+--------------+-------------+---------+--------------+
|      37 | 2023-11-07 12:35:00-05:00 | 18.18   | 18.1898 | 18.12   | 18.14   |      1.49668e+06 |              1 |                1 |            1 |           1 |       4 |            0 |
+---------+---------------------------+---------+---------+---------+---------+------------------+----------------+------------------+--------------+-------------+---------+--------------+
|      38 | 2023-11-07 12:40:00-05:00 | 18.1347 | 18.17   | 18.13   | 18.135  | 665717           |              1 |                1 |            1 |           1 |       4 |            0 |
+---------+---------------------------+---------+---------+---------+---------+------------------+----------------+------------------+--------------+-------------+---------+--------------+
|      39 | 2023-11-07 12:45:00-05:00 | 18.13   | 18.16   | 18.08   | 18.1501 |      1.26124e+06 |              1 |                1 |            1 |           1 |       4 |            0 |
+---------+---------------------------+---------+---------+---------+---------+------------------+----------------+------------------+--------------+-------------+---------+--------------+
|      40 | 2023-11-07 12:50:00-05:00 | 18.1508 | 18.1795 | 18.12   | 18.145  | 725348           |              1 |                1 |            1 |           1 |       4 |            0 |
+---------+---------------------------+---------+---------+---------+---------+------------------+----------------+------------------+--------------+-------------+---------+--------------+
|      41 | 2023-11-07 12:55:00-05:00 | 18.15   | 18.16   | 18.0938 | 18.1    | 884077           |              0 |                1 |            1 |           1 |       3 |           -1 |
+---------+---------------------------+---------+---------+---------+---------+------------------+----------------+------------------+--------------+-------------+---------+--------------+
|      42 | 2023-11-07 13:00:00-05:00 | 18.1    | 18.121  | 18.065  | 18.0798 | 860412           |              0 |                1 |            1 |           1 |       3 |            0 |
+---------+---------------------------+---------+---------+---------+---------+------------------+----------------+------------------+--------------+-------------+---------+--------------+
|      43 | 2023-11-07 13:05:00-05:00 | 18.0779 | 18.09   | 18.0371 | 18.0469 | 989826           |              0 |                1 |            1 |           1 |       3 |            0 |
+---------+---------------------------+---------+---------+---------+---------+------------------+----------------+------------------+--------------+-------------+---------+--------------+
|      44 | 2023-11-07 13:10:00-05:00 | 18.04   | 18.06   | 18.02   | 18.0399 | 694596           |              0 |                1 |            0 |           1 |       2 |           -1 |
+---------+---------------------------+---------+---------+---------+---------+------------------+----------------+------------------+--------------+-------------+---------+--------------+
|      45 | 2023-11-07 13:15:00-05:00 | 18.035  | 18.0499 | 18      | 18.005  | 844478           |              0 |                1 |            0 |           1 |       2 |            0 |
+---------+---------------------------+---------+---------+---------+---------+------------------+----------------+------------------+--------------+-------------+---------+--------------+
|      46 | 2023-11-07 13:20:00-05:00 | 18.005  | 18.05   | 17.99   | 18.005  |      1.39278e+06 |              0 |                1 |            0 |           1 |       2 |            0 |
+---------+---------------------------+---------+---------+---------+---------+------------------+----------------+------------------+--------------+-------------+---------+--------------+
|      47 | 2023-11-07 13:25:00-05:00 | 18.01   | 18.03   | 18      | 18.0252 | 669493           |              0 |                1 |            0 |           1 |       2 |            0 |
+---------+---------------------------+---------+---------+---------+---------+------------------+----------------+------------------+--------------+-------------+---------+--------------+
|      48 | 2023-11-07 13:30:00-05:00 | 18.0299 | 18.03   | 17.99   | 18.0027 | 896488           |              0 |                1 |            0 |           1 |       2 |            0 |
+---------+---------------------------+---------+---------+---------+---------+------------------+----------------+------------------+--------------+-------------+---------+--------------+
|      49 | 2023-11-07 13:35:00-05:00 | 18.0099 | 18.02   | 17.98   | 17.98   |      1.1981e+06  |              0 |                1 |            0 |           1 |       2 |            0 |
+---------+---------------------------+---------+---------+---------+---------+------------------+----------------+------------------+--------------+-------------+---------+--------------+
|      50 | 2023-11-07 13:40:00-05:00 | 17.985  | 18.0365 | 17.9842 | 18.0199 | 874675           |              0 |                1 |            0 |           1 |       2 |            0 |
+---------+---------------------------+---------+---------+---------+---------+------------------+----------------+------------------+--------------+-------------+---------+--------------+
|      51 | 2023-11-07 13:45:00-05:00 | 18.02   | 18.02   | 17.98   | 17.98   | 898864           |              0 |                1 |            0 |           1 |       2 |            0 |
+---------+---------------------------+---------+---------+---------+---------+------------------+----------------+------------------+--------------+-------------+---------+--------------+
|      52 | 2023-11-07 13:50:00-05:00 | 17.9806 | 18.01   | 17.97   | 18.005  |      1.62698e+06 |              0 |                1 |            0 |           1 |       2 |            0 |
+---------+---------------------------+---------+---------+---------+---------+------------------+----------------+------------------+--------------+-------------+---------+--------------+
|      53 | 2023-11-07 13:55:00-05:00 | 18      | 18.03   | 17.9805 | 17.995  |      1.62651e+06 |              0 |                1 |            0 |           1 |       2 |            0 |
+---------+---------------------------+---------+---------+---------+---------+------------------+----------------+------------------+--------------+-------------+---------+--------------+
|      54 | 2023-11-07 14:00:00-05:00 | 17.9964 | 18      | 17.96   | 17.975  |      1.21044e+06 |              0 |                1 |            0 |           1 |       2 |            0 |
+---------+---------------------------+---------+---------+---------+---------+------------------+----------------+------------------+--------------+-------------+---------+--------------+
|      55 | 2023-11-07 14:05:00-05:00 | 17.98   | 18.02   | 17.97   | 17.993  | 837925           |              1 |                1 |            0 |           1 |       3 |            1 |
+---------+---------------------------+---------+---------+---------+---------+------------------+----------------+------------------+--------------+-------------+---------+--------------+
|      56 | 2023-11-07 14:10:00-05:00 | 17.995  | 18.01   | 17.97   | 18      | 498430           |              1 |                1 |            1 |           1 |       4 |            1 |
+---------+---------------------------+---------+---------+---------+---------+------------------+----------------+------------------+--------------+-------------+---------+--------------+
|      57 | 2023-11-07 14:15:00-05:00 | 17.9914 | 18.01   | 17.97   | 17.985  | 734025           |              1 |                1 |            1 |           1 |       4 |            0 |
+---------+---------------------------+---------+---------+---------+---------+------------------+----------------+------------------+--------------+-------------+---------+--------------+
|      58 | 2023-11-07 14:20:00-05:00 | 17.984  | 18      | 17.97   | 17.975  | 535642           |              1 |                1 |            1 |           0 |       3 |           -1 |
+---------+---------------------------+---------+---------+---------+---------+------------------+----------------+------------------+--------------+-------------+---------+--------------+
|      59 | 2023-11-07 14:25:00-05:00 | 17.9742 | 18.01   | 17.974  | 17.9801 | 601169           |              1 |                1 |            1 |           0 |       3 |            0 |
+---------+---------------------------+---------+---------+---------+---------+------------------+----------------+------------------+--------------+-------------+---------+--------------+
|      60 | 2023-11-07 14:30:00-05:00 | 17.9895 | 17.9895 | 17.96   | 17.96   | 775212           |              1 |                1 |            1 |           0 |       3 |            0 |
+---------+---------------------------+---------+---------+---------+---------+------------------+----------------+------------------+--------------+-------------+---------+--------------+
|      61 | 2023-11-07 14:35:00-05:00 | 17.9689 | 18      | 17.95   | 17.9901 |      1.20593e+06 |              1 |                1 |            1 |           0 |       3 |            0 |
+---------+---------------------------+---------+---------+---------+---------+------------------+----------------+------------------+--------------+-------------+---------+--------------+
|      62 | 2023-11-07 14:40:00-05:00 | 17.9958 | 18.0697 | 17.99   | 18.0405 |      1.39928e+06 |              1 |                1 |            1 |           0 |       3 |            0 |
+---------+---------------------------+---------+---------+---------+---------+------------------+----------------+------------------+--------------+-------------+---------+--------------+
|      63 | 2023-11-07 14:45:00-05:00 | 18.049  | 18.06   | 18      | 18.0475 |      1.33568e+06 |              1 |                1 |            1 |           0 |       3 |            0 |
+---------+---------------------------+---------+---------+---------+---------+------------------+----------------+------------------+--------------+-------------+---------+--------------+
|      64 | 2023-11-07 14:50:00-05:00 | 18.045  | 18.07   | 18.03   | 18.055  |      1.19771e+06 |              1 |                1 |            1 |           0 |       3 |            0 |
+---------+---------------------------+---------+---------+---------+---------+------------------+----------------+------------------+--------------+-------------+---------+--------------+
|      65 | 2023-11-07 14:55:00-05:00 | 18.06   | 18.0699 | 18.03   | 18.0599 | 975281           |              1 |                1 |            1 |           0 |       3 |            0 |
+---------+---------------------------+---------+---------+---------+---------+------------------+----------------+------------------+--------------+-------------+---------+--------------+
|      66 | 2023-11-07 15:00:00-05:00 | 18.05   | 18.09   | 18.03   | 18.0897 |      1.00385e+06 |              1 |                1 |            1 |           1 |       4 |            1 |
+---------+---------------------------+---------+---------+---------+---------+------------------+----------------+------------------+--------------+-------------+---------+--------------+
|      67 | 2023-11-07 15:05:00-05:00 | 18.085  | 18.11   | 18.07   | 18.0805 |      1.50073e+06 |              1 |                1 |            1 |           1 |       4 |            0 |
+---------+---------------------------+---------+---------+---------+---------+------------------+----------------+------------------+--------------+-------------+---------+--------------+
|      68 | 2023-11-07 15:10:00-05:00 | 18.0841 | 18.1    | 18.04   | 18.05   |      1.08228e+06 |              1 |                1 |            1 |           1 |       4 |            0 |
+---------+---------------------------+---------+---------+---------+---------+------------------+----------------+------------------+--------------+-------------+---------+--------------+
|      69 | 2023-11-07 15:15:00-05:00 | 18.0401 | 18.08   | 18.0364 | 18.0497 | 844205           |              1 |                1 |            1 |           1 |       4 |            0 |
+---------+---------------------------+---------+---------+---------+---------+------------------+----------------+------------------+--------------+-------------+---------+--------------+
|      70 | 2023-11-07 15:20:00-05:00 | 18.05   | 18.08   | 18      | 18.0002 |      1.89655e+06 |              0 |                1 |            1 |           1 |       3 |           -1 |
+---------+---------------------------+---------+---------+---------+---------+------------------+----------------+------------------+--------------+-------------+---------+--------------+
|      71 | 2023-11-07 15:25:00-05:00 | 18.0099 | 18.02   | 18      | 18.0057 | 749332           |              0 |                1 |            1 |           1 |       3 |            0 |
+---------+---------------------------+---------+---------+---------+---------+------------------+----------------+------------------+--------------+-------------+---------+--------------+
|      72 | 2023-11-07 15:30:00-05:00 | 18.01   | 18.02   | 17.99   | 18.0001 | 741938           |              1 |                1 |            1 |           0 |       3 |            0 |
+---------+---------------------------+---------+---------+---------+---------+------------------+----------------+------------------+--------------+-------------+---------+--------------+
|      73 | 2023-11-07 15:35:00-05:00 | 18.0001 | 18.01   | 17.97   | 17.9701 | 814394           |              0 |                1 |            0 |           0 |       1 |           -2 |
+---------+---------------------------+---------+---------+---------+---------+------------------+----------------+------------------+--------------+-------------+---------+--------------+
|      74 | 2023-11-07 15:40:00-05:00 | 17.9756 | 18      | 17.97   | 17.981  | 696982           |              1 |                1 |            0 |           0 |       2 |            1 |
+---------+---------------------------+---------+---------+---------+---------+------------------+----------------+------------------+--------------+-------------+---------+--------------+
|      75 | 2023-11-07 15:45:00-05:00 | 17.9801 | 18.03   | 17.97   | 18.015  | 938574           |              1 |                1 |            0 |           0 |       2 |            0 |
+---------+---------------------------+---------+---------+---------+---------+------------------+----------------+------------------+--------------+-------------+---------+--------------+
|      76 | 2023-11-07 15:50:00-05:00 | 18.02   | 18.13   | 18.02   | 18.1244 |      2.64852e+06 |              1 |                1 |            1 |           1 |       4 |            2 |
+---------+---------------------------+---------+---------+---------+---------+------------------+----------------+------------------+--------------+-------------+---------+--------------+
|      77 | 2023-11-07 15:55:00-05:00 | 18.13   | 18.17   | 18.08   | 18.09   |      4.1714e+06  |              1 |                1 |            1 |           1 |       4 |            0 |
+---------+---------------------------+---------+---------+---------+---------+------------------+----------------+------------------+--------------+-------------+---------+--------------+
|      78 | 2023-11-08 09:30:00-05:00 | 18.04   | 18.0899 | 17.96   | 17.965  |      6.57806e+06 |              0 |                1 |            1 |           1 |       3 |           -1 |
+---------+---------------------------+---------+---------+---------+---------+------------------+----------------+------------------+--------------+-------------+---------+--------------+
|      79 | 2023-11-08 09:35:00-05:00 | 17.96   | 18.05   | 17.94   | 17.9698 |      2.33221e+06 |              0 |                1 |            0 |           0 |       1 |           -2 |
+---------+---------------------------+---------+---------+---------+---------+------------------+----------------+------------------+--------------+-------------+---------+--------------+
|      80 | 2023-11-08 09:40:00-05:00 | 17.97   | 18.0695 | 17.97   | 18.0483 |      1.91695e+06 |              0 |                1 |            1 |           0 |       2 |            1 |
+---------+---------------------------+---------+---------+---------+---------+------------------+----------------+------------------+--------------+-------------+---------+--------------+
|      81 | 2023-11-08 09:45:00-05:00 | 18.05   | 18.06   | 17.9815 | 18.02   |      1.90668e+06 |              0 |                1 |            1 |           0 |       2 |            0 |
+---------+---------------------------+---------+---------+---------+---------+------------------+----------------+------------------+--------------+-------------+---------+--------------+
|      82 | 2023-11-08 09:50:00-05:00 | 18.015  | 18.02   | 17.95   | 17.965  |      1.63662e+06 |              0 |                1 |            0 |           0 |       1 |           -1 |
+---------+---------------------------+---------+---------+---------+---------+------------------+----------------+------------------+--------------+-------------+---------+--------------+
|      83 | 2023-11-08 09:55:00-05:00 | 17.9667 | 18.06   | 17.94   | 18.04   |      2.08388e+06 |              1 |                1 |            1 |           0 |       3 |            2 |
+---------+---------------------------+---------+---------+---------+---------+------------------+----------------+------------------+--------------+-------------+---------+--------------+
|      84 | 2023-11-08 10:00:00-05:00 | 18.035  | 18.18   | 18.02   | 18.155  |      3.39597e+06 |              1 |                1 |            1 |           0 |       3 |            0 |
+---------+---------------------------+---------+---------+---------+---------+------------------+----------------+------------------+--------------+-------------+---------+--------------+
|      85 | 2023-11-08 10:05:00-05:00 | 18.1597 | 18.18   | 18.07   | 18.0729 |      2.27325e+06 |              1 |                1 |            1 |           0 |       3 |            0 |
+---------+---------------------------+---------+---------+---------+---------+------------------+----------------+------------------+--------------+-------------+---------+--------------+
|      86 | 2023-11-08 10:10:00-05:00 | 18.0799 | 18.13   | 18.05   | 18.1199 |      2.02803e+06 |              1 |                1 |            1 |           0 |       3 |            0 |
+---------+---------------------------+---------+---------+---------+---------+------------------+----------------+------------------+--------------+-------------+---------+--------------+
|      87 | 2023-11-08 10:15:00-05:00 | 18.12   | 18.16   | 18.11   | 18.1144 |      1.53544e+06 |              1 |                1 |            1 |           0 |       3 |            0 |
+---------+---------------------------+---------+---------+---------+---------+------------------+----------------+------------------+--------------+-------------+---------+--------------+
|      88 | 2023-11-08 10:20:00-05:00 | 18.1146 | 18.22   | 18.1146 | 18.16   |      3.72768e+06 |              1 |                1 |            1 |           0 |       3 |            0 |
+---------+---------------------------+---------+---------+---------+---------+------------------+----------------+------------------+--------------+-------------+---------+--------------+
|      89 | 2023-11-08 10:25:00-05:00 | 18.1597 | 18.2057 | 18.14   | 18.1799 |      2.16326e+06 |              1 |                1 |            1 |           0 |       3 |            0 |
+---------+---------------------------+---------+---------+---------+---------+------------------+----------------+------------------+--------------+-------------+---------+--------------+
|      90 | 2023-11-08 10:30:00-05:00 | 18.18   | 18.2    | 18.14   | 18.165  |      1.85577e+06 |              0 |                1 |            1 |           0 |       2 |           -1 |
+---------+---------------------------+---------+---------+---------+---------+------------------+----------------+------------------+--------------+-------------+---------+--------------+
|      91 | 2023-11-08 10:35:00-05:00 | 18.165  | 18.22   | 18.14   | 18.2054 |      1.76978e+06 |              1 |                0 |            1 |           0 |       2 |            0 |
+---------+---------------------------+---------+---------+---------+---------+------------------+----------------+------------------+--------------+-------------+---------+--------------+
|      92 | 2023-11-08 10:40:00-05:00 | 18.2029 | 18.23   | 18.15   | 18.155  |      3.09091e+06 |              1 |                0 |            1 |           0 |       2 |            0 |
+---------+---------------------------+---------+---------+---------+---------+------------------+----------------+------------------+--------------+-------------+---------+--------------+
|      93 | 2023-11-08 10:45:00-05:00 | 18.16   | 18.1899 | 18.14   | 18.1443 |      1.55329e+06 |              1 |                0 |            1 |           0 |       2 |            0 |
+---------+---------------------------+---------+---------+---------+---------+------------------+----------------+------------------+--------------+-------------+---------+--------------+
|      94 | 2023-11-08 10:50:00-05:00 | 18.15   | 18.22   | 18.14   | 18.2    |      1.42634e+06 |              1 |                0 |            1 |           0 |       2 |            0 |
+---------+---------------------------+---------+---------+---------+---------+------------------+----------------+------------------+--------------+-------------+---------+--------------+
|      95 | 2023-11-08 10:55:00-05:00 | 18.2    | 18.22   | 18.15   | 18.205  |      1.56161e+06 |              1 |                0 |            1 |           1 |       3 |            1 |
+---------+---------------------------+---------+---------+---------+---------+------------------+----------------+------------------+--------------+-------------+---------+--------------+
|      96 | 2023-11-08 11:00:00-05:00 | 18.2    | 18.21   | 18.15   | 18.1698 |      1.8636e+06  |              1 |                0 |            1 |           0 |       2 |           -1 |
+---------+---------------------------+---------+---------+---------+---------+------------------+----------------+------------------+--------------+-------------+---------+--------------+
|      97 | 2023-11-08 11:05:00-05:00 | 18.1646 | 18.2256 | 18.15   | 18.2109 |      1.30987e+06 |              1 |                0 |            1 |           1 |       3 |            1 |
+---------+---------------------------+---------+---------+---------+---------+------------------+----------------+------------------+--------------+-------------+---------+--------------+
|      98 | 2023-11-08 11:10:00-05:00 | 18.2195 | 18.2199 | 18.15   | 18.16   |      1.26456e+06 |              0 |                0 |            1 |           1 |       2 |           -1 |
+---------+---------------------------+---------+---------+---------+---------+------------------+----------------+------------------+--------------+-------------+---------+--------------+
|      99 | 2023-11-08 11:15:00-05:00 | 18.1501 | 18.1699 | 18.11   | 18.1344 |      2.37744e+06 |              0 |                0 |            0 |           0 |       0 |           -2 |
+---------+---------------------------+---------+---------+---------+---------+------------------+----------------+------------------+--------------+-------------+---------+--------------+
|     100 | 2023-11-08 11:20:00-05:00 | 18.1399 | 18.245  | 18.1244 | 18.217  |      1.49852e+06 |              1 |                0 |            1 |           1 |       3 |            3 |
+---------+---------------------------+---------+---------+---------+---------+------------------+----------------+------------------+--------------+-------------+---------+--------------+
|     101 | 2023-11-08 11:25:00-05:00 | 18.2102 | 18.2295 | 18.17   | 18.19   |      1.15648e+06 |              0 |                0 |            0 |           1 |       1 |           -2 |
+---------+---------------------------+---------+---------+---------+---------+------------------+----------------+------------------+--------------+-------------+---------+--------------+
|     102 | 2023-11-08 11:30:00-05:00 | 18.1947 | 18.21   | 18.14   | 18.18   |      3.08471e+06 |              0 |                0 |            0 |           1 |       1 |            0 |
+---------+---------------------------+---------+---------+---------+---------+------------------+----------------+------------------+--------------+-------------+---------+--------------+
|     103 | 2023-11-08 11:35:00-05:00 | 18.175  | 18.19   | 18.13   | 18.175  |      1.16658e+06 |              0 |                0 |            0 |           1 |       1 |            0 |
+---------+---------------------------+---------+---------+---------+---------+------------------+----------------+------------------+--------------+-------------+---------+--------------+
|     104 | 2023-11-08 11:40:00-05:00 | 18.1741 | 18.19   | 18.13   | 18.139  |      1.27557e+06 |              0 |                0 |            0 |           0 |       0 |           -1 |
+---------+---------------------------+---------+---------+---------+---------+------------------+----------------+------------------+--------------+-------------+---------+--------------+
|     105 | 2023-11-08 11:45:00-05:00 | 18.135  | 18.17   | 18.11   | 18.155  |      1.07574e+06 |              0 |                0 |            0 |           0 |       0 |            0 |
+---------+---------------------------+---------+---------+---------+---------+------------------+----------------+------------------+--------------+-------------+---------+--------------+
|     106 | 2023-11-08 11:50:00-05:00 | 18.155  | 18.2    | 18.15   | 18.1598 |      2.06639e+06 |              0 |                1 |            0 |           0 |       1 |            1 |
+---------+---------------------------+---------+---------+---------+---------+------------------+----------------+------------------+--------------+-------------+---------+--------------+
|     107 | 2023-11-08 11:55:00-05:00 | 18.159  | 18.23   | 18.15   | 18.2252 | 981490           |              1 |                0 |            0 |           0 |       1 |            0 |
+---------+---------------------------+---------+---------+---------+---------+------------------+----------------+------------------+--------------+-------------+---------+--------------+
|     108 | 2023-11-08 12:00:00-05:00 | 18.22   | 18.29   | 18.21   | 18.27   |      2.37267e+06 |              1 |                0 |            1 |           0 |       2 |            1 |
+---------+---------------------------+---------+---------+---------+---------+------------------+----------------+------------------+--------------+-------------+---------+--------------+
|     109 | 2023-11-08 12:05:00-05:00 | 18.26   | 18.4    | 18.2561 | 18.3601 |      3.56067e+06 |              1 |                0 |            1 |           0 |       2 |            0 |
+---------+---------------------------+---------+---------+---------+---------+------------------+----------------+------------------+--------------+-------------+---------+--------------+
|     110 | 2023-11-08 12:10:00-05:00 | 18.36   | 18.3799 | 18.29   | 18.325  |      2.27423e+06 |              1 |                0 |            1 |           0 |       2 |            0 |
+---------+---------------------------+---------+---------+---------+---------+------------------+----------------+------------------+--------------+-------------+---------+--------------+
|     111 | 2023-11-08 12:15:00-05:00 | 18.3201 | 18.34   | 18.29   | 18.3    | 963551           |              1 |                0 |            1 |           1 |       3 |            1 |
+---------+---------------------------+---------+---------+---------+---------+------------------+----------------+------------------+--------------+-------------+---------+--------------+
|     112 | 2023-11-08 12:20:00-05:00 | 18.305  | 18.31   | 18.2703 | 18.2938 |      1.11267e+06 |              1 |                0 |            1 |           1 |       3 |            0 |
+---------+---------------------------+---------+---------+---------+---------+------------------+----------------+------------------+--------------+-------------+---------+--------------+
|     113 | 2023-11-08 12:25:00-05:00 | 18.3    | 18.32   | 18.28   | 18.305  | 838206           |              1 |                0 |            1 |           1 |       3 |            0 |
+---------+---------------------------+---------+---------+---------+---------+------------------+----------------+------------------+--------------+-------------+---------+--------------+
|     114 | 2023-11-08 12:30:00-05:00 | 18.3036 | 18.34   | 18.3    | 18.3056 |      1.10536e+06 |              1 |                0 |            1 |           1 |       3 |            0 |
+---------+---------------------------+---------+---------+---------+---------+------------------+----------------+------------------+--------------+-------------+---------+--------------+
|     115 | 2023-11-08 12:35:00-05:00 | 18.3046 | 18.329  | 18.23   | 18.2346 |      1.62281e+06 |              0 |                0 |            1 |           1 |       2 |           -1 |
+---------+---------------------------+---------+---------+---------+---------+------------------+----------------+------------------+--------------+-------------+---------+--------------+
|     116 | 2023-11-08 12:40:00-05:00 | 18.24   | 18.27   | 18.23   | 18.25   | 885952           |              0 |                0 |            0 |           1 |       1 |           -1 |
+---------+---------------------------+---------+---------+---------+---------+------------------+----------------+------------------+--------------+-------------+---------+--------------+
|     117 | 2023-11-08 12:45:00-05:00 | 18.245  | 18.27   | 18.23   | 18.245  | 708402           |              0 |                0 |            0 |           1 |       1 |            0 |
+---------+---------------------------+---------+---------+---------+---------+------------------+----------------+------------------+--------------+-------------+---------+--------------+
|     118 | 2023-11-08 12:50:00-05:00 | 18.25   | 18.27   | 18.24   | 18.25   | 569512           |              1 |                0 |            0 |           1 |       2 |            1 |
+---------+---------------------------+---------+---------+---------+---------+------------------+----------------+------------------+--------------+-------------+---------+--------------+
|     119 | 2023-11-08 12:55:00-05:00 | 18.2512 | 18.28   | 18.24   | 18.2442 | 824331           |              1 |                0 |            0 |           1 |       2 |            0 |
+---------+---------------------------+---------+---------+---------+---------+------------------+----------------+------------------+--------------+-------------+---------+--------------+
|     120 | 2023-11-08 13:00:00-05:00 | 18.25   | 18.2862 | 18.18   | 18.1942 |      2.22854e+06 |              0 |                0 |            0 |           1 |       1 |           -1 |
+---------+---------------------------+---------+---------+---------+---------+------------------+----------------+------------------+--------------+-------------+---------+--------------+
|     121 | 2023-11-08 13:05:00-05:00 | 18.1993 | 18.2    | 18.15   | 18.165  |      1.59527e+06 |              0 |                0 |            0 |           1 |       1 |            0 |
+---------+---------------------------+---------+---------+---------+---------+------------------+----------------+------------------+--------------+-------------+---------+--------------+
|     122 | 2023-11-08 13:10:00-05:00 | 18.1646 | 18.22   | 18.1601 | 18.21   |      1.06618e+06 |              0 |                0 |            0 |           1 |       1 |            0 |
+---------+---------------------------+---------+---------+---------+---------+------------------+----------------+------------------+--------------+-------------+---------+--------------+
|     123 | 2023-11-08 13:15:00-05:00 | 18.2046 | 18.24   | 18.19   | 18.2258 |      1.02705e+06 |              0 |                0 |            0 |           1 |       1 |            0 |
+---------+---------------------------+---------+---------+---------+---------+------------------+----------------+------------------+--------------+-------------+---------+--------------+
|     124 | 2023-11-08 13:20:00-05:00 | 18.2281 | 18.26   | 18.17   | 18.1836 |      1.4016e+06  |              0 |                0 |            0 |           1 |       1 |            0 |
+---------+---------------------------+---------+---------+---------+---------+------------------+----------------+------------------+--------------+-------------+---------+--------------+
|     125 | 2023-11-08 13:25:00-05:00 | 18.18   | 18.1999 | 18.15   | 18.1597 | 929088           |              0 |                0 |            0 |           1 |       1 |            0 |
+---------+---------------------------+---------+---------+---------+---------+------------------+----------------+------------------+--------------+-------------+---------+--------------+
|     126 | 2023-11-08 13:30:00-05:00 | 18.1542 | 18.165  | 18.14   | 18.14   | 975212           |              0 |                0 |            0 |           1 |       1 |            0 |
+---------+---------------------------+---------+---------+---------+---------+------------------+----------------+------------------+--------------+-------------+---------+--------------+
|     127 | 2023-11-08 13:35:00-05:00 | 18.15   | 18.1699 | 18.12   | 18.1404 |      1.0142e+06  |              0 |                1 |            0 |           1 |       2 |            1 |
+---------+---------------------------+---------+---------+---------+---------+------------------+----------------+------------------+--------------+-------------+---------+--------------+
|     128 | 2023-11-08 13:40:00-05:00 | 18.145  | 18.15   | 18.12   | 18.129  | 552116           |              0 |                1 |            0 |           1 |       2 |            0 |
+---------+---------------------------+---------+---------+---------+---------+------------------+----------------+------------------+--------------+-------------+---------+--------------+
|     129 | 2023-11-08 13:45:00-05:00 | 18.129  | 18.15   | 18.11   | 18.1362 | 846654           |              0 |                1 |            0 |           1 |       2 |            0 |
+---------+---------------------------+---------+---------+---------+---------+------------------+----------------+------------------+--------------+-------------+---------+--------------+
|     130 | 2023-11-08 13:50:00-05:00 | 18.13   | 18.16   | 18.1241 | 18.135  | 746728           |              0 |                1 |            0 |           1 |       2 |            0 |
+---------+---------------------------+---------+---------+---------+---------+------------------+----------------+------------------+--------------+-------------+---------+--------------+
|     131 | 2023-11-08 13:55:00-05:00 | 18.1391 | 18.16   | 18.13   | 18.145  | 500378           |              0 |                1 |            0 |           1 |       2 |            0 |
+---------+---------------------------+---------+---------+---------+---------+------------------+----------------+------------------+--------------+-------------+---------+--------------+
|     132 | 2023-11-08 14:00:00-05:00 | 18.145  | 18.17   | 18.09   | 18.1046 |      1.32351e+06 |              0 |                1 |            0 |           1 |       2 |            0 |
+---------+---------------------------+---------+---------+---------+---------+------------------+----------------+------------------+--------------+-------------+---------+--------------+
|     133 | 2023-11-08 14:05:00-05:00 | 18.1099 | 18.1099 | 18.06   | 18.0757 | 944181           |              0 |                1 |            0 |           1 |       2 |            0 |
+---------+---------------------------+---------+---------+---------+---------+------------------+----------------+------------------+--------------+-------------+---------+--------------+
|     134 | 2023-11-08 14:10:00-05:00 | 18.075  | 18.1    | 18.07   | 18.095  | 572825           |              1 |                1 |            0 |           1 |       3 |            1 |
+---------+---------------------------+---------+---------+---------+---------+------------------+----------------+------------------+--------------+-------------+---------+--------------+
|     135 | 2023-11-08 14:15:00-05:00 | 18.0954 | 18.0999 | 18.06   | 18.0897 | 553808           |              1 |                1 |            0 |           1 |       3 |            0 |
+---------+---------------------------+---------+---------+---------+---------+------------------+----------------+------------------+--------------+-------------+---------+--------------+
|     136 | 2023-11-08 14:20:00-05:00 | 18.09   | 18.09   | 18.06   | 18.0777 | 457176           |              0 |                1 |            0 |           1 |       2 |           -1 |
+---------+---------------------------+---------+---------+---------+---------+------------------+----------------+------------------+--------------+-------------+---------+--------------+
|     137 | 2023-11-08 14:25:00-05:00 | 18.0742 | 18.09   | 18.06   | 18.07   | 377086           |              0 |                1 |            0 |           1 |       2 |            0 |
+---------+---------------------------+---------+---------+---------+---------+------------------+----------------+------------------+--------------+-------------+---------+--------------+
|     138 | 2023-11-08 14:30:00-05:00 | 18.0659 | 18.12   | 18.04   | 18.1099 |      1.44106e+06 |              1 |                1 |            0 |           1 |       3 |            1 |
+---------+---------------------------+---------+---------+---------+---------+------------------+----------------+------------------+--------------+-------------+---------+--------------+
|     139 | 2023-11-08 14:35:00-05:00 | 18.1099 | 18.13   | 18.07   | 18.075  |      1.37666e+06 |              1 |                1 |            0 |           0 |       2 |           -1 |
+---------+---------------------------+---------+---------+---------+---------+------------------+----------------+------------------+--------------+-------------+---------+--------------+
|     140 | 2023-11-08 14:40:00-05:00 | 18.0795 | 18.11   | 18.06   | 18.075  | 846221           |              1 |                1 |            0 |           0 |       2 |            0 |
+---------+---------------------------+---------+---------+---------+---------+------------------+----------------+------------------+--------------+-------------+---------+--------------+
|     141 | 2023-11-08 14:45:00-05:00 | 18.08   | 18.1    | 18.07   | 18.0952 | 617036           |              1 |                1 |            0 |           0 |       2 |            0 |
+---------+---------------------------+---------+---------+---------+---------+------------------+----------------+------------------+--------------+-------------+---------+--------------+
|     142 | 2023-11-08 14:50:00-05:00 | 18.1    | 18.13   | 18.1    | 18.105  |      1.2151e+06  |              1 |                1 |            1 |           0 |       3 |            1 |
+---------+---------------------------+---------+---------+---------+---------+------------------+----------------+------------------+--------------+-------------+---------+--------------+
|     143 | 2023-11-08 14:55:00-05:00 | 18.1039 | 18.1799 | 18.1    | 18.16   |      1.2374e+06  |              1 |                1 |            1 |           0 |       3 |            0 |
+---------+---------------------------+---------+---------+---------+---------+------------------+----------------+------------------+--------------+-------------+---------+--------------+
|     144 | 2023-11-08 15:00:00-05:00 | 18.16   | 18.1699 | 18.13   | 18.135  |      1.18797e+06 |              1 |                1 |            1 |           0 |       3 |            0 |
+---------+---------------------------+---------+---------+---------+---------+------------------+----------------+------------------+--------------+-------------+---------+--------------+
|     145 | 2023-11-08 15:05:00-05:00 | 18.13   | 18.15   | 18.12   | 18.1443 | 610956           |              1 |                1 |            1 |           1 |       4 |            1 |
+---------+---------------------------+---------+---------+---------+---------+------------------+----------------+------------------+--------------+-------------+---------+--------------+
|     146 | 2023-11-08 15:10:00-05:00 | 18.145  | 18.1699 | 18.12   | 18.1255 | 698970           |              1 |                1 |            1 |           1 |       4 |            0 |
+---------+---------------------------+---------+---------+---------+---------+------------------+----------------+------------------+--------------+-------------+---------+--------------+
|     147 | 2023-11-08 15:15:00-05:00 | 18.1253 | 18.15   | 18.11   | 18.135  | 608155           |              1 |                1 |            1 |           1 |       4 |            0 |
+---------+---------------------------+---------+---------+---------+---------+------------------+----------------+------------------+--------------+-------------+---------+--------------+
|     148 | 2023-11-08 15:20:00-05:00 | 18.13   | 18.14   | 18.1    | 18.115  | 689446           |              1 |                1 |            1 |           1 |       4 |            0 |
+---------+---------------------------+---------+---------+---------+---------+------------------+----------------+------------------+--------------+-------------+---------+--------------+
|     149 | 2023-11-08 15:25:00-05:00 | 18.1144 | 18.13   | 18.09   | 18.1096 | 741759           |              1 |                1 |            1 |           1 |       4 |            0 |
+---------+---------------------------+---------+---------+---------+---------+------------------+----------------+------------------+--------------+-------------+---------+--------------+
|     150 | 2023-11-08 15:30:00-05:00 | 18.1099 | 18.1454 | 18.1001 | 18.1454 | 864063           |              1 |                1 |            1 |           0 |       3 |           -1 |
+---------+---------------------------+---------+---------+---------+---------+------------------+----------------+------------------+--------------+-------------+---------+--------------+
|     151 | 2023-11-08 15:35:00-05:00 | 18.1435 | 18.15   | 18.1    | 18.1001 | 486561           |              1 |                1 |            1 |           0 |       3 |            0 |
+---------+---------------------------+---------+---------+---------+---------+------------------+----------------+------------------+--------------+-------------+---------+--------------+
|     152 | 2023-11-08 15:40:00-05:00 | 18.1002 | 18.11   | 18.02   | 18.035  |      2.11574e+06 |              0 |                1 |            0 |           0 |       1 |           -2 |
+---------+---------------------------+---------+---------+---------+---------+------------------+----------------+------------------+--------------+-------------+---------+--------------+
|     153 | 2023-11-08 15:45:00-05:00 | 18.04   | 18.07   | 18.02   | 18.0613 |      1.68667e+06 |              0 |                1 |            0 |           0 |       1 |            0 |
+---------+---------------------------+---------+---------+---------+---------+------------------+----------------+------------------+--------------+-------------+---------+--------------+
|     154 | 2023-11-08 15:50:00-05:00 | 18.06   | 18.07   | 18.02   | 18.03   | 489708           |              0 |                1 |            0 |           0 |       1 |            0 |
+---------+---------------------------+---------+---------+---------+---------+------------------+----------------+------------------+--------------+-------------+---------+--------------+

  Buy Price  Buy Time                     Sell Price  Sell Time                     Profit    Trade Length
-----------  -------------------------  ------------  -------------------------  ---------  --------------
    18.1344  2023-11-08 11:15:00-05:00       18.217   2023-11-08 11:20:00-05:00  0.0825996               1
    18.139   2023-11-08 11:40:00-05:00       18.1598  2023-11-08 11:50:00-05:00  0.0207996               2
Total Profit: 0.10339927673339844 Median Trade Length: 1.5 Average Trade Length: 1.5
