Trading Output for sso for the last 300 days
+---------+---------------------------+---------+---------+---------+---------+------------------+----------------+------------------+--------------+-------------+---------+--------------+
|   Index | Timestamp                 |    Open |    High |     Low |   Close |           Volume |   RSIEMA Cross |   SMA/VWAP Cross |   MACD Cross |   KNN EMA X |   Total |   Total Diff |
+=========+===========================+=========+=========+=========+=========+==================+================+==================+==============+=============+=========+==============+
|       0 | 2023-11-06 09:30:00-05:00 | 54.9    | 55.07   | 54.9    | 54.97   | 178111           |              0 |                1 |            0 |           0 |       1 |            0 |
+---------+---------------------------+---------+---------+---------+---------+------------------+----------------+------------------+--------------+-------------+---------+--------------+
|       1 | 2023-11-06 09:35:00-05:00 | 54.97   | 55.015  | 54.9    | 54.98   | 114027           |              0 |                1 |            1 |           0 |       2 |            1 |
+---------+---------------------------+---------+---------+---------+---------+------------------+----------------+------------------+--------------+-------------+---------+--------------+
|       2 | 2023-11-06 09:40:00-05:00 | 54.99   | 54.99   | 54.82   | 54.88   |  90210           |              0 |                1 |            0 |           0 |       1 |           -1 |
+---------+---------------------------+---------+---------+---------+---------+------------------+----------------+------------------+--------------+-------------+---------+--------------+
|       3 | 2023-11-06 09:45:00-05:00 | 54.88   | 54.9    | 54.7895 | 54.84   | 147743           |              0 |                1 |            0 |           0 |       1 |            0 |
+---------+---------------------------+---------+---------+---------+---------+------------------+----------------+------------------+--------------+-------------+---------+--------------+
|       4 | 2023-11-06 09:50:00-05:00 | 54.84   | 54.88   | 54.8    | 54.85   |  30564           |              0 |                1 |            0 |           1 |       2 |            1 |
+---------+---------------------------+---------+---------+---------+---------+------------------+----------------+------------------+--------------+-------------+---------+--------------+
|       5 | 2023-11-06 09:55:00-05:00 | 54.86   | 54.92   | 54.84   | 54.9    |  38027           |              0 |                1 |            0 |           1 |       2 |            0 |
+---------+---------------------------+---------+---------+---------+---------+------------------+----------------+------------------+--------------+-------------+---------+--------------+
|       6 | 2023-11-06 10:00:00-05:00 | 54.91   | 54.939  | 54.81   | 54.83   |  71154           |              0 |                1 |            0 |           1 |       2 |            0 |
+---------+---------------------------+---------+---------+---------+---------+------------------+----------------+------------------+--------------+-------------+---------+--------------+
|       7 | 2023-11-06 10:05:00-05:00 | 54.84   | 54.87   | 54.8    | 54.86   |  25163           |              0 |                1 |            0 |           1 |       2 |            0 |
+---------+---------------------------+---------+---------+---------+---------+------------------+----------------+------------------+--------------+-------------+---------+--------------+
|       8 | 2023-11-06 10:10:00-05:00 | 54.845  | 54.845  | 54.72   | 54.72   |  23227           |              0 |                1 |            0 |           1 |       2 |            0 |
+---------+---------------------------+---------+---------+---------+---------+------------------+----------------+------------------+--------------+-------------+---------+--------------+
|       9 | 2023-11-06 10:15:00-05:00 | 54.735  | 54.85   | 54.73   | 54.83   |  22283           |              0 |                1 |            0 |           0 |       1 |           -1 |
+---------+---------------------------+---------+---------+---------+---------+------------------+----------------+------------------+--------------+-------------+---------+--------------+
|      10 | 2023-11-06 10:20:00-05:00 | 54.8592 | 54.93   | 54.815  | 54.83   |  62975           |              0 |                1 |            0 |           0 |       1 |            0 |
+---------+---------------------------+---------+---------+---------+---------+------------------+----------------+------------------+--------------+-------------+---------+--------------+
|      11 | 2023-11-06 10:25:00-05:00 | 54.84   | 54.855  | 54.805  | 54.84   |  20991           |              0 |                1 |            0 |           0 |       1 |            0 |
+---------+---------------------------+---------+---------+---------+---------+------------------+----------------+------------------+--------------+-------------+---------+--------------+
|      12 | 2023-11-06 10:30:00-05:00 | 54.85   | 54.87   | 54.8084 | 54.83   |  40419           |              0 |                1 |            0 |           0 |       1 |            0 |
+---------+---------------------------+---------+---------+---------+---------+------------------+----------------+------------------+--------------+-------------+---------+--------------+
|      13 | 2023-11-06 10:35:00-05:00 | 54.82   | 54.96   | 54.82   | 54.96   |  18267           |              0 |                1 |            1 |           0 |       2 |            1 |
+---------+---------------------------+---------+---------+---------+---------+------------------+----------------+------------------+--------------+-------------+---------+--------------+
|      14 | 2023-11-06 10:40:00-05:00 | 54.96   | 55      | 54.92   | 54.92   |  35679           |              1 |                1 |            1 |           1 |       4 |            2 |
+---------+---------------------------+---------+---------+---------+---------+------------------+----------------+------------------+--------------+-------------+---------+--------------+
|      15 | 2023-11-06 10:45:00-05:00 | 54.92   | 54.92   | 54.82   | 54.84   |  17862           |              1 |                1 |            1 |           0 |       3 |           -1 |
+---------+---------------------------+---------+---------+---------+---------+------------------+----------------+------------------+--------------+-------------+---------+--------------+
|      16 | 2023-11-06 10:50:00-05:00 | 54.83   | 54.9001 | 54.82   | 54.855  |  17610           |              1 |                1 |            1 |           0 |       3 |            0 |
+---------+---------------------------+---------+---------+---------+---------+------------------+----------------+------------------+--------------+-------------+---------+--------------+
|      17 | 2023-11-06 10:55:00-05:00 | 54.87   | 54.9001 | 54.86   | 54.89   |      0           |              1 |                0 |            1 |           0 |       2 |           -1 |
+---------+---------------------------+---------+---------+---------+---------+------------------+----------------+------------------+--------------+-------------+---------+--------------+
|      18 | 2023-11-06 11:00:00-05:00 | 54.89   | 54.92   | 54.87   | 54.92   | 987596           |              1 |                1 |            1 |           0 |       3 |            1 |
+---------+---------------------------+---------+---------+---------+---------+------------------+----------------+------------------+--------------+-------------+---------+--------------+
|      19 | 2023-11-06 11:05:00-05:00 | 54.9298 | 54.98   | 54.9298 | 54.98   |  26745           |              1 |                1 |            1 |           0 |       3 |            0 |
+---------+---------------------------+---------+---------+---------+---------+------------------+----------------+------------------+--------------+-------------+---------+--------------+
|      20 | 2023-11-06 11:10:00-05:00 | 54.96   | 54.96   | 54.89   | 54.92   |  11868           |              1 |                0 |            1 |           1 |       3 |            0 |
+---------+---------------------------+---------+---------+---------+---------+------------------+----------------+------------------+--------------+-------------+---------+--------------+
|      21 | 2023-11-06 11:15:00-05:00 | 54.9399 | 54.9519 | 54.92   | 54.9519 |   6954           |              1 |                0 |            1 |           1 |       3 |            0 |
+---------+---------------------------+---------+---------+---------+---------+------------------+----------------+------------------+--------------+-------------+---------+--------------+
|      22 | 2023-11-06 11:20:00-05:00 | 54.9599 | 54.96   | 54.8788 | 54.9    |  18729           |              1 |                0 |            1 |           1 |       3 |            0 |
+---------+---------------------------+---------+---------+---------+---------+------------------+----------------+------------------+--------------+-------------+---------+--------------+
|      23 | 2023-11-06 11:25:00-05:00 | 54.9    | 54.95   | 54.9    | 54.9    |   9715           |              1 |                0 |            1 |           1 |       3 |            0 |
+---------+---------------------------+---------+---------+---------+---------+------------------+----------------+------------------+--------------+-------------+---------+--------------+
|      24 | 2023-11-06 11:30:00-05:00 | 54.89   | 54.9    | 54.87   | 54.89   |   9254           |              1 |                0 |            1 |           1 |       3 |            0 |
+---------+---------------------------+---------+---------+---------+---------+------------------+----------------+------------------+--------------+-------------+---------+--------------+
|      25 | 2023-11-06 11:35:00-05:00 | 54.89   | 54.91   | 54.8499 | 54.86   |  12217           |              1 |                1 |            1 |           1 |       4 |            1 |
+---------+---------------------------+---------+---------+---------+---------+------------------+----------------+------------------+--------------+-------------+---------+--------------+
|      26 | 2023-11-06 11:40:00-05:00 | 54.8656 | 54.89   | 54.82   | 54.83   |  75886           |              1 |                1 |            0 |           1 |       3 |           -1 |
+---------+---------------------------+---------+---------+---------+---------+------------------+----------------+------------------+--------------+-------------+---------+--------------+
|      27 | 2023-11-06 11:45:00-05:00 | 54.83   | 54.85   | 54.8    | 54.81   |  19096           |              0 |                1 |            0 |           0 |       1 |           -2 |
+---------+---------------------------+---------+---------+---------+---------+------------------+----------------+------------------+--------------+-------------+---------+--------------+
|      28 | 2023-11-06 11:50:00-05:00 | 54.82   | 54.86   | 54.82   | 54.86   |  12934           |              0 |                1 |            0 |           0 |       1 |            0 |
+---------+---------------------------+---------+---------+---------+---------+------------------+----------------+------------------+--------------+-------------+---------+--------------+
|      29 | 2023-11-06 11:55:00-05:00 | 54.8601 | 54.9399 | 54.86   | 54.92   |   9536           |              1 |                1 |            0 |           1 |       3 |            2 |
+---------+---------------------------+---------+---------+---------+---------+------------------+----------------+------------------+--------------+-------------+---------+--------------+
|      30 | 2023-11-06 12:00:00-05:00 | 54.9289 | 54.94   | 54.865  | 54.885  |  20404           |              1 |                1 |            1 |           1 |       4 |            1 |
+---------+---------------------------+---------+---------+---------+---------+------------------+----------------+------------------+--------------+-------------+---------+--------------+
|      31 | 2023-11-06 12:05:00-05:00 | 54.88   | 54.89   | 54.86   | 54.88   |   6516           |              1 |                1 |            1 |           1 |       4 |            0 |
+---------+---------------------------+---------+---------+---------+---------+------------------+----------------+------------------+--------------+-------------+---------+--------------+
|      32 | 2023-11-06 12:10:00-05:00 | 54.87   | 54.87   | 54.82   | 54.8309 |  42811           |              0 |                1 |            0 |           1 |       2 |           -2 |
+---------+---------------------------+---------+---------+---------+---------+------------------+----------------+------------------+--------------+-------------+---------+--------------+
|      33 | 2023-11-06 12:15:00-05:00 | 54.83   | 54.8501 | 54.81   | 54.81   |  29857           |              0 |                1 |            0 |           1 |       2 |            0 |
+---------+---------------------------+---------+---------+---------+---------+------------------+----------------+------------------+--------------+-------------+---------+--------------+
|      34 | 2023-11-06 12:20:00-05:00 | 54.81   | 54.82   | 54.78   | 54.78   |  15131           |              0 |                1 |            0 |           1 |       2 |            0 |
+---------+---------------------------+---------+---------+---------+---------+------------------+----------------+------------------+--------------+-------------+---------+--------------+
|      35 | 2023-11-06 12:25:00-05:00 | 54.78   | 54.81   | 54.7699 | 54.785  |  17572           |              0 |                1 |            0 |           1 |       2 |            0 |
+---------+---------------------------+---------+---------+---------+---------+------------------+----------------+------------------+--------------+-------------+---------+--------------+
|      36 | 2023-11-06 12:30:00-05:00 | 54.79   | 54.82   | 54.79   | 54.8    |   8233           |              0 |                1 |            0 |           1 |       2 |            0 |
+---------+---------------------------+---------+---------+---------+---------+------------------+----------------+------------------+--------------+-------------+---------+--------------+
|      37 | 2023-11-06 12:35:00-05:00 | 54.7904 | 54.7904 | 54.75   | 54.77   |  23330           |              0 |                1 |            0 |           1 |       2 |            0 |
+---------+---------------------------+---------+---------+---------+---------+------------------+----------------+------------------+--------------+-------------+---------+--------------+
|      38 | 2023-11-06 12:40:00-05:00 | 54.77   | 54.79   | 54.74   | 54.74   |  11766           |              0 |                1 |            0 |           1 |       2 |            0 |
+---------+---------------------------+---------+---------+---------+---------+------------------+----------------+------------------+--------------+-------------+---------+--------------+
|      39 | 2023-11-06 12:45:00-05:00 | 54.74   | 54.75   | 54.7    | 54.7099 |  23238           |              0 |                1 |            0 |           1 |       2 |            0 |
+---------+---------------------------+---------+---------+---------+---------+------------------+----------------+------------------+--------------+-------------+---------+--------------+
|      40 | 2023-11-06 12:50:00-05:00 | 54.71   | 54.71   | 54.6598 | 54.71   |  50622           |              0 |                1 |            0 |           1 |       2 |            0 |
+---------+---------------------------+---------+---------+---------+---------+------------------+----------------+------------------+--------------+-------------+---------+--------------+
|      41 | 2023-11-06 12:55:00-05:00 | 54.72   | 54.78   | 54.72   | 54.7799 |  12988           |              1 |                1 |            0 |           1 |       3 |            1 |
+---------+---------------------------+---------+---------+---------+---------+------------------+----------------+------------------+--------------+-------------+---------+--------------+
|      42 | 2023-11-06 13:00:00-05:00 | 54.7799 | 54.7799 | 54.651  | 54.7    |  41679           |              0 |                1 |            0 |           1 |       2 |           -1 |
+---------+---------------------------+---------+---------+---------+---------+------------------+----------------+------------------+--------------+-------------+---------+--------------+
|      43 | 2023-11-06 13:05:00-05:00 | 54.7099 | 54.72   | 54.66   | 54.66   |  13299           |              0 |                1 |            0 |           1 |       2 |            0 |
+---------+---------------------------+---------+---------+---------+---------+------------------+----------------+------------------+--------------+-------------+---------+--------------+
|      44 | 2023-11-06 13:10:00-05:00 | 54.63   | 54.66   | 54.6    | 54.61   |  20964           |              0 |                1 |            0 |           1 |       2 |            0 |
+---------+---------------------------+---------+---------+---------+---------+------------------+----------------+------------------+--------------+-------------+---------+--------------+
|      45 | 2023-11-06 13:15:00-05:00 | 54.62   | 54.63   | 54.5103 | 54.536  |  58086           |              0 |                1 |            0 |           1 |       2 |            0 |
+---------+---------------------------+---------+---------+---------+---------+------------------+----------------+------------------+--------------+-------------+---------+--------------+
|      46 | 2023-11-06 13:20:00-05:00 | 54.5301 | 54.5871 | 54.45   | 54.5871 |  90307           |              0 |                1 |            0 |           1 |       2 |            0 |
+---------+---------------------------+---------+---------+---------+---------+------------------+----------------+------------------+--------------+-------------+---------+--------------+
|      47 | 2023-11-06 13:25:00-05:00 | 54.58   | 54.58   | 54.5401 | 54.58   |  28458           |              0 |                1 |            0 |           0 |       1 |           -1 |
+---------+---------------------------+---------+---------+---------+---------+------------------+----------------+------------------+--------------+-------------+---------+--------------+
|      48 | 2023-11-06 13:30:00-05:00 | 54.58   | 54.58   | 54.52   | 54.575  |   7488           |              0 |                1 |            0 |           0 |       1 |            0 |
+---------+---------------------------+---------+---------+---------+---------+------------------+----------------+------------------+--------------+-------------+---------+--------------+
|      49 | 2023-11-06 13:35:00-05:00 | 54.57   | 54.655  | 54.57   | 54.65   |  18627           |              1 |                1 |            0 |           1 |       3 |            2 |
+---------+---------------------------+---------+---------+---------+---------+------------------+----------------+------------------+--------------+-------------+---------+--------------+
|      50 | 2023-11-06 13:40:00-05:00 | 54.65   | 54.66   | 54.6198 | 54.63   |  14941           |              1 |                1 |            0 |           1 |       3 |            0 |
+---------+---------------------------+---------+---------+---------+---------+------------------+----------------+------------------+--------------+-------------+---------+--------------+
|      51 | 2023-11-06 13:45:00-05:00 | 54.63   | 54.635  | 54.57   | 54.5898 |  10060           |              1 |                1 |            0 |           1 |       3 |            0 |
+---------+---------------------------+---------+---------+---------+---------+------------------+----------------+------------------+--------------+-------------+---------+--------------+
|      52 | 2023-11-06 13:50:00-05:00 | 54.57   | 54.6    | 54.55   | 54.55   |  13627           |              1 |                1 |            0 |           1 |       3 |            0 |
+---------+---------------------------+---------+---------+---------+---------+------------------+----------------+------------------+--------------+-------------+---------+--------------+
|      53 | 2023-11-06 13:55:00-05:00 | 54.55   | 54.6181 | 54.5314 | 54.61   |  11847           |              1 |                1 |            0 |           1 |       3 |            0 |
+---------+---------------------------+---------+---------+---------+---------+------------------+----------------+------------------+--------------+-------------+---------+--------------+
|      54 | 2023-11-06 14:00:00-05:00 | 54.63   | 54.63   | 54.56   | 54.5955 |  16591           |              1 |                1 |            1 |           1 |       4 |            1 |
+---------+---------------------------+---------+---------+---------+---------+------------------+----------------+------------------+--------------+-------------+---------+--------------+
|      55 | 2023-11-06 14:05:00-05:00 | 54.59   | 54.59   | 54.49   | 54.49   |  56909           |              0 |                1 |            0 |           1 |       2 |           -2 |
+---------+---------------------------+---------+---------+---------+---------+------------------+----------------+------------------+--------------+-------------+---------+--------------+
|      56 | 2023-11-06 14:10:00-05:00 | 54.475  | 54.54   | 54.46   | 54.47   |  18090           |              0 |                1 |            0 |           0 |       1 |           -1 |
+---------+---------------------------+---------+---------+---------+---------+------------------+----------------+------------------+--------------+-------------+---------+--------------+
|      57 | 2023-11-06 14:15:00-05:00 | 54.46   | 54.57   | 54.46   | 54.55   |  27371           |              1 |                1 |            0 |           0 |       2 |            1 |
+---------+---------------------------+---------+---------+---------+---------+------------------+----------------+------------------+--------------+-------------+---------+--------------+
|      58 | 2023-11-06 14:20:00-05:00 | 54.57   | 54.58   | 54.53   | 54.55   |   5046           |              1 |                1 |            1 |           0 |       3 |            1 |
+---------+---------------------------+---------+---------+---------+---------+------------------+----------------+------------------+--------------+-------------+---------+--------------+
|      59 | 2023-11-06 14:25:00-05:00 | 54.54   | 54.605  | 54.54   | 54.605  |   6802           |              1 |                1 |            1 |           0 |       3 |            0 |
+---------+---------------------------+---------+---------+---------+---------+------------------+----------------+------------------+--------------+-------------+---------+--------------+
|      60 | 2023-11-06 14:30:00-05:00 | 54.6    | 54.665  | 54.58   | 54.665  |  14755           |              1 |                1 |            1 |           0 |       3 |            0 |
+---------+---------------------------+---------+---------+---------+---------+------------------+----------------+------------------+--------------+-------------+---------+--------------+
|      61 | 2023-11-06 14:35:00-05:00 | 54.66   | 54.685  | 54.635  | 54.66   |  43204           |              1 |                1 |            1 |           0 |       3 |            0 |
+---------+---------------------------+---------+---------+---------+---------+------------------+----------------+------------------+--------------+-------------+---------+--------------+
|      62 | 2023-11-06 14:40:00-05:00 | 54.6699 | 54.79   | 54.6441 | 54.77   | 143270           |              1 |                1 |            1 |           0 |       3 |            0 |
+---------+---------------------------+---------+---------+---------+---------+------------------+----------------+------------------+--------------+-------------+---------+--------------+
|      63 | 2023-11-06 14:45:00-05:00 | 54.76   | 54.78   | 54.73   | 54.73   |  40659           |              1 |                1 |            1 |           0 |       3 |            0 |
+---------+---------------------------+---------+---------+---------+---------+------------------+----------------+------------------+--------------+-------------+---------+--------------+
|      64 | 2023-11-06 14:50:00-05:00 | 54.73   | 54.81   | 54.73   | 54.8    |  12808           |              1 |                1 |            1 |           0 |       3 |            0 |
+---------+---------------------------+---------+---------+---------+---------+------------------+----------------+------------------+--------------+-------------+---------+--------------+
|      65 | 2023-11-06 14:55:00-05:00 | 54.8139 | 54.826  | 54.7816 | 54.79   |  17499           |              1 |                1 |            1 |           0 |       3 |            0 |
+---------+---------------------------+---------+---------+---------+---------+------------------+----------------+------------------+--------------+-------------+---------+--------------+
|      66 | 2023-11-06 15:00:00-05:00 | 54.805  | 54.8191 | 54.78   | 54.8078 |  15186           |              1 |                1 |            1 |           0 |       3 |            0 |
+---------+---------------------------+---------+---------+---------+---------+------------------+----------------+------------------+--------------+-------------+---------+--------------+
|      67 | 2023-11-06 15:05:00-05:00 | 54.8    | 54.8074 | 54.75   | 54.775  |  26217           |              1 |                1 |            1 |           0 |       3 |            0 |
+---------+---------------------------+---------+---------+---------+---------+------------------+----------------+------------------+--------------+-------------+---------+--------------+
|      68 | 2023-11-06 15:10:00-05:00 | 54.82   | 54.845  | 54.7806 | 54.785  |  29135           |              1 |                1 |            1 |           0 |       3 |            0 |
+---------+---------------------------+---------+---------+---------+---------+------------------+----------------+------------------+--------------+-------------+---------+--------------+
|      69 | 2023-11-06 15:15:00-05:00 | 54.78   | 54.81   | 54.78   | 54.8003 |   8712           |              1 |                1 |            1 |           0 |       3 |            0 |
+---------+---------------------------+---------+---------+---------+---------+------------------+----------------+------------------+--------------+-------------+---------+--------------+
|      70 | 2023-11-06 15:20:00-05:00 | 54.8    | 54.8071 | 54.755  | 54.79   |  29967           |              1 |                1 |            1 |           1 |       4 |            1 |
+---------+---------------------------+---------+---------+---------+---------+------------------+----------------+------------------+--------------+-------------+---------+--------------+
|      71 | 2023-11-06 15:25:00-05:00 | 54.785  | 54.795  | 54.74   | 54.7899 |  22331           |              1 |                1 |            1 |           1 |       4 |            0 |
+---------+---------------------------+---------+---------+---------+---------+------------------+----------------+------------------+--------------+-------------+---------+--------------+
|      72 | 2023-11-06 15:30:00-05:00 | 54.79   | 54.8201 | 54.77   | 54.81   |  15554           |              1 |                1 |            1 |           1 |       4 |            0 |
+---------+---------------------------+---------+---------+---------+---------+------------------+----------------+------------------+--------------+-------------+---------+--------------+
|      73 | 2023-11-06 15:35:00-05:00 | 54.81   | 54.81   | 54.745  | 54.7701 |  20970           |              1 |                1 |            1 |           0 |       3 |           -1 |
+---------+---------------------------+---------+---------+---------+---------+------------------+----------------+------------------+--------------+-------------+---------+--------------+
|      74 | 2023-11-06 15:40:00-05:00 | 54.7601 | 54.79   | 54.71   | 54.75   |  27145           |              0 |                1 |            1 |           0 |       2 |           -1 |
+---------+---------------------------+---------+---------+---------+---------+------------------+----------------+------------------+--------------+-------------+---------+--------------+
|      75 | 2023-11-06 15:45:00-05:00 | 54.74   | 54.77   | 54.73   | 54.77   |  29505           |              0 |                1 |            1 |           0 |       2 |            0 |
+---------+---------------------------+---------+---------+---------+---------+------------------+----------------+------------------+--------------+-------------+---------+--------------+
|      76 | 2023-11-06 15:50:00-05:00 | 54.76   | 54.805  | 54.74   | 54.7901 | 178637           |              0 |                1 |            1 |           0 |       2 |            0 |
+---------+---------------------------+---------+---------+---------+---------+------------------+----------------+------------------+--------------+-------------+---------+--------------+
|      77 | 2023-11-06 15:55:00-05:00 | 54.79   | 54.96   | 54.79   | 54.95   | 118089           |              1 |                1 |            1 |           1 |       4 |            2 |
+---------+---------------------------+---------+---------+---------+---------+------------------+----------------+------------------+--------------+-------------+---------+--------------+
|      78 | 2023-11-07 09:30:00-05:00 | 54.94   | 54.97   | 54.73   | 54.75   | 240280           |              0 |                1 |            1 |           1 |       3 |           -1 |
+---------+---------------------------+---------+---------+---------+---------+------------------+----------------+------------------+--------------+-------------+---------+--------------+
|      79 | 2023-11-07 09:35:00-05:00 | 54.74   | 54.76   | 54.68   | 54.69   |  22178           |              0 |                1 |            0 |           0 |       1 |           -2 |
+---------+---------------------------+---------+---------+---------+---------+------------------+----------------+------------------+--------------+-------------+---------+--------------+
|      80 | 2023-11-07 09:40:00-05:00 | 54.7    | 54.81   | 54.67   | 54.8    | 147535           |              0 |                1 |            0 |           0 |       1 |            0 |
+---------+---------------------------+---------+---------+---------+---------+------------------+----------------+------------------+--------------+-------------+---------+--------------+
|      81 | 2023-11-07 09:45:00-05:00 | 54.8    | 54.8    | 54.71   | 54.75   |  49691           |              0 |                1 |            0 |           0 |       1 |            0 |
+---------+---------------------------+---------+---------+---------+---------+------------------+----------------+------------------+--------------+-------------+---------+--------------+
|      82 | 2023-11-07 09:50:00-05:00 | 54.74   | 54.86   | 54.73   | 54.85   |  22539           |              0 |                1 |            0 |           0 |       1 |            0 |
+---------+---------------------------+---------+---------+---------+---------+------------------+----------------+------------------+--------------+-------------+---------+--------------+
|      83 | 2023-11-07 09:55:00-05:00 | 54.87   | 54.92   | 54.865  | 54.92   | 194663           |              1 |                1 |            1 |           0 |       3 |            2 |
+---------+---------------------------+---------+---------+---------+---------+------------------+----------------+------------------+--------------+-------------+---------+--------------+
|      84 | 2023-11-07 10:00:00-05:00 | 54.92   | 55.0369 | 54.92   | 55.0099 |  47437           |              1 |                0 |            1 |           0 |       2 |           -1 |
+---------+---------------------------+---------+---------+---------+---------+------------------+----------------+------------------+--------------+-------------+---------+--------------+
|      85 | 2023-11-07 10:05:00-05:00 | 55      | 55.005  | 54.9    | 54.91   |  67893           |              0 |                0 |            1 |           0 |       1 |           -1 |
+---------+---------------------------+---------+---------+---------+---------+------------------+----------------+------------------+--------------+-------------+---------+--------------+
|      86 | 2023-11-07 10:10:00-05:00 | 54.88   | 54.99   | 54.88   | 54.96   |  61405           |              0 |                0 |            1 |           0 |       1 |            0 |
+---------+---------------------------+---------+---------+---------+---------+------------------+----------------+------------------+--------------+-------------+---------+--------------+
|      87 | 2023-11-07 10:15:00-05:00 | 54.951  | 54.99   | 54.8905 | 54.9834 |  18148           |              1 |                0 |            1 |           0 |       2 |            1 |
+---------+---------------------------+---------+---------+---------+---------+------------------+----------------+------------------+--------------+-------------+---------+--------------+
|      88 | 2023-11-07 10:20:00-05:00 | 54.98   | 55.0101 | 54.96   | 55.01   |  29435           |              1 |                0 |            1 |           0 |       2 |            0 |
+---------+---------------------------+---------+---------+---------+---------+------------------+----------------+------------------+--------------+-------------+---------+--------------+
|      89 | 2023-11-07 10:25:00-05:00 | 55.0165 | 55.16   | 55      | 55.14   |  61521           |              1 |                0 |            1 |           0 |       2 |            0 |
+---------+---------------------------+---------+---------+---------+---------+------------------+----------------+------------------+--------------+-------------+---------+--------------+
|      90 | 2023-11-07 10:30:00-05:00 | 55.14   | 55.2201 | 55.12   | 55.205  |  35030           |              1 |                0 |            1 |           0 |       2 |            0 |
+---------+---------------------------+---------+---------+---------+---------+------------------+----------------+------------------+--------------+-------------+---------+--------------+
|      91 | 2023-11-07 10:35:00-05:00 | 55.2024 | 55.255  | 55.19   | 55.24   |  33100           |              1 |                0 |            1 |           0 |       2 |            0 |
+---------+---------------------------+---------+---------+---------+---------+------------------+----------------+------------------+--------------+-------------+---------+--------------+
|      92 | 2023-11-07 10:40:00-05:00 | 55.25   | 55.27   | 55.2388 | 55.245  |  24471           |              1 |                0 |            1 |           0 |       2 |            0 |
+---------+---------------------------+---------+---------+---------+---------+------------------+----------------+------------------+--------------+-------------+---------+--------------+
|      93 | 2023-11-07 10:45:00-05:00 | 55.25   | 55.32   | 55.235  | 55.31   |  19231           |              1 |                0 |            1 |           0 |       2 |            0 |
+---------+---------------------------+---------+---------+---------+---------+------------------+----------------+------------------+--------------+-------------+---------+--------------+
|      94 | 2023-11-07 10:50:00-05:00 | 55.31   | 55.3661 | 55.305  | 55.3599 |  64705           |              1 |                0 |            1 |           0 |       2 |            0 |
+---------+---------------------------+---------+---------+---------+---------+------------------+----------------+------------------+--------------+-------------+---------+--------------+
|      95 | 2023-11-07 10:55:00-05:00 | 55.356  | 55.38   | 55.3007 | 55.32   |  30960           |              1 |                0 |            1 |           1 |       3 |            1 |
+---------+---------------------------+---------+---------+---------+---------+------------------+----------------+------------------+--------------+-------------+---------+--------------+
|      96 | 2023-11-07 11:00:00-05:00 | 55.3287 | 55.33   | 55.26   | 55.28   |  19918           |              1 |                0 |            1 |           1 |       3 |            0 |
+---------+---------------------------+---------+---------+---------+---------+------------------+----------------+------------------+--------------+-------------+---------+--------------+
|      97 | 2023-11-07 11:05:00-05:00 | 55.2901 | 55.31   | 55.26   | 55.26   |  14065           |              1 |                0 |            1 |           1 |       3 |            0 |
+---------+---------------------------+---------+---------+---------+---------+------------------+----------------+------------------+--------------+-------------+---------+--------------+
|      98 | 2023-11-07 11:10:00-05:00 | 55.265  | 55.3    | 55.24   | 55.25   |  75200           |              0 |                0 |            1 |           0 |       1 |           -2 |
+---------+---------------------------+---------+---------+---------+---------+------------------+----------------+------------------+--------------+-------------+---------+--------------+
|      99 | 2023-11-07 11:15:00-05:00 | 55.25   | 55.2836 | 55.24   | 55.24   |  10020           |              1 |                0 |            1 |           0 |       2 |            1 |
+---------+---------------------------+---------+---------+---------+---------+------------------+----------------+------------------+--------------+-------------+---------+--------------+
|     100 | 2023-11-07 11:20:00-05:00 | 55.24   | 55.3    | 55.24   | 55.271  |  19799           |              1 |                0 |            0 |           0 |       1 |           -1 |
+---------+---------------------------+---------+---------+---------+---------+------------------+----------------+------------------+--------------+-------------+---------+--------------+
|     101 | 2023-11-07 11:25:00-05:00 | 55.28   | 55.3    | 55.25   | 55.29   |   8644           |              1 |                0 |            0 |           0 |       1 |            0 |
+---------+---------------------------+---------+---------+---------+---------+------------------+----------------+------------------+--------------+-------------+---------+--------------+
|     102 | 2023-11-07 11:30:00-05:00 | 55.29   | 55.375  | 55.29   | 55.37   |  26149           |              1 |                0 |            0 |           0 |       1 |            0 |
+---------+---------------------------+---------+---------+---------+---------+------------------+----------------+------------------+--------------+-------------+---------+--------------+
|     103 | 2023-11-07 11:35:00-05:00 | 55.36   | 55.38   | 55.35   | 55.3619 |  13615           |              0 |                0 |            0 |           1 |       1 |            0 |
+---------+---------------------------+---------+---------+---------+---------+------------------+----------------+------------------+--------------+-------------+---------+--------------+
|     104 | 2023-11-07 11:40:00-05:00 | 55.365  | 55.41   | 55.353  | 55.355  |  14681           |              0 |                0 |            0 |           1 |       1 |            0 |
+---------+---------------------------+---------+---------+---------+---------+------------------+----------------+------------------+--------------+-------------+---------+--------------+
|     105 | 2023-11-07 11:45:00-05:00 | 55.36   | 55.3623 | 55.19   | 55.24   |  28192           |              0 |                0 |            0 |           1 |       1 |            0 |
+---------+---------------------------+---------+---------+---------+---------+------------------+----------------+------------------+--------------+-------------+---------+--------------+
|     106 | 2023-11-07 11:50:00-05:00 | 55.225  | 55.2509 | 55.2101 | 55.24   |  12593           |              0 |                0 |            0 |           1 |       1 |            0 |
+---------+---------------------------+---------+---------+---------+---------+------------------+----------------+------------------+--------------+-------------+---------+--------------+
|     107 | 2023-11-07 11:55:00-05:00 | 55.23   | 55.29   | 55.22   | 55.25   |  24013           |              0 |                0 |            0 |           1 |       1 |            0 |
+---------+---------------------------+---------+---------+---------+---------+------------------+----------------+------------------+--------------+-------------+---------+--------------+
|     108 | 2023-11-07 12:00:00-05:00 | 55.25   | 55.25   | 55.14   | 55.15   |  18394           |              0 |                0 |            0 |           1 |       1 |            0 |
+---------+---------------------------+---------+---------+---------+---------+------------------+----------------+------------------+--------------+-------------+---------+--------------+
|     109 | 2023-11-07 12:05:00-05:00 | 55.14   | 55.18   | 55.115  | 55.15   |  15460           |              0 |                0 |            0 |           1 |       1 |            0 |
+---------+---------------------------+---------+---------+---------+---------+------------------+----------------+------------------+--------------+-------------+---------+--------------+
|     110 | 2023-11-07 12:10:00-05:00 | 55.1501 | 55.1501 | 55.12   | 55.12   |   3876           |              0 |                0 |            0 |           1 |       1 |            0 |
+---------+---------------------------+---------+---------+---------+---------+------------------+----------------+------------------+--------------+-------------+---------+--------------+
|     111 | 2023-11-07 12:15:00-05:00 | 55.13   | 55.135  | 55.05   | 55.11   |  32910           |              0 |                0 |            0 |           1 |       1 |            0 |
+---------+---------------------------+---------+---------+---------+---------+------------------+----------------+------------------+--------------+-------------+---------+--------------+
|     112 | 2023-11-07 12:20:00-05:00 | 55.11   | 55.14   | 55.1    | 55.13   |   8017           |              0 |                0 |            0 |           1 |       1 |            0 |
+---------+---------------------------+---------+---------+---------+---------+------------------+----------------+------------------+--------------+-------------+---------+--------------+
|     113 | 2023-11-07 12:25:00-05:00 | 55.14   | 55.16   | 55.092  | 55.095  |   6213           |              0 |                0 |            0 |           1 |       1 |            0 |
+---------+---------------------------+---------+---------+---------+---------+------------------+----------------+------------------+--------------+-------------+---------+--------------+
|     114 | 2023-11-07 12:30:00-05:00 | 55.1    | 55.15   | 55      | 55.11   |  50976           |              0 |                0 |            0 |           1 |       1 |            0 |
+---------+---------------------------+---------+---------+---------+---------+------------------+----------------+------------------+--------------+-------------+---------+--------------+
|     115 | 2023-11-07 12:35:00-05:00 | 55.1    | 55.155  | 55.09   | 55.13   |  28102           |              0 |                0 |            0 |           0 |       0 |           -1 |
+---------+---------------------------+---------+---------+---------+---------+------------------+----------------+------------------+--------------+-------------+---------+--------------+
|     116 | 2023-11-07 12:40:00-05:00 | 55.12   | 55.14   | 55.1    | 55.1391 |   9971           |              0 |                0 |            0 |           0 |       0 |            0 |
+---------+---------------------------+---------+---------+---------+---------+------------------+----------------+------------------+--------------+-------------+---------+--------------+
|     117 | 2023-11-07 12:45:00-05:00 | 55.14   | 55.22   | 55.0931 | 55.11   |  20850           |              0 |                0 |            0 |           0 |       0 |            0 |
+---------+---------------------------+---------+---------+---------+---------+------------------+----------------+------------------+--------------+-------------+---------+--------------+
|     118 | 2023-11-07 12:50:00-05:00 | 55.105  | 55.14   | 55.09   | 55.11   |   8143           |              0 |                0 |            0 |           0 |       0 |            0 |
+---------+---------------------------+---------+---------+---------+---------+------------------+----------------+------------------+--------------+-------------+---------+--------------+
|     119 | 2023-11-07 12:55:00-05:00 | 55.11   | 55.2    | 55.09   | 55.2    |  11917           |              1 |                0 |            0 |           0 |       1 |            1 |
+---------+---------------------------+---------+---------+---------+---------+------------------+----------------+------------------+--------------+-------------+---------+--------------+
|     120 | 2023-11-07 13:00:00-05:00 | 55.2    | 55.27   | 55.175  | 55.265  |  17145           |              1 |                0 |            0 |           0 |       1 |            0 |
+---------+---------------------------+---------+---------+---------+---------+------------------+----------------+------------------+--------------+-------------+---------+--------------+
|     121 | 2023-11-07 13:05:00-05:00 | 55.26   | 55.31   | 55.24   | 55.31   |  64638           |              1 |                0 |            1 |           0 |       2 |            1 |
+---------+---------------------------+---------+---------+---------+---------+------------------+----------------+------------------+--------------+-------------+---------+--------------+
|     122 | 2023-11-07 13:10:00-05:00 | 55.31   | 55.33   | 55.29   | 55.31   |   7102           |              1 |                0 |            1 |           0 |       2 |            0 |
+---------+---------------------------+---------+---------+---------+---------+------------------+----------------+------------------+--------------+-------------+---------+--------------+
|     123 | 2023-11-07 13:15:00-05:00 | 55.305  | 55.32   | 55.281  | 55.32   |   5084           |              1 |                0 |            1 |           0 |       2 |            0 |
+---------+---------------------------+---------+---------+---------+---------+------------------+----------------+------------------+--------------+-------------+---------+--------------+
|     124 | 2023-11-07 13:20:00-05:00 | 55.32   | 55.34   | 55.265  | 55.32   |  11919           |              1 |                0 |            1 |           0 |       2 |            0 |
+---------+---------------------------+---------+---------+---------+---------+------------------+----------------+------------------+--------------+-------------+---------+--------------+
|     125 | 2023-11-07 13:25:00-05:00 | 55.32   | 55.32   | 55.2999 | 55.3    |   6518           |              1 |                0 |            1 |           0 |       2 |            0 |
+---------+---------------------------+---------+---------+---------+---------+------------------+----------------+------------------+--------------+-------------+---------+--------------+
|     126 | 2023-11-07 13:30:00-05:00 | 55.29   | 55.345  | 55.29   | 55.32   |  25516           |              1 |                0 |            1 |           0 |       2 |            0 |
+---------+---------------------------+---------+---------+---------+---------+------------------+----------------+------------------+--------------+-------------+---------+--------------+
|     127 | 2023-11-07 13:35:00-05:00 | 55.33   | 55.37   | 55.3145 | 55.365  |  13174           |              1 |                0 |            1 |           0 |       2 |            0 |
+---------+---------------------------+---------+---------+---------+---------+------------------+----------------+------------------+--------------+-------------+---------+--------------+
|     128 | 2023-11-07 13:40:00-05:00 | 55.36   | 55.36   | 55.305  | 55.3297 |   9295           |              1 |                0 |            1 |           0 |       2 |            0 |
+---------+---------------------------+---------+---------+---------+---------+------------------+----------------+------------------+--------------+-------------+---------+--------------+
|     129 | 2023-11-07 13:45:00-05:00 | 55.32   | 55.37   | 55.32   | 55.36   |  29827           |              1 |                0 |            1 |           0 |       2 |            0 |
+---------+---------------------------+---------+---------+---------+---------+------------------+----------------+------------------+--------------+-------------+---------+--------------+
|     130 | 2023-11-07 13:50:00-05:00 | 55.37   | 55.39   | 55.33   | 55.35   |  46307           |              1 |                0 |            1 |           0 |       2 |            0 |
+---------+---------------------------+---------+---------+---------+---------+------------------+----------------+------------------+--------------+-------------+---------+--------------+
|     131 | 2023-11-07 13:55:00-05:00 | 55.33   | 55.35   | 55.27   | 55.3452 |  38545           |              1 |                0 |            1 |           0 |       2 |            0 |
+---------+---------------------------+---------+---------+---------+---------+------------------+----------------+------------------+--------------+-------------+---------+--------------+
|     132 | 2023-11-07 14:00:00-05:00 | 55.34   | 55.39   | 55.34   | 55.38   |   4473           |              1 |                0 |            1 |           1 |       3 |            1 |
+---------+---------------------------+---------+---------+---------+---------+------------------+----------------+------------------+--------------+-------------+---------+--------------+
|     133 | 2023-11-07 14:05:00-05:00 | 55.37   | 55.37   | 55.3    | 55.33   |  10112           |              0 |                0 |            1 |           0 |       1 |           -2 |
+---------+---------------------------+---------+---------+---------+---------+------------------+----------------+------------------+--------------+-------------+---------+--------------+
|     134 | 2023-11-07 14:10:00-05:00 | 55.34   | 55.35   | 55.33   | 55.33   |   4712           |              0 |                0 |            0 |           0 |       0 |           -1 |
+---------+---------------------------+---------+---------+---------+---------+------------------+----------------+------------------+--------------+-------------+---------+--------------+
|     135 | 2023-11-07 14:15:00-05:00 | 55.33   | 55.36   | 55.32   | 55.35   |   4679           |              0 |                0 |            0 |           0 |       0 |            0 |
+---------+---------------------------+---------+---------+---------+---------+------------------+----------------+------------------+--------------+-------------+---------+--------------+
|     136 | 2023-11-07 14:20:00-05:00 | 55.34   | 55.39   | 55.34   | 55.385  |   9342           |              0 |                0 |            0 |           1 |       1 |            1 |
+---------+---------------------------+---------+---------+---------+---------+------------------+----------------+------------------+--------------+-------------+---------+--------------+
|     137 | 2023-11-07 14:25:00-05:00 | 55.38   | 55.38   | 55.34   | 55.36   |   6015           |              0 |                0 |            0 |           1 |       1 |            0 |
+---------+---------------------------+---------+---------+---------+---------+------------------+----------------+------------------+--------------+-------------+---------+--------------+
|     138 | 2023-11-07 14:30:00-05:00 | 55.36   | 55.385  | 55.36   | 55.38   |  14326           |              0 |                0 |            0 |           1 |       1 |            0 |
+---------+---------------------------+---------+---------+---------+---------+------------------+----------------+------------------+--------------+-------------+---------+--------------+
|     139 | 2023-11-07 14:35:00-05:00 | 55.38   | 55.38   | 55.321  | 55.321  |   6278           |              0 |                0 |            0 |           1 |       1 |            0 |
+---------+---------------------------+---------+---------+---------+---------+------------------+----------------+------------------+--------------+-------------+---------+--------------+
|     140 | 2023-11-07 14:40:00-05:00 | 55.32   | 55.32   | 55.24   | 55.27   |  21342           |              0 |                0 |            0 |           1 |       1 |            0 |
+---------+---------------------------+---------+---------+---------+---------+------------------+----------------+------------------+--------------+-------------+---------+--------------+
|     141 | 2023-11-07 14:45:00-05:00 | 55.27   | 55.33   | 55.2649 | 55.28   |  19848           |              0 |                0 |            0 |           1 |       1 |            0 |
+---------+---------------------------+---------+---------+---------+---------+------------------+----------------+------------------+--------------+-------------+---------+--------------+
|     142 | 2023-11-07 14:50:00-05:00 | 55.28   | 55.3    | 55.25   | 55.27   |   6126           |              0 |                0 |            0 |           1 |       1 |            0 |
+---------+---------------------------+---------+---------+---------+---------+------------------+----------------+------------------+--------------+-------------+---------+--------------+
|     143 | 2023-11-07 14:55:00-05:00 | 55.27   | 55.2801 | 55.2338 | 55.25   |   7184           |              0 |                0 |            0 |           1 |       1 |            0 |
+---------+---------------------------+---------+---------+---------+---------+------------------+----------------+------------------+--------------+-------------+---------+--------------+
|     144 | 2023-11-07 15:00:00-05:00 | 55.25   | 55.315  | 55.24   | 55.245  |  12252           |              0 |                0 |            0 |           0 |       0 |           -1 |
+---------+---------------------------+---------+---------+---------+---------+------------------+----------------+------------------+--------------+-------------+---------+--------------+
|     145 | 2023-11-07 15:05:00-05:00 | 55.24   | 55.26   | 55.21   | 55.24   |  13078           |              0 |                0 |            0 |           0 |       0 |            0 |
+---------+---------------------------+---------+---------+---------+---------+------------------+----------------+------------------+--------------+-------------+---------+--------------+
|     146 | 2023-11-07 15:10:00-05:00 | 55.22   | 55.275  | 55.19   | 55.275  |   7096           |              0 |                0 |            0 |           0 |       0 |            0 |
+---------+---------------------------+---------+---------+---------+---------+------------------+----------------+------------------+--------------+-------------+---------+--------------+
|     147 | 2023-11-07 15:15:00-05:00 | 55.26   | 55.29   | 55.24   | 55.2836 |   8541           |              0 |                0 |            0 |           0 |       0 |            0 |
+---------+---------------------------+---------+---------+---------+---------+------------------+----------------+------------------+--------------+-------------+---------+--------------+
|     148 | 2023-11-07 15:20:00-05:00 | 55.27   | 55.33   | 55.24   | 55.33   |  22429           |              1 |                0 |            0 |           0 |       1 |            1 |
+---------+---------------------------+---------+---------+---------+---------+------------------+----------------+------------------+--------------+-------------+---------+--------------+
|     149 | 2023-11-07 15:25:00-05:00 | 55.32   | 55.34   | 55.31   | 55.33   |  10440           |              1 |                0 |            0 |           0 |       1 |            0 |
+---------+---------------------------+---------+---------+---------+---------+------------------+----------------+------------------+--------------+-------------+---------+--------------+
|     150 | 2023-11-07 15:30:00-05:00 | 55.34   | 55.3701 | 55.33   | 55.36   |  11848           |              0 |                0 |            1 |           0 |       1 |            0 |
+---------+---------------------------+---------+---------+---------+---------+------------------+----------------+------------------+--------------+-------------+---------+--------------+
|     151 | 2023-11-07 15:35:00-05:00 | 55.3601 | 55.42   | 55.3599 | 55.4092 |  48809           |              1 |                0 |            1 |           1 |       3 |            2 |
+---------+---------------------------+---------+---------+---------+---------+------------------+----------------+------------------+--------------+-------------+---------+--------------+
|     152 | 2023-11-07 15:40:00-05:00 | 55.4    | 55.4101 | 55.39   | 55.41   |  19978           |              1 |                0 |            1 |           1 |       3 |            0 |
+---------+---------------------------+---------+---------+---------+---------+------------------+----------------+------------------+--------------+-------------+---------+--------------+
|     153 | 2023-11-07 15:45:00-05:00 | 55.405  | 55.4279 | 55.35   | 55.355  |  99738           |              1 |                0 |            1 |           1 |       3 |            0 |
+---------+---------------------------+---------+---------+---------+---------+------------------+----------------+------------------+--------------+-------------+---------+--------------+
|     154 | 2023-11-07 15:50:00-05:00 | 55.35   | 55.35   | 55.17   | 55.17   | 161947           |              0 |                0 |            0 |           0 |       0 |           -3 |
+---------+---------------------------+---------+---------+---------+---------+------------------+----------------+------------------+--------------+-------------+---------+--------------+
|     155 | 2023-11-07 15:55:00-05:00 | 55.17   | 55.26   | 55.09   | 55.24   | 134267           |              0 |                0 |            0 |           0 |       0 |            0 |
+---------+---------------------------+---------+---------+---------+---------+------------------+----------------+------------------+--------------+-------------+---------+--------------+
|     156 | 2023-11-08 09:30:00-05:00 | 55.42   | 55.4801 | 55.41   | 55.48   | 132177           |              1 |                0 |            1 |           0 |       2 |            2 |
+---------+---------------------------+---------+---------+---------+---------+------------------+----------------+------------------+--------------+-------------+---------+--------------+
|     157 | 2023-11-08 09:35:00-05:00 | 55.4999 | 55.5    | 55.37   | 55.4496 |  73695           |              1 |                0 |            1 |           0 |       2 |            0 |
+---------+---------------------------+---------+---------+---------+---------+------------------+----------------+------------------+--------------+-------------+---------+--------------+
|     158 | 2023-11-08 09:40:00-05:00 | 55.44   | 55.48   | 55.39   | 55.4393 |  31617           |              1 |                0 |            1 |           0 |       2 |            0 |
+---------+---------------------------+---------+---------+---------+---------+------------------+----------------+------------------+--------------+-------------+---------+--------------+
|     159 | 2023-11-08 09:45:00-05:00 | 55.4399 | 55.5297 | 55.415  | 55.4992 |  29467           |              1 |                0 |            1 |           1 |       3 |            1 |
+---------+---------------------------+---------+---------+---------+---------+------------------+----------------+------------------+--------------+-------------+---------+--------------+
|     160 | 2023-11-08 09:50:00-05:00 | 55.5    | 55.545  | 55.48   | 55.5    |  20203           |              1 |                0 |            1 |           1 |       3 |            0 |
+---------+---------------------------+---------+---------+---------+---------+------------------+----------------+------------------+--------------+-------------+---------+--------------+
|     161 | 2023-11-08 09:55:00-05:00 | 55.5    | 55.5302 | 55.41   | 55.45   |  26671           |              1 |                0 |            1 |           1 |       3 |            0 |
+---------+---------------------------+---------+---------+---------+---------+------------------+----------------+------------------+--------------+-------------+---------+--------------+
|     162 | 2023-11-08 10:00:00-05:00 | 55.465  | 55.47   | 55.25   | 55.2701 |  75472           |              0 |                0 |            1 |           1 |       2 |           -1 |
+---------+---------------------------+---------+---------+---------+---------+------------------+----------------+------------------+--------------+-------------+---------+--------------+
|     163 | 2023-11-08 10:05:00-05:00 | 55.261  | 55.37   | 55.23   | 55.36   |  24336           |              0 |                0 |            0 |           1 |       1 |           -1 |
+---------+---------------------------+---------+---------+---------+---------+------------------+----------------+------------------+--------------+-------------+---------+--------------+
|     164 | 2023-11-08 10:10:00-05:00 | 55.4    | 55.41   | 55.32   | 55.33   |  27146           |              0 |                0 |            0 |           1 |       1 |            0 |
+---------+---------------------------+---------+---------+---------+---------+------------------+----------------+------------------+--------------+-------------+---------+--------------+
|     165 | 2023-11-08 10:15:00-05:00 | 55.31   | 55.355  | 55.2709 | 55.345  |  20603           |              0 |                0 |            0 |           1 |       1 |            0 |
+---------+---------------------------+---------+---------+---------+---------+------------------+----------------+------------------+--------------+-------------+---------+--------------+
|     166 | 2023-11-08 10:20:00-05:00 | 55.34   | 55.34   | 55.19   | 55.27   |  31304           |              0 |                0 |            0 |           1 |       1 |            0 |
+---------+---------------------------+---------+---------+---------+---------+------------------+----------------+------------------+--------------+-------------+---------+--------------+
|     167 | 2023-11-08 10:25:00-05:00 | 55.26   | 55.2898 | 55.2101 | 55.255  |  27669           |              0 |                0 |            0 |           1 |       1 |            0 |
+---------+---------------------------+---------+---------+---------+---------+------------------+----------------+------------------+--------------+-------------+---------+--------------+
|     168 | 2023-11-08 10:30:00-05:00 | 55.25   | 55.28   | 55.215  | 55.23   |  26723           |              1 |                0 |            0 |           1 |       2 |            1 |
+---------+---------------------------+---------+---------+---------+---------+------------------+----------------+------------------+--------------+-------------+---------+--------------+
|     169 | 2023-11-08 10:35:00-05:00 | 55.2    | 55.27   | 55.17   | 55.1902 |  41438           |              0 |                0 |            0 |           1 |       1 |           -1 |
+---------+---------------------------+---------+---------+---------+---------+------------------+----------------+------------------+--------------+-------------+---------+--------------+
|     170 | 2023-11-08 10:40:00-05:00 | 55.2    | 55.2915 | 55.19   | 55.29   |  36492           |              0 |                0 |            0 |           1 |       1 |            0 |
+---------+---------------------------+---------+---------+---------+---------+------------------+----------------+------------------+--------------+-------------+---------+--------------+
|     171 | 2023-11-08 10:45:00-05:00 | 55.29   | 55.3089 | 55.23   | 55.26   |  26370           |              0 |                0 |            0 |           1 |       1 |            0 |
+---------+---------------------------+---------+---------+---------+---------+------------------+----------------+------------------+--------------+-------------+---------+--------------+
|     172 | 2023-11-08 10:50:00-05:00 | 55.27   | 55.27   | 55.17   | 55.18   |  19090           |              0 |                0 |            0 |           1 |       1 |            0 |
+---------+---------------------------+---------+---------+---------+---------+------------------+----------------+------------------+--------------+-------------+---------+--------------+
|     173 | 2023-11-08 10:55:00-05:00 | 55.175  | 55.235  | 55.14   | 55.16   |  30808           |              0 |                0 |            0 |           1 |       1 |            0 |
+---------+---------------------------+---------+---------+---------+---------+------------------+----------------+------------------+--------------+-------------+---------+--------------+
|     174 | 2023-11-08 11:00:00-05:00 | 55.1637 | 55.23   | 55.1501 | 55.215  |  22733           |              0 |                0 |            0 |           1 |       1 |            0 |
+---------+---------------------------+---------+---------+---------+---------+------------------+----------------+------------------+--------------+-------------+---------+--------------+
|     175 | 2023-11-08 11:05:00-05:00 | 55.22   | 55.22   | 55.1499 | 55.1499 | 732498           |              0 |                0 |            0 |           1 |       1 |            0 |
+---------+---------------------------+---------+---------+---------+---------+------------------+----------------+------------------+--------------+-------------+---------+--------------+
|     176 | 2023-11-08 11:10:00-05:00 | 55.15   | 55.235  | 55.15   | 55.22   |  12664           |              1 |                0 |            0 |           1 |       2 |            1 |
+---------+---------------------------+---------+---------+---------+---------+------------------+----------------+------------------+--------------+-------------+---------+--------------+
|     177 | 2023-11-08 11:15:00-05:00 | 55.22   | 55.3    | 55.22   | 55.28   |  25567           |              1 |                0 |            0 |           1 |       2 |            0 |
+---------+---------------------------+---------+---------+---------+---------+------------------+----------------+------------------+--------------+-------------+---------+--------------+
|     178 | 2023-11-08 11:20:00-05:00 | 55.28   | 55.28   | 55.06   | 55.12   |  20668           |              0 |                0 |            0 |           1 |       1 |           -1 |
+---------+---------------------------+---------+---------+---------+---------+------------------+----------------+------------------+--------------+-------------+---------+--------------+
|     179 | 2023-11-08 11:25:00-05:00 | 55.12   | 55.17   | 55.085  | 55.16   |  10411           |              0 |                0 |            0 |           1 |       1 |            0 |
+---------+---------------------------+---------+---------+---------+---------+------------------+----------------+------------------+--------------+-------------+---------+--------------+
|     180 | 2023-11-08 11:30:00-05:00 | 55.15   | 55.2    | 55.11   | 55.12   |  58082           |              0 |                0 |            0 |           1 |       1 |            0 |
+---------+---------------------------+---------+---------+---------+---------+------------------+----------------+------------------+--------------+-------------+---------+--------------+
|     181 | 2023-11-08 11:35:00-05:00 | 55.15   | 55.2    | 55.11   | 55.1201 |  18265           |              1 |                0 |            0 |           1 |       2 |            1 |
+---------+---------------------------+---------+---------+---------+---------+------------------+----------------+------------------+--------------+-------------+---------+--------------+
|     182 | 2023-11-08 11:40:00-05:00 | 55.12   | 55.2    | 55.11   | 55.2    |  14488           |              1 |                0 |            0 |           1 |       2 |            0 |
+---------+---------------------------+---------+---------+---------+---------+------------------+----------------+------------------+--------------+-------------+---------+--------------+
|     183 | 2023-11-08 11:45:00-05:00 | 55.2    | 55.22   | 55.15   | 55.18   |  12989           |              1 |                0 |            0 |           1 |       2 |            0 |
+---------+---------------------------+---------+---------+---------+---------+------------------+----------------+------------------+--------------+-------------+---------+--------------+
|     184 | 2023-11-08 11:50:00-05:00 | 55.145  | 55.145  | 55.075  | 55.13   | 963522           |              0 |                0 |            0 |           1 |       1 |           -1 |
+---------+---------------------------+---------+---------+---------+---------+------------------+----------------+------------------+--------------+-------------+---------+--------------+
|     185 | 2023-11-08 11:55:00-05:00 | 55.125  | 55.125  | 55.03   | 55.04   |  11809           |              0 |                0 |            0 |           1 |       1 |            0 |
+---------+---------------------------+---------+---------+---------+---------+------------------+----------------+------------------+--------------+-------------+---------+--------------+
|     186 | 2023-11-08 12:00:00-05:00 | 55.05   | 55.05   | 54.915  | 54.95   |  49349           |              0 |                0 |            0 |           1 |       1 |            0 |
+---------+---------------------------+---------+---------+---------+---------+------------------+----------------+------------------+--------------+-------------+---------+--------------+
|     187 | 2023-11-08 12:05:00-05:00 | 54.94   | 54.96   | 54.73   | 54.7901 |  60875           |              0 |                1 |            0 |           1 |       2 |            1 |
+---------+---------------------------+---------+---------+---------+---------+------------------+----------------+------------------+--------------+-------------+---------+--------------+
|     188 | 2023-11-08 12:10:00-05:00 | 54.79   | 54.91   | 54.78   | 54.87   |  31675           |              0 |                1 |            0 |           1 |       2 |            0 |
+---------+---------------------------+---------+---------+---------+---------+------------------+----------------+------------------+--------------+-------------+---------+--------------+
|     189 | 2023-11-08 12:15:00-05:00 | 54.86   | 54.91   | 54.8307 | 54.9    |  20043           |              0 |                1 |            0 |           1 |       2 |            0 |
+---------+---------------------------+---------+---------+---------+---------+------------------+----------------+------------------+--------------+-------------+---------+--------------+
|     190 | 2023-11-08 12:20:00-05:00 | 54.9    | 54.92   | 54.89   | 54.91   |   6114           |              0 |                1 |            0 |           0 |       1 |           -1 |
+---------+---------------------------+---------+---------+---------+---------+------------------+----------------+------------------+--------------+-------------+---------+--------------+
|     191 | 2023-11-08 12:25:00-05:00 | 54.9    | 54.93   | 54.8498 | 54.8806 |   9700           |              0 |                1 |            0 |           0 |       1 |            0 |
+---------+---------------------------+---------+---------+---------+---------+------------------+----------------+------------------+--------------+-------------+---------+--------------+
|     192 | 2023-11-08 12:30:00-05:00 | 54.88   | 54.88   | 54.83   | 54.87   |   5661           |              0 |                1 |            0 |           0 |       1 |            0 |
+---------+---------------------------+---------+---------+---------+---------+------------------+----------------+------------------+--------------+-------------+---------+--------------+
|     193 | 2023-11-08 12:35:00-05:00 | 54.87   | 54.9799 | 54.8615 | 54.975  |   9691           |              1 |                1 |            0 |           0 |       2 |            1 |
+---------+---------------------------+---------+---------+---------+---------+------------------+----------------+------------------+--------------+-------------+---------+--------------+
|     194 | 2023-11-08 12:40:00-05:00 | 54.95   | 54.97   | 54.93   | 54.97   |  10047           |              1 |                1 |            0 |           0 |       2 |            0 |
+---------+---------------------------+---------+---------+---------+---------+------------------+----------------+------------------+--------------+-------------+---------+--------------+
|     195 | 2023-11-08 12:45:00-05:00 | 54.97   | 54.98   | 54.935  | 54.9414 |   3334           |              1 |                1 |            1 |           0 |       3 |            1 |
+---------+---------------------------+---------+---------+---------+---------+------------------+----------------+------------------+--------------+-------------+---------+--------------+
|     196 | 2023-11-08 12:50:00-05:00 | 54.95   | 54.95   | 54.9111 | 54.93   |   3105           |              0 |                1 |            1 |           0 |       2 |           -1 |
+---------+---------------------------+---------+---------+---------+---------+------------------+----------------+------------------+--------------+-------------+---------+--------------+
|     197 | 2023-11-08 12:55:00-05:00 | 54.93   | 54.965  | 54.9    | 54.965  |   8541           |              0 |                1 |            1 |           0 |       2 |            0 |
+---------+---------------------------+---------+---------+---------+---------+------------------+----------------+------------------+--------------+-------------+---------+--------------+
|     198 | 2023-11-08 13:00:00-05:00 | 54.955  | 55.08   | 54.92   | 55.07   |  43039           |              1 |                1 |            1 |           0 |       3 |            1 |
+---------+---------------------------+---------+---------+---------+---------+------------------+----------------+------------------+--------------+-------------+---------+--------------+
|     199 | 2023-11-08 13:05:00-05:00 | 55.07   | 55.1309 | 55.0601 | 55.12   |  29598           |              1 |                1 |            1 |           0 |       3 |            0 |
+---------+---------------------------+---------+---------+---------+---------+------------------+----------------+------------------+--------------+-------------+---------+--------------+
|     200 | 2023-11-08 13:10:00-05:00 | 55.09   | 55.0901 | 55.01   | 55.02   |  25852           |              1 |                0 |            1 |           0 |       2 |           -1 |
+---------+---------------------------+---------+---------+---------+---------+------------------+----------------+------------------+--------------+-------------+---------+--------------+
|     201 | 2023-11-08 13:15:00-05:00 | 55.02   | 55.04   | 54.98   | 54.98   |  16102           |              1 |                0 |            1 |           0 |       2 |            0 |
+---------+---------------------------+---------+---------+---------+---------+------------------+----------------+------------------+--------------+-------------+---------+--------------+
|     202 | 2023-11-08 13:20:00-05:00 | 54.9705 | 55.075  | 54.93   | 55.0615 |  16473           |              1 |                0 |            1 |           0 |       2 |            0 |
+---------+---------------------------+---------+---------+---------+---------+------------------+----------------+------------------+--------------+-------------+---------+--------------+
|     203 | 2023-11-08 13:25:00-05:00 | 55.07   | 55.12   | 55.05   | 55.11   |  14268           |              1 |                0 |            1 |           0 |       2 |            0 |
+---------+---------------------------+---------+---------+---------+---------+------------------+----------------+------------------+--------------+-------------+---------+--------------+
|     204 | 2023-11-08 13:30:00-05:00 | 55.11   | 55.15   | 55.11   | 55.14   |  15378           |              1 |                0 |            1 |           0 |       2 |            0 |
+---------+---------------------------+---------+---------+---------+---------+------------------+----------------+------------------+--------------+-------------+---------+--------------+
|     205 | 2023-11-08 13:35:00-05:00 | 55.13   | 55.18   | 55.13   | 55.15   |  13361           |              1 |                0 |            1 |           0 |       2 |            0 |
+---------+---------------------------+---------+---------+---------+---------+------------------+----------------+------------------+--------------+-------------+---------+--------------+
|     206 | 2023-11-08 13:40:00-05:00 | 55.1675 | 55.19   | 55.15   | 55.17   |  12837           |              1 |                0 |            1 |           0 |       2 |            0 |
+---------+---------------------------+---------+---------+---------+---------+------------------+----------------+------------------+--------------+-------------+---------+--------------+
|     207 | 2023-11-08 13:45:00-05:00 | 55.18   | 55.19   | 55.13   | 55.14   |  20268           |              1 |                0 |            1 |           0 |       2 |            0 |
+---------+---------------------------+---------+---------+---------+---------+------------------+----------------+------------------+--------------+-------------+---------+--------------+
|     208 | 2023-11-08 13:50:00-05:00 | 55.1699 | 55.1699 | 55.1499 | 55.1599 |   5404           |              1 |                0 |            1 |           0 |       2 |            0 |
+---------+---------------------------+---------+---------+---------+---------+------------------+----------------+------------------+--------------+-------------+---------+--------------+
|     209 | 2023-11-08 13:55:00-05:00 | 55.1603 | 55.18   | 55.13   | 55.14   |   9050           |              1 |                0 |            1 |           0 |       2 |            0 |
+---------+---------------------------+---------+---------+---------+---------+------------------+----------------+------------------+--------------+-------------+---------+--------------+
|     210 | 2023-11-08 14:00:00-05:00 | 55.14   | 55.26   | 55.135  | 55.24   |  63431           |              1 |                0 |            1 |           0 |       2 |            0 |
+---------+---------------------------+---------+---------+---------+---------+------------------+----------------+------------------+--------------+-------------+---------+--------------+
|     211 | 2023-11-08 14:05:00-05:00 | 55.25   | 55.28   | 55.24   | 55.2701 |   5565           |              1 |                0 |            1 |           0 |       2 |            0 |
+---------+---------------------------+---------+---------+---------+---------+------------------+----------------+------------------+--------------+-------------+---------+--------------+
|     212 | 2023-11-08 14:10:00-05:00 | 55.266  | 55.27   | 55.22   | 55.238  |   7969           |              1 |                0 |            1 |           0 |       2 |            0 |
+---------+---------------------------+---------+---------+---------+---------+------------------+----------------+------------------+--------------+-------------+---------+--------------+
|     213 | 2023-11-08 14:15:00-05:00 | 55.23   | 55.27   | 55.23   | 55.26   |   2695           |              0 |                0 |            1 |           0 |       1 |           -1 |
+---------+---------------------------+---------+---------+---------+---------+------------------+----------------+------------------+--------------+-------------+---------+--------------+
|     214 | 2023-11-08 14:20:00-05:00 | 55.25   | 55.28   | 55.25   | 55.27   |   7488           |              1 |                0 |            1 |           1 |       3 |            2 |
+---------+---------------------------+---------+---------+---------+---------+------------------+----------------+------------------+--------------+-------------+---------+--------------+
|     215 | 2023-11-08 14:25:00-05:00 | 55.27   | 55.28   | 55.25   | 55.2789 |  11373           |              1 |                0 |            1 |           1 |       3 |            0 |
+---------+---------------------------+---------+---------+---------+---------+------------------+----------------+------------------+--------------+-------------+---------+--------------+
|     216 | 2023-11-08 14:30:00-05:00 | 55.29   | 55.3    | 55.18   | 55.185  |  23995           |              0 |                0 |            1 |           1 |       2 |           -1 |
+---------+---------------------------+---------+---------+---------+---------+------------------+----------------+------------------+--------------+-------------+---------+--------------+
|     217 | 2023-11-08 14:35:00-05:00 | 55.1817 | 55.26   | 55.17   | 55.26   |  12503           |              0 |                0 |            1 |           1 |       2 |            0 |
+---------+---------------------------+---------+---------+---------+---------+------------------+----------------+------------------+--------------+-------------+---------+--------------+
|     218 | 2023-11-08 14:40:00-05:00 | 55.25   | 55.25   | 55.2    | 55.2244 |      1.54564e+06 |              0 |                0 |            1 |           1 |       2 |            0 |
+---------+---------------------------+---------+---------+---------+---------+------------------+----------------+------------------+--------------+-------------+---------+--------------+
|     219 | 2023-11-08 14:45:00-05:00 | 55.24   | 55.25   | 55.22   | 55.23   |   1411           |              0 |                0 |            1 |           1 |       2 |            0 |
+---------+---------------------------+---------+---------+---------+---------+------------------+----------------+------------------+--------------+-------------+---------+--------------+
|     220 | 2023-11-08 14:50:00-05:00 | 55.21   | 55.23   | 55.18   | 55.23   |   4428           |              0 |                0 |            1 |           1 |       2 |            0 |
+---------+---------------------------+---------+---------+---------+---------+------------------+----------------+------------------+--------------+-------------+---------+--------------+
|     221 | 2023-11-08 14:55:00-05:00 | 55.22   | 55.225  | 55.13   | 55.13   |   5941           |              0 |                0 |            0 |           1 |       1 |           -1 |
+---------+---------------------------+---------+---------+---------+---------+------------------+----------------+------------------+--------------+-------------+---------+--------------+
|     222 | 2023-11-08 15:00:00-05:00 | 55.145  | 55.2    | 55.14   | 55.2    |  18986           |              0 |                0 |            0 |           0 |       0 |           -1 |
+---------+---------------------------+---------+---------+---------+---------+------------------+----------------+------------------+--------------+-------------+---------+--------------+
|     223 | 2023-11-08 15:05:00-05:00 | 55.2    | 55.2172 | 55.17   | 55.17   |   5126           |              0 |                0 |            0 |           0 |       0 |            0 |
+---------+---------------------------+---------+---------+---------+---------+------------------+----------------+------------------+--------------+-------------+---------+--------------+
|     224 | 2023-11-08 15:10:00-05:00 | 55.2099 | 55.21   | 55.16   | 55.2    |   6383           |              0 |                0 |            0 |           0 |       0 |            0 |
+---------+---------------------------+---------+---------+---------+---------+------------------+----------------+------------------+--------------+-------------+---------+--------------+
|     225 | 2023-11-08 15:15:00-05:00 | 55.22   | 55.25   | 55.21   | 55.22   |   5479           |              0 |                0 |            0 |           0 |       0 |            0 |
+---------+---------------------------+---------+---------+---------+---------+------------------+----------------+------------------+--------------+-------------+---------+--------------+
|     226 | 2023-11-08 15:20:00-05:00 | 55.22   | 55.26   | 55.22   | 55.2509 |   3979           |              0 |                0 |            0 |           0 |       0 |            0 |
+---------+---------------------------+---------+---------+---------+---------+------------------+----------------+------------------+--------------+-------------+---------+--------------+
|     227 | 2023-11-08 15:25:00-05:00 | 55.24   | 55.28   | 55.24   | 55.2701 |  34590           |              0 |                0 |            0 |           0 |       0 |            0 |
+---------+---------------------------+---------+---------+---------+---------+------------------+----------------+------------------+--------------+-------------+---------+--------------+
|     228 | 2023-11-08 15:30:00-05:00 | 55.2497 | 55.2497 | 55.2002 | 55.2002 |   8615           |              0 |                0 |            0 |           0 |       0 |            0 |
+---------+---------------------------+---------+---------+---------+---------+------------------+----------------+------------------+--------------+-------------+---------+--------------+
|     229 | 2023-11-08 15:35:00-05:00 | 55.2101 | 55.28   | 55.2101 | 55.27   |  19108           |              0 |                0 |            0 |           0 |       0 |            0 |
+---------+---------------------------+---------+---------+---------+---------+------------------+----------------+------------------+--------------+-------------+---------+--------------+
|     230 | 2023-11-08 15:40:00-05:00 | 55.28   | 55.47   | 55.28   | 55.43   |  60552           |              1 |                0 |            1 |           0 |       2 |            2 |
+---------+---------------------------+---------+---------+---------+---------+------------------+----------------+------------------+--------------+-------------+---------+--------------+
|     231 | 2023-11-08 15:45:00-05:00 | 55.41   | 55.44   | 55.39   | 55.41   |  25053           |              1 |                0 |            1 |           0 |       2 |            0 |
+---------+---------------------------+---------+---------+---------+---------+------------------+----------------+------------------+--------------+-------------+---------+--------------+
|     232 | 2023-11-08 15:50:00-05:00 | 55.38   | 55.42   | 55.35   | 55.36   |  34291           |              1 |                0 |            1 |           0 |       2 |            0 |
+---------+---------------------------+---------+---------+---------+---------+------------------+----------------+------------------+--------------+-------------+---------+--------------+
|     233 | 2023-11-08 15:55:00-05:00 | 55.3623 | 55.38   | 55.3    | 55.38   |  78619           |              1 |                0 |            1 |           0 |       2 |            0 |
+---------+---------------------------+---------+---------+---------+---------+------------------+----------------+------------------+--------------+-------------+---------+--------------+

  Buy Price  Buy Time                     Sell Price  Sell Time                     Profit    Trade Length
-----------  -------------------------  ------------  -------------------------  ---------  --------------
     55.13   2023-11-07 12:35:00-05:00        55.2    2023-11-07 12:55:00-05:00  0.0699997               4
     55.33   2023-11-07 14:10:00-05:00        55.385  2023-11-07 14:20:00-05:00  0.0549965               2
     55.245  2023-11-07 15:00:00-05:00        55.33   2023-11-07 15:20:00-05:00  0.0850029               4
     55.17   2023-11-07 15:50:00-05:00        55.48   2023-11-08 09:30:00-05:00  0.310001                2
     55.2    2023-11-08 15:00:00-05:00        55.43   2023-11-08 15:40:00-05:00  0.23                    8
Total Profit: 0.75 Median Trade Length: 4.0 Average Trade Length: 4.0
