Trading Output for tqqq for the last 300 days
+---------+---------------------------+---------+---------+---------+---------+------------------+----------------+------------------+--------------+-------------+---------+--------------+
|   Index | Timestamp                 |    Open |    High |     Low |   Close |           Volume |   RSIEMA Cross |   SMA/VWAP Cross |   MACD Cross |   KNN EMA X |   Total |   Total Diff |
+=========+===========================+=========+=========+=========+=========+==================+================+==================+==============+=============+=========+==============+
|       0 | 2023-11-07 09:30:00-05:00 | 38.35   | 38.44   | 38.04   | 38.07   |      6.95786e+06 |              0 |                1 |            0 |           0 |       1 |            0 |
+---------+---------------------------+---------+---------+---------+---------+------------------+----------------+------------------+--------------+-------------+---------+--------------+
|       1 | 2023-11-07 09:35:00-05:00 | 38.07   | 38.1387 | 37.97   | 38.05   |      2.38413e+06 |              0 |                1 |            0 |           0 |       1 |            0 |
+---------+---------------------------+---------+---------+---------+---------+------------------+----------------+------------------+--------------+-------------+---------+--------------+
|       2 | 2023-11-07 09:40:00-05:00 | 38.06   | 38.3    | 38.04   | 38.2785 |      3.63245e+06 |              0 |                1 |            1 |           0 |       2 |            1 |
+---------+---------------------------+---------+---------+---------+---------+------------------+----------------+------------------+--------------+-------------+---------+--------------+
|       3 | 2023-11-07 09:45:00-05:00 | 38.275  | 38.29   | 38.1101 | 38.2101 |      1.9802e+06  |              0 |                1 |            1 |           0 |       2 |            0 |
+---------+---------------------------+---------+---------+---------+---------+------------------+----------------+------------------+--------------+-------------+---------+--------------+
|       4 | 2023-11-07 09:50:00-05:00 | 38.22   | 38.41   | 38.195  | 38.395  |      2.25362e+06 |              0 |                0 |            1 |           0 |       1 |           -1 |
+---------+---------------------------+---------+---------+---------+---------+------------------+----------------+------------------+--------------+-------------+---------+--------------+
|       5 | 2023-11-07 09:55:00-05:00 | 38.3905 | 38.5661 | 38.3905 | 38.5201 |      2.67808e+06 |              0 |                0 |            1 |           0 |       1 |            0 |
+---------+---------------------------+---------+---------+---------+---------+------------------+----------------+------------------+--------------+-------------+---------+--------------+
|       6 | 2023-11-07 10:00:00-05:00 | 38.5265 | 38.68   | 38.52   | 38.6    |      2.36044e+06 |              0 |                0 |            1 |           0 |       1 |            0 |
+---------+---------------------------+---------+---------+---------+---------+------------------+----------------+------------------+--------------+-------------+---------+--------------+
|       7 | 2023-11-07 10:05:00-05:00 | 38.6    | 38.6    | 38.39   | 38.3958 |      1.56262e+06 |              0 |                0 |            1 |           0 |       1 |            0 |
+---------+---------------------------+---------+---------+---------+---------+------------------+----------------+------------------+--------------+-------------+---------+--------------+
|       8 | 2023-11-07 10:10:00-05:00 | 38.395  | 38.52   | 38.33   | 38.5    |      2.59207e+06 |              0 |                0 |            1 |           0 |       1 |            0 |
+---------+---------------------------+---------+---------+---------+---------+------------------+----------------+------------------+--------------+-------------+---------+--------------+
|       9 | 2023-11-07 10:15:00-05:00 | 38.5    | 38.61   | 38.41   | 38.5999 |      1.64588e+06 |              0 |                0 |            1 |           0 |       1 |            0 |
+---------+---------------------------+---------+---------+---------+---------+------------------+----------------+------------------+--------------+-------------+---------+--------------+
|      10 | 2023-11-07 10:20:00-05:00 | 38.59   | 38.68   | 38.55   | 38.675  |      1.61294e+06 |              0 |                0 |            1 |           0 |       1 |            0 |
+---------+---------------------------+---------+---------+---------+---------+------------------+----------------+------------------+--------------+-------------+---------+--------------+
|      11 | 2023-11-07 10:25:00-05:00 | 38.67   | 38.86   | 38.655  | 38.8246 |      2.26552e+06 |              0 |                0 |            1 |           0 |       1 |            0 |
+---------+---------------------------+---------+---------+---------+---------+------------------+----------------+------------------+--------------+-------------+---------+--------------+
|      12 | 2023-11-07 10:30:00-05:00 | 38.8299 | 38.95   | 38.8    | 38.915  |      1.85265e+06 |              0 |                0 |            1 |           0 |       1 |            0 |
+---------+---------------------------+---------+---------+---------+---------+------------------+----------------+------------------+--------------+-------------+---------+--------------+
|      13 | 2023-11-07 10:35:00-05:00 | 38.91   | 38.97   | 38.89   | 38.97   |      1.69705e+06 |              0 |                0 |            1 |           0 |       1 |            0 |
+---------+---------------------------+---------+---------+---------+---------+------------------+----------------+------------------+--------------+-------------+---------+--------------+
|      14 | 2023-11-07 10:40:00-05:00 | 38.97   | 39.03   | 38.94   | 39      |      1.71375e+06 |              1 |                0 |            1 |           0 |       2 |            1 |
+---------+---------------------------+---------+---------+---------+---------+------------------+----------------+------------------+--------------+-------------+---------+--------------+
|      15 | 2023-11-07 10:45:00-05:00 | 39      | 39.1    | 38.97   | 39.09   |      1.23879e+06 |              1 |                0 |            1 |           0 |       2 |            0 |
+---------+---------------------------+---------+---------+---------+---------+------------------+----------------+------------------+--------------+-------------+---------+--------------+
|      16 | 2023-11-07 10:50:00-05:00 | 39.095  | 39.2    | 39.08   | 39.195  |      1.5979e+06  |              1 |                0 |            1 |           0 |       2 |            0 |
+---------+---------------------------+---------+---------+---------+---------+------------------+----------------+------------------+--------------+-------------+---------+--------------+
|      17 | 2023-11-07 10:55:00-05:00 | 39.1957 | 39.25   | 39.15   | 39.185  |      2.00301e+06 |              1 |                0 |            1 |           0 |       2 |            0 |
+---------+---------------------------+---------+---------+---------+---------+------------------+----------------+------------------+--------------+-------------+---------+--------------+
|      18 | 2023-11-07 11:00:00-05:00 | 39.185  | 39.2079 | 39.08   | 39.1318 |      1.67076e+06 |              1 |                0 |            1 |           0 |       2 |            0 |
+---------+---------------------------+---------+---------+---------+---------+------------------+----------------+------------------+--------------+-------------+---------+--------------+
|      19 | 2023-11-07 11:05:00-05:00 | 39.1344 | 39.23   | 39.1342 | 39.145  |      1.37213e+06 |              1 |                0 |            1 |           0 |       2 |            0 |
+---------+---------------------------+---------+---------+---------+---------+------------------+----------------+------------------+--------------+-------------+---------+--------------+
|      20 | 2023-11-07 11:10:00-05:00 | 39.148  | 39.2199 | 39.12   | 39.15   | 913614           |              1 |                0 |            1 |           0 |       2 |            0 |
+---------+---------------------------+---------+---------+---------+---------+------------------+----------------+------------------+--------------+-------------+---------+--------------+
|      21 | 2023-11-07 11:15:00-05:00 | 39.1484 | 39.155  | 39.0801 | 39.0899 | 918301           |              1 |                0 |            1 |           0 |       2 |            0 |
+---------+---------------------------+---------+---------+---------+---------+------------------+----------------+------------------+--------------+-------------+---------+--------------+
|      22 | 2023-11-07 11:20:00-05:00 | 39.0845 | 39.18   | 39.08   | 39.1101 | 842556           |              1 |                0 |            1 |           0 |       2 |            0 |
+---------+---------------------------+---------+---------+---------+---------+------------------+----------------+------------------+--------------+-------------+---------+--------------+
|      23 | 2023-11-07 11:25:00-05:00 | 39.12   | 39.19   | 39.11   | 39.17   | 666351           |              1 |                0 |            1 |           0 |       2 |            0 |
+---------+---------------------------+---------+---------+---------+---------+------------------+----------------+------------------+--------------+-------------+---------+--------------+
|      24 | 2023-11-07 11:30:00-05:00 | 39.17   | 39.28   | 39.145  | 39.2639 |      1.57437e+06 |              1 |                0 |            1 |           1 |       3 |            1 |
+---------+---------------------------+---------+---------+---------+---------+------------------+----------------+------------------+--------------+-------------+---------+--------------+
|      25 | 2023-11-07 11:35:00-05:00 | 39.2601 | 39.29   | 39.2101 | 39.26   | 988448           |              1 |                0 |            0 |           1 |       2 |           -1 |
+---------+---------------------------+---------+---------+---------+---------+------------------+----------------+------------------+--------------+-------------+---------+--------------+
|      26 | 2023-11-07 11:40:00-05:00 | 39.27   | 39.3    | 39.2101 | 39.2203 |      1.24999e+06 |              1 |                0 |            0 |           1 |       2 |            0 |
+---------+---------------------------+---------+---------+---------+---------+------------------+----------------+------------------+--------------+-------------+---------+--------------+
|      27 | 2023-11-07 11:45:00-05:00 | 39.22   | 39.2352 | 38.95   | 39.0348 |      2.80831e+06 |              0 |                0 |            0 |           1 |       1 |           -1 |
+---------+---------------------------+---------+---------+---------+---------+------------------+----------------+------------------+--------------+-------------+---------+--------------+
|      28 | 2023-11-07 11:50:00-05:00 | 39.04   | 39.09   | 39.01   | 39.0749 |      1.27992e+06 |              0 |                0 |            0 |           1 |       1 |            0 |
+---------+---------------------------+---------+---------+---------+---------+------------------+----------------+------------------+--------------+-------------+---------+--------------+
|      29 | 2023-11-07 11:55:00-05:00 | 39.075  | 39.16   | 39.05   | 39.0938 | 828299           |              0 |                0 |            0 |           1 |       1 |            0 |
+---------+---------------------------+---------+---------+---------+---------+------------------+----------------+------------------+--------------+-------------+---------+--------------+
|      30 | 2023-11-07 12:00:00-05:00 | 39.1    | 39.1    | 38.93   | 38.935  |      1.07961e+06 |              0 |                0 |            0 |           1 |       1 |            0 |
+---------+---------------------------+---------+---------+---------+---------+------------------+----------------+------------------+--------------+-------------+---------+--------------+
|      31 | 2023-11-07 12:05:00-05:00 | 38.9397 | 39.01   | 38.9    | 38.9703 | 897415           |              0 |                0 |            0 |           1 |       1 |            0 |
+---------+---------------------------+---------+---------+---------+---------+------------------+----------------+------------------+--------------+-------------+---------+--------------+
|      32 | 2023-11-07 12:10:00-05:00 | 38.9768 | 38.99   | 38.9401 | 38.975  | 496831           |              0 |                0 |            0 |           1 |       1 |            0 |
+---------+---------------------------+---------+---------+---------+---------+------------------+----------------+------------------+--------------+-------------+---------+--------------+
|      33 | 2023-11-07 12:15:00-05:00 | 38.9799 | 38.9799 | 38.83   | 38.9277 |      1.08211e+06 |              0 |                0 |            0 |           1 |       1 |            0 |
+---------+---------------------------+---------+---------+---------+---------+------------------+----------------+------------------+--------------+-------------+---------+--------------+
|      34 | 2023-11-07 12:20:00-05:00 | 38.93   | 38.99   | 38.895  | 38.946  | 752107           |              0 |                0 |            0 |           1 |       1 |            0 |
+---------+---------------------------+---------+---------+---------+---------+------------------+----------------+------------------+--------------+-------------+---------+--------------+
|      35 | 2023-11-07 12:25:00-05:00 | 38.94   | 38.99   | 38.87   | 38.8732 | 794008           |              0 |                0 |            0 |           0 |       0 |           -1 |
+---------+---------------------------+---------+---------+---------+---------+------------------+----------------+------------------+--------------+-------------+---------+--------------+
|      36 | 2023-11-07 12:30:00-05:00 | 38.88   | 38.97   | 38.76   | 38.9203 |      1.26596e+06 |              0 |                0 |            0 |           0 |       0 |            0 |
+---------+---------------------------+---------+---------+---------+---------+------------------+----------------+------------------+--------------+-------------+---------+--------------+
|      37 | 2023-11-07 12:35:00-05:00 | 38.92   | 39.04   | 38.8901 | 39      | 936265           |              0 |                0 |            0 |           0 |       0 |            0 |
+---------+---------------------------+---------+---------+---------+---------+------------------+----------------+------------------+--------------+-------------+---------+--------------+
|      38 | 2023-11-07 12:40:00-05:00 | 39.005  | 39.01   | 38.945  | 39.01   | 508749           |              0 |                0 |            0 |           0 |       0 |            0 |
+---------+---------------------------+---------+---------+---------+---------+------------------+----------------+------------------+--------------+-------------+---------+--------------+
|      39 | 2023-11-07 12:45:00-05:00 | 39.01   | 39.12   | 38.95   | 38.9681 |      1.36496e+06 |              0 |                0 |            0 |           0 |       0 |            0 |
+---------+---------------------------+---------+---------+---------+---------+------------------+----------------+------------------+--------------+-------------+---------+--------------+
|      40 | 2023-11-07 12:50:00-05:00 | 38.9697 | 39.0299 | 38.92   | 38.98   | 644808           |              0 |                0 |            0 |           0 |       0 |            0 |
+---------+---------------------------+---------+---------+---------+---------+------------------+----------------+------------------+--------------+-------------+---------+--------------+
|      41 | 2023-11-07 12:55:00-05:00 | 38.9785 | 39.08   | 38.9501 | 39.0793 | 892741           |              1 |                0 |            0 |           0 |       1 |            1 |
+---------+---------------------------+---------+---------+---------+---------+------------------+----------------+------------------+--------------+-------------+---------+--------------+
|      42 | 2023-11-07 13:00:00-05:00 | 39.075  | 39.141  | 39.02   | 39.1197 |      1.45351e+06 |              1 |                0 |            0 |           0 |       1 |            0 |
+---------+---------------------------+---------+---------+---------+---------+------------------+----------------+------------------+--------------+-------------+---------+--------------+
|      43 | 2023-11-07 13:05:00-05:00 | 39.12   | 39.2004 | 39.0912 | 39.195  | 965612           |              1 |                0 |            0 |           0 |       1 |            0 |
+---------+---------------------------+---------+---------+---------+---------+------------------+----------------+------------------+--------------+-------------+---------+--------------+
|      44 | 2023-11-07 13:10:00-05:00 | 39.19   | 39.2399 | 39.1601 | 39.21   | 673620           |              1 |                0 |            1 |           0 |       2 |            1 |
+---------+---------------------------+---------+---------+---------+---------+------------------+----------------+------------------+--------------+-------------+---------+--------------+
|      45 | 2023-11-07 13:15:00-05:00 | 39.2001 | 39.27   | 39.19   | 39.2601 | 660541           |              1 |                0 |            1 |           0 |       2 |            0 |
+---------+---------------------------+---------+---------+---------+---------+------------------+----------------+------------------+--------------+-------------+---------+--------------+
|      46 | 2023-11-07 13:20:00-05:00 | 39.2603 | 39.3    | 39.17   | 39.265  | 991336           |              1 |                0 |            1 |           0 |       2 |            0 |
+---------+---------------------------+---------+---------+---------+---------+------------------+----------------+------------------+--------------+-------------+---------+--------------+
|      47 | 2023-11-07 13:25:00-05:00 | 39.266  | 39.2799 | 39.2101 | 39.2148 | 645041           |              1 |                0 |            1 |           0 |       2 |            0 |
+---------+---------------------------+---------+---------+---------+---------+------------------+----------------+------------------+--------------+-------------+---------+--------------+
|      48 | 2023-11-07 13:30:00-05:00 | 39.22   | 39.3    | 39.2101 | 39.2632 | 840144           |              1 |                0 |            1 |           0 |       2 |            0 |
+---------+---------------------------+---------+---------+---------+---------+------------------+----------------+------------------+--------------+-------------+---------+--------------+
|      49 | 2023-11-07 13:35:00-05:00 | 39.261  | 39.32   | 39.23   | 39.3049 | 789105           |              1 |                0 |            1 |           0 |       2 |            0 |
+---------+---------------------------+---------+---------+---------+---------+------------------+----------------+------------------+--------------+-------------+---------+--------------+
|      50 | 2023-11-07 13:40:00-05:00 | 39.3094 | 39.3099 | 39.2101 | 39.2456 | 834831           |              1 |                0 |            1 |           0 |       2 |            0 |
+---------+---------------------------+---------+---------+---------+---------+------------------+----------------+------------------+--------------+-------------+---------+--------------+
|      51 | 2023-11-07 13:45:00-05:00 | 39.24   | 39.33   | 39.24   | 39.3199 | 756482           |              1 |                0 |            1 |           0 |       2 |            0 |
+---------+---------------------------+---------+---------+---------+---------+------------------+----------------+------------------+--------------+-------------+---------+--------------+
|      52 | 2023-11-07 13:50:00-05:00 | 39.315  | 39.34   | 39.2701 | 39.2799 |      1.0192e+06  |              1 |                0 |            1 |           0 |       2 |            0 |
+---------+---------------------------+---------+---------+---------+---------+------------------+----------------+------------------+--------------+-------------+---------+--------------+
|      53 | 2023-11-07 13:55:00-05:00 | 39.28   | 39.32   | 39.21   | 39.29   | 779226           |              1 |                0 |            1 |           0 |       2 |            0 |
+---------+---------------------------+---------+---------+---------+---------+------------------+----------------+------------------+--------------+-------------+---------+--------------+
|      54 | 2023-11-07 14:00:00-05:00 | 39.29   | 39.37   | 39.29   | 39.33   | 740449           |              1 |                0 |            1 |           0 |       2 |            0 |
+---------+---------------------------+---------+---------+---------+---------+------------------+----------------+------------------+--------------+-------------+---------+--------------+
|      55 | 2023-11-07 14:05:00-05:00 | 39.33   | 39.33   | 39.24   | 39.2959 | 760563           |              0 |                0 |            1 |           0 |       1 |           -1 |
+---------+---------------------------+---------+---------+---------+---------+------------------+----------------+------------------+--------------+-------------+---------+--------------+
|      56 | 2023-11-07 14:10:00-05:00 | 39.298  | 39.34   | 39.27   | 39.2877 | 386691           |              0 |                0 |            0 |           0 |       0 |           -1 |
+---------+---------------------------+---------+---------+---------+---------+------------------+----------------+------------------+--------------+-------------+---------+--------------+
|      57 | 2023-11-07 14:15:00-05:00 | 39.28   | 39.34   | 39.27   | 39.311  | 537740           |              0 |                0 |            0 |           0 |       0 |            0 |
+---------+---------------------------+---------+---------+---------+---------+------------------+----------------+------------------+--------------+-------------+---------+--------------+
|      58 | 2023-11-07 14:20:00-05:00 | 39.31   | 39.35   | 39.285  | 39.33   | 514194           |              0 |                0 |            0 |           1 |       1 |            1 |
+---------+---------------------------+---------+---------+---------+---------+------------------+----------------+------------------+--------------+-------------+---------+--------------+
|      59 | 2023-11-07 14:25:00-05:00 | 39.33   | 39.33   | 39.27   | 39.3086 | 678778           |              0 |                0 |            0 |           1 |       1 |            0 |
+---------+---------------------------+---------+---------+---------+---------+------------------+----------------+------------------+--------------+-------------+---------+--------------+
|      60 | 2023-11-07 14:30:00-05:00 | 39.31   | 39.37   | 39.31   | 39.3551 | 739891           |              0 |                0 |            0 |           1 |       1 |            0 |
+---------+---------------------------+---------+---------+---------+---------+------------------+----------------+------------------+--------------+-------------+---------+--------------+
|      61 | 2023-11-07 14:35:00-05:00 | 39.35   | 39.37   | 39.29   | 39.2995 | 879908           |              0 |                0 |            0 |           1 |       1 |            0 |
+---------+---------------------------+---------+---------+---------+---------+------------------+----------------+------------------+--------------+-------------+---------+--------------+
|      62 | 2023-11-07 14:40:00-05:00 | 39.29   | 39.3    | 39.14   | 39.1999 |      1.09973e+06 |              0 |                0 |            0 |           1 |       1 |            0 |
+---------+---------------------------+---------+---------+---------+---------+------------------+----------------+------------------+--------------+-------------+---------+--------------+
|      63 | 2023-11-07 14:45:00-05:00 | 39.19   | 39.27   | 39.1602 | 39.1897 | 631846           |              0 |                0 |            0 |           1 |       1 |            0 |
+---------+---------------------------+---------+---------+---------+---------+------------------+----------------+------------------+--------------+-------------+---------+--------------+
|      64 | 2023-11-07 14:50:00-05:00 | 39.1849 | 39.2199 | 39.13   | 39.1502 | 657639           |              0 |                0 |            0 |           1 |       1 |            0 |
+---------+---------------------------+---------+---------+---------+---------+------------------+----------------+------------------+--------------+-------------+---------+--------------+
|      65 | 2023-11-07 14:55:00-05:00 | 39.155  | 39.21   | 39.15   | 39.1797 | 588224           |              0 |                0 |            0 |           1 |       1 |            0 |
+---------+---------------------------+---------+---------+---------+---------+------------------+----------------+------------------+--------------+-------------+---------+--------------+
|      66 | 2023-11-07 15:00:00-05:00 | 39.18   | 39.22   | 39.1    | 39.1051 | 955358           |              0 |                0 |            0 |           1 |       1 |            0 |
+---------+---------------------------+---------+---------+---------+---------+------------------+----------------+------------------+--------------+-------------+---------+--------------+
|      67 | 2023-11-07 15:05:00-05:00 | 39.11   | 39.14   | 39.05   | 39.11   | 896761           |              0 |                0 |            0 |           0 |       0 |           -1 |
+---------+---------------------------+---------+---------+---------+---------+------------------+----------------+------------------+--------------+-------------+---------+--------------+
|      68 | 2023-11-07 15:10:00-05:00 | 39.12   | 39.2    | 39.0901 | 39.18   | 587365           |              0 |                0 |            0 |           0 |       0 |            0 |
+---------+---------------------------+---------+---------+---------+---------+------------------+----------------+------------------+--------------+-------------+---------+--------------+
|      69 | 2023-11-07 15:15:00-05:00 | 39.18   | 39.2054 | 39.12   | 39.175  | 751530           |              0 |                0 |            0 |           0 |       0 |            0 |
+---------+---------------------------+---------+---------+---------+---------+------------------+----------------+------------------+--------------+-------------+---------+--------------+
|      70 | 2023-11-07 15:20:00-05:00 | 39.175  | 39.27   | 39.11   | 39.265  |      1.43982e+06 |              1 |                0 |            0 |           0 |       1 |            1 |
+---------+---------------------------+---------+---------+---------+---------+------------------+----------------+------------------+--------------+-------------+---------+--------------+
|      71 | 2023-11-07 15:25:00-05:00 | 39.2663 | 39.2799 | 39.23   | 39.26   | 660417           |              0 |                0 |            0 |           0 |       0 |           -1 |
+---------+---------------------------+---------+---------+---------+---------+------------------+----------------+------------------+--------------+-------------+---------+--------------+
|      72 | 2023-11-07 15:30:00-05:00 | 39.26   | 39.3    | 39.25   | 39.2701 | 628752           |              0 |                0 |            0 |           1 |       1 |            1 |
+---------+---------------------------+---------+---------+---------+---------+------------------+----------------+------------------+--------------+-------------+---------+--------------+
|      73 | 2023-11-07 15:35:00-05:00 | 39.27   | 39.34   | 39.26   | 39.34   | 947806           |              1 |                0 |            1 |           1 |       3 |            2 |
+---------+---------------------------+---------+---------+---------+---------+------------------+----------------+------------------+--------------+-------------+---------+--------------+
|      74 | 2023-11-07 15:40:00-05:00 | 39.33   | 39.33   | 39.29   | 39.3001 | 734145           |              0 |                0 |            1 |           1 |       2 |           -1 |
+---------+---------------------------+---------+---------+---------+---------+------------------+----------------+------------------+--------------+-------------+---------+--------------+
|      75 | 2023-11-07 15:45:00-05:00 | 39.31   | 39.33   | 39.23   | 39.2397 | 726968           |              0 |                0 |            1 |           1 |       2 |            0 |
+---------+---------------------------+---------+---------+---------+---------+------------------+----------------+------------------+--------------+-------------+---------+--------------+
|      76 | 2023-11-07 15:50:00-05:00 | 39.24   | 39.24   | 39.01   | 39.02   |      2.37553e+06 |              0 |                0 |            0 |           0 |       0 |           -2 |
+---------+---------------------------+---------+---------+---------+---------+------------------+----------------+------------------+--------------+-------------+---------+--------------+
|      77 | 2023-11-07 15:55:00-05:00 | 39.02   | 39.12   | 38.94   | 39.1    |      3.85781e+06 |              0 |                0 |            0 |           0 |       0 |            0 |
+---------+---------------------------+---------+---------+---------+---------+------------------+----------------+------------------+--------------+-------------+---------+--------------+
|      78 | 2023-11-08 09:30:00-05:00 | 39.2071 | 39.38   | 39.11   | 39.375  |      5.67055e+06 |              1 |                0 |            0 |           0 |       1 |            1 |
+---------+---------------------------+---------+---------+---------+---------+------------------+----------------+------------------+--------------+-------------+---------+--------------+
|      79 | 2023-11-08 09:35:00-05:00 | 39.375  | 39.42   | 39.2    | 39.3683 |      2.58949e+06 |              1 |                0 |            1 |           0 |       2 |            1 |
+---------+---------------------------+---------+---------+---------+---------+------------------+----------------+------------------+--------------+-------------+---------+--------------+
|      80 | 2023-11-08 09:40:00-05:00 | 39.36   | 39.36   | 39.1603 | 39.195  |      1.85084e+06 |              1 |                0 |            1 |           1 |       3 |            1 |
+---------+---------------------------+---------+---------+---------+---------+------------------+----------------+------------------+--------------+-------------+---------+--------------+
|      81 | 2023-11-08 09:45:00-05:00 | 39.2    | 39.3299 | 39.17   | 39.26   |      1.43627e+06 |              1 |                0 |            1 |           1 |       3 |            0 |
+---------+---------------------------+---------+---------+---------+---------+------------------+----------------+------------------+--------------+-------------+---------+--------------+
|      82 | 2023-11-08 09:50:00-05:00 | 39.267  | 39.41   | 39.25   | 39.369  |      1.75709e+06 |              1 |                0 |            1 |           1 |       3 |            0 |
+---------+---------------------------+---------+---------+---------+---------+------------------+----------------+------------------+--------------+-------------+---------+--------------+
|      83 | 2023-11-08 09:55:00-05:00 | 39.37   | 39.43   | 39.17   | 39.2197 |      1.92837e+06 |              1 |                0 |            1 |           1 |       3 |            0 |
+---------+---------------------------+---------+---------+---------+---------+------------------+----------------+------------------+--------------+-------------+---------+--------------+
|      84 | 2023-11-08 10:00:00-05:00 | 39.22   | 39.2536 | 38.9001 | 38.965  |      2.5031e+06  |              0 |                0 |            0 |           1 |       1 |           -2 |
+---------+---------------------------+---------+---------+---------+---------+------------------+----------------+------------------+--------------+-------------+---------+--------------+
|      85 | 2023-11-08 10:05:00-05:00 | 38.965  | 39.15   | 38.915  | 39.135  |      1.69953e+06 |              0 |                0 |            0 |           1 |       1 |            0 |
+---------+---------------------------+---------+---------+---------+---------+------------------+----------------+------------------+--------------+-------------+---------+--------------+
|      86 | 2023-11-08 10:10:00-05:00 | 39.1305 | 39.19   | 39.0242 | 39.045  |      1.46882e+06 |              0 |                0 |            0 |           1 |       1 |            0 |
+---------+---------------------------+---------+---------+---------+---------+------------------+----------------+------------------+--------------+-------------+---------+--------------+
|      87 | 2023-11-08 10:15:00-05:00 | 39.041  | 39.0599 | 38.96   | 39.045  |      1.39746e+06 |              0 |                0 |            0 |           1 |       1 |            0 |
+---------+---------------------------+---------+---------+---------+---------+------------------+----------------+------------------+--------------+-------------+---------+--------------+
|      88 | 2023-11-08 10:20:00-05:00 | 39.05   | 39.05   | 38.83   | 38.955  |      1.66701e+06 |              0 |                0 |            0 |           1 |       1 |            0 |
+---------+---------------------------+---------+---------+---------+---------+------------------+----------------+------------------+--------------+-------------+---------+--------------+
|      89 | 2023-11-08 10:25:00-05:00 | 38.9501 | 38.99   | 38.86   | 38.905  | 875633           |              0 |                0 |            0 |           1 |       1 |            0 |
+---------+---------------------------+---------+---------+---------+---------+------------------+----------------+------------------+--------------+-------------+---------+--------------+
|      90 | 2023-11-08 10:30:00-05:00 | 38.91   | 38.99   | 38.8632 | 38.94   |      1.05875e+06 |              1 |                0 |            0 |           1 |       2 |            1 |
+---------+---------------------------+---------+---------+---------+---------+------------------+----------------+------------------+--------------+-------------+---------+--------------+
|      91 | 2023-11-08 10:35:00-05:00 | 38.9399 | 38.995  | 38.83   | 38.86   |      1.53962e+06 |              0 |                1 |            0 |           1 |       2 |            0 |
+---------+---------------------------+---------+---------+---------+---------+------------------+----------------+------------------+--------------+-------------+---------+--------------+
|      92 | 2023-11-08 10:40:00-05:00 | 38.86   | 38.97   | 38.7901 | 38.955  |      1.76928e+06 |              0 |                1 |            0 |           1 |       2 |            0 |
+---------+---------------------------+---------+---------+---------+---------+------------------+----------------+------------------+--------------+-------------+---------+--------------+
|      93 | 2023-11-08 10:45:00-05:00 | 38.95   | 38.99   | 38.9015 | 38.9801 |      1.18772e+06 |              0 |                1 |            0 |           1 |       2 |            0 |
+---------+---------------------------+---------+---------+---------+---------+------------------+----------------+------------------+--------------+-------------+---------+--------------+
|      94 | 2023-11-08 10:50:00-05:00 | 38.98   | 38.99   | 38.83   | 38.8601 | 946647           |              0 |                1 |            0 |           1 |       2 |            0 |
+---------+---------------------------+---------+---------+---------+---------+------------------+----------------+------------------+--------------+-------------+---------+--------------+
|      95 | 2023-11-08 10:55:00-05:00 | 38.86   | 38.97   | 38.81   | 38.86   |      1.26811e+06 |              0 |                1 |            0 |           0 |       1 |           -1 |
+---------+---------------------------+---------+---------+---------+---------+------------------+----------------+------------------+--------------+-------------+---------+--------------+
|      96 | 2023-11-08 11:00:00-05:00 | 38.865  | 38.97   | 38.84   | 38.935  |      1.3686e+06  |              0 |                1 |            0 |           0 |       1 |            0 |
+---------+---------------------------+---------+---------+---------+---------+------------------+----------------+------------------+--------------+-------------+---------+--------------+
|      97 | 2023-11-08 11:05:00-05:00 | 38.94   | 38.97   | 38.805  | 38.84   | 842035           |              0 |                1 |            0 |           0 |       1 |            0 |
+---------+---------------------------+---------+---------+---------+---------+------------------+----------------+------------------+--------------+-------------+---------+--------------+
|      98 | 2023-11-08 11:10:00-05:00 | 38.84   | 38.96   | 38.835  | 38.955  |      1.03606e+06 |              1 |                1 |            0 |           0 |       2 |            1 |
+---------+---------------------------+---------+---------+---------+---------+------------------+----------------+------------------+--------------+-------------+---------+--------------+
|      99 | 2023-11-08 11:15:00-05:00 | 38.955  | 39.05   | 38.93   | 39.0151 |      1.65437e+06 |              1 |                1 |            1 |           1 |       4 |            2 |
+---------+---------------------------+---------+---------+---------+---------+------------------+----------------+------------------+--------------+-------------+---------+--------------+
|     100 | 2023-11-08 11:20:00-05:00 | 39.01   | 39.02   | 38.76   | 38.835  |      1.28354e+06 |              0 |                1 |            0 |           0 |       1 |           -3 |
+---------+---------------------------+---------+---------+---------+---------+------------------+----------------+------------------+--------------+-------------+---------+--------------+
|     101 | 2023-11-08 11:25:00-05:00 | 38.84   | 38.9313 | 38.81   | 38.89   |      1.00533e+06 |              1 |                1 |            1 |           0 |       3 |            2 |
+---------+---------------------------+---------+---------+---------+---------+------------------+----------------+------------------+--------------+-------------+---------+--------------+
|     102 | 2023-11-08 11:30:00-05:00 | 38.88   | 38.9852 | 38.845  | 38.91   |      1.70027e+06 |              1 |                1 |            1 |           0 |       3 |            0 |
+---------+---------------------------+---------+---------+---------+---------+------------------+----------------+------------------+--------------+-------------+---------+--------------+
|     103 | 2023-11-08 11:35:00-05:00 | 38.9178 | 39.0172 | 38.88   | 38.9187 |      1.24767e+06 |              1 |                1 |            1 |           0 |       3 |            0 |
+---------+---------------------------+---------+---------+---------+---------+------------------+----------------+------------------+--------------+-------------+---------+--------------+
|     104 | 2023-11-08 11:40:00-05:00 | 38.92   | 39.01   | 38.8801 | 39      | 971450           |              1 |                1 |            1 |           1 |       4 |            1 |
+---------+---------------------------+---------+---------+---------+---------+------------------+----------------+------------------+--------------+-------------+---------+--------------+
|     105 | 2023-11-08 11:45:00-05:00 | 39.0001 | 39.06   | 38.92   | 38.96   |      1.26518e+06 |              1 |                1 |            1 |           1 |       4 |            0 |
+---------+---------------------------+---------+---------+---------+---------+------------------+----------------+------------------+--------------+-------------+---------+--------------+
|     106 | 2023-11-08 11:50:00-05:00 | 38.9599 | 38.976  | 38.865  | 38.96   |      1.67567e+06 |              1 |                0 |            1 |           1 |       3 |           -1 |
+---------+---------------------------+---------+---------+---------+---------+------------------+----------------+------------------+--------------+-------------+---------+--------------+
|     107 | 2023-11-08 11:55:00-05:00 | 38.95   | 38.9777 | 38.8    | 38.8169 | 888791           |              0 |                1 |            1 |           1 |       3 |            0 |
+---------+---------------------------+---------+---------+---------+---------+------------------+----------------+------------------+--------------+-------------+---------+--------------+
|     108 | 2023-11-08 12:00:00-05:00 | 38.81   | 38.8399 | 38.68   | 38.72   |      1.82713e+06 |              0 |                1 |            0 |           1 |       2 |           -1 |
+---------+---------------------------+---------+---------+---------+---------+------------------+----------------+------------------+--------------+-------------+---------+--------------+
|     109 | 2023-11-08 12:05:00-05:00 | 38.715  | 38.74   | 38.43   | 38.52   |      2.43468e+06 |              0 |                1 |            0 |           1 |       2 |            0 |
+---------+---------------------------+---------+---------+---------+---------+------------------+----------------+------------------+--------------+-------------+---------+--------------+
|     110 | 2023-11-08 12:10:00-05:00 | 38.52   | 38.66   | 38.48   | 38.595  |      1.56407e+06 |              0 |                1 |            0 |           1 |       2 |            0 |
+---------+---------------------------+---------+---------+---------+---------+------------------+----------------+------------------+--------------+-------------+---------+--------------+
|     111 | 2023-11-08 12:15:00-05:00 | 38.59   | 38.6699 | 38.56   | 38.6434 | 664678           |              0 |                1 |            0 |           0 |       1 |           -1 |
+---------+---------------------------+---------+---------+---------+---------+------------------+----------------+------------------+--------------+-------------+---------+--------------+
|     112 | 2023-11-08 12:20:00-05:00 | 38.64   | 38.7    | 38.62   | 38.6639 | 791253           |              0 |                1 |            0 |           0 |       1 |            0 |
+---------+---------------------------+---------+---------+---------+---------+------------------+----------------+------------------+--------------+-------------+---------+--------------+
|     113 | 2023-11-08 12:25:00-05:00 | 38.66   | 38.69   | 38.6    | 38.6447 | 845373           |              0 |                1 |            0 |           0 |       1 |            0 |
+---------+---------------------------+---------+---------+---------+---------+------------------+----------------+------------------+--------------+-------------+---------+--------------+
|     114 | 2023-11-08 12:30:00-05:00 | 38.6416 | 38.65   | 38.57   | 38.6499 | 850611           |              0 |                1 |            0 |           0 |       1 |            0 |
+---------+---------------------------+---------+---------+---------+---------+------------------+----------------+------------------+--------------+-------------+---------+--------------+
|     115 | 2023-11-08 12:35:00-05:00 | 38.64   | 38.78   | 38.6    | 38.7732 |      1.22004e+06 |              1 |                1 |            0 |           0 |       2 |            1 |
+---------+---------------------------+---------+---------+---------+---------+------------------+----------------+------------------+--------------+-------------+---------+--------------+
|     116 | 2023-11-08 12:40:00-05:00 | 38.77   | 38.785  | 38.7101 | 38.77   | 850091           |              1 |                1 |            1 |           0 |       3 |            1 |
+---------+---------------------------+---------+---------+---------+---------+------------------+----------------+------------------+--------------+-------------+---------+--------------+
|     117 | 2023-11-08 12:45:00-05:00 | 38.761  | 38.7951 | 38.7203 | 38.7623 | 787181           |              1 |                1 |            1 |           0 |       3 |            0 |
+---------+---------------------------+---------+---------+---------+---------+------------------+----------------+------------------+--------------+-------------+---------+--------------+
|     118 | 2023-11-08 12:50:00-05:00 | 38.76   | 38.77   | 38.71   | 38.755  | 351271           |              0 |                1 |            1 |           0 |       2 |           -1 |
+---------+---------------------------+---------+---------+---------+---------+------------------+----------------+------------------+--------------+-------------+---------+--------------+
|     119 | 2023-11-08 12:55:00-05:00 | 38.75   | 38.7699 | 38.6901 | 38.7599 | 599663           |              0 |                1 |            1 |           0 |       2 |            0 |
+---------+---------------------------+---------+---------+---------+---------+------------------+----------------+------------------+--------------+-------------+---------+--------------+
|     120 | 2023-11-08 13:00:00-05:00 | 38.7501 | 38.91   | 38.68   | 38.8697 |      2.32463e+06 |              1 |                1 |            1 |           0 |       3 |            1 |
+---------+---------------------------+---------+---------+---------+---------+------------------+----------------+------------------+--------------+-------------+---------+--------------+
|     121 | 2023-11-08 13:05:00-05:00 | 38.865  | 38.9665 | 38.86   | 38.9312 |      2.02058e+06 |              1 |                1 |            1 |           0 |       3 |            0 |
+---------+---------------------------+---------+---------+---------+---------+------------------+----------------+------------------+--------------+-------------+---------+--------------+
|     122 | 2023-11-08 13:10:00-05:00 | 38.9305 | 38.9399 | 38.8149 | 38.84   | 940967           |              1 |                1 |            1 |           0 |       3 |            0 |
+---------+---------------------------+---------+---------+---------+---------+------------------+----------------+------------------+--------------+-------------+---------+--------------+
|     123 | 2023-11-08 13:15:00-05:00 | 38.84   | 38.8853 | 38.79   | 38.8097 | 863210           |              1 |                1 |            1 |           0 |       3 |            0 |
+---------+---------------------------+---------+---------+---------+---------+------------------+----------------+------------------+--------------+-------------+---------+--------------+
|     124 | 2023-11-08 13:20:00-05:00 | 38.8099 | 38.92   | 38.74   | 38.9    |      1.23705e+06 |              1 |                1 |            1 |           0 |       3 |            0 |
+---------+---------------------------+---------+---------+---------+---------+------------------+----------------+------------------+--------------+-------------+---------+--------------+
|     125 | 2023-11-08 13:25:00-05:00 | 38.905  | 38.9799 | 38.87   | 38.953  | 984143           |              1 |                1 |            1 |           0 |       3 |            0 |
+---------+---------------------------+---------+---------+---------+---------+------------------+----------------+------------------+--------------+-------------+---------+--------------+
|     126 | 2023-11-08 13:30:00-05:00 | 38.96   | 38.995  | 38.94   | 38.9755 | 872836           |              1 |                1 |            1 |           0 |       3 |            0 |
+---------+---------------------------+---------+---------+---------+---------+------------------+----------------+------------------+--------------+-------------+---------+--------------+
|     127 | 2023-11-08 13:35:00-05:00 | 38.97   | 39.02   | 38.94   | 38.9843 |      1.14612e+06 |              1 |                0 |            1 |           0 |       2 |           -1 |
+---------+---------------------------+---------+---------+---------+---------+------------------+----------------+------------------+--------------+-------------+---------+--------------+
|     128 | 2023-11-08 13:40:00-05:00 | 38.9801 | 39.03   | 38.9764 | 39.0101 | 577950           |              1 |                0 |            1 |           0 |       2 |            0 |
+---------+---------------------------+---------+---------+---------+---------+------------------+----------------+------------------+--------------+-------------+---------+--------------+
|     129 | 2023-11-08 13:45:00-05:00 | 39.0158 | 39.05   | 38.9701 | 39.005  | 670935           |              1 |                0 |            1 |           0 |       2 |            0 |
+---------+---------------------------+---------+---------+---------+---------+------------------+----------------+------------------+--------------+-------------+---------+--------------+
|     130 | 2023-11-08 13:50:00-05:00 | 39      | 39.025  | 38.9501 | 39.005  | 570573           |              1 |                0 |            1 |           0 |       2 |            0 |
+---------+---------------------------+---------+---------+---------+---------+------------------+----------------+------------------+--------------+-------------+---------+--------------+
|     131 | 2023-11-08 13:55:00-05:00 | 39      | 39.01   | 38.94   | 38.9784 | 373446           |              1 |                0 |            1 |           0 |       2 |            0 |
+---------+---------------------------+---------+---------+---------+---------+------------------+----------------+------------------+--------------+-------------+---------+--------------+
|     132 | 2023-11-08 14:00:00-05:00 | 38.98   | 39.09   | 38.93   | 39.0631 |      1.13863e+06 |              1 |                0 |            1 |           0 |       2 |            0 |
+---------+---------------------------+---------+---------+---------+---------+------------------+----------------+------------------+--------------+-------------+---------+--------------+
|     133 | 2023-11-08 14:05:00-05:00 | 39.069  | 39.15   | 39.06   | 39.145  |      1.25405e+06 |              1 |                0 |            1 |           0 |       2 |            0 |
+---------+---------------------------+---------+---------+---------+---------+------------------+----------------+------------------+--------------+-------------+---------+--------------+
|     134 | 2023-11-08 14:10:00-05:00 | 39.1465 | 39.1499 | 39.08   | 39.0801 | 669487           |              0 |                0 |            1 |           0 |       1 |           -1 |
+---------+---------------------------+---------+---------+---------+---------+------------------+----------------+------------------+--------------+-------------+---------+--------------+
|     135 | 2023-11-08 14:15:00-05:00 | 39.09   | 39.1551 | 39.0825 | 39.1065 | 664901           |              0 |                0 |            1 |           0 |       1 |            0 |
+---------+---------------------------+---------+---------+---------+---------+------------------+----------------+------------------+--------------+-------------+---------+--------------+
|     136 | 2023-11-08 14:20:00-05:00 | 39.105  | 39.17   | 39.1    | 39.1401 | 512693           |              1 |                0 |            1 |           0 |       2 |            1 |
+---------+---------------------------+---------+---------+---------+---------+------------------+----------------+------------------+--------------+-------------+---------+--------------+
|     137 | 2023-11-08 14:25:00-05:00 | 39.14   | 39.16   | 39.1012 | 39.1452 | 561939           |              1 |                0 |            1 |           1 |       3 |            1 |
+---------+---------------------------+---------+---------+---------+---------+------------------+----------------+------------------+--------------+-------------+---------+--------------+
|     138 | 2023-11-08 14:30:00-05:00 | 39.145  | 39.1998 | 39.03   | 39.055  |      1.03552e+06 |              0 |                0 |            1 |           1 |       2 |           -1 |
+---------+---------------------------+---------+---------+---------+---------+------------------+----------------+------------------+--------------+-------------+---------+--------------+
|     139 | 2023-11-08 14:35:00-05:00 | 39.055  | 39.15   | 39.01   | 39.15   | 762025           |              0 |                0 |            1 |           1 |       2 |            0 |
+---------+---------------------------+---------+---------+---------+---------+------------------+----------------+------------------+--------------+-------------+---------+--------------+
|     140 | 2023-11-08 14:40:00-05:00 | 39.14   | 39.16   | 39.06   | 39.1201 | 565889           |              0 |                0 |            1 |           1 |       2 |            0 |
+---------+---------------------------+---------+---------+---------+---------+------------------+----------------+------------------+--------------+-------------+---------+--------------+
|     141 | 2023-11-08 14:45:00-05:00 | 39.12   | 39.1358 | 39.07   | 39.08   | 597044           |              0 |                0 |            1 |           1 |       2 |            0 |
+---------+---------------------------+---------+---------+---------+---------+------------------+----------------+------------------+--------------+-------------+---------+--------------+
|     142 | 2023-11-08 14:50:00-05:00 | 39.07   | 39.08   | 39.01   | 39.06   | 806108           |              0 |                0 |            0 |           1 |       1 |           -1 |
+---------+---------------------------+---------+---------+---------+---------+------------------+----------------+------------------+--------------+-------------+---------+--------------+
|     143 | 2023-11-08 14:55:00-05:00 | 39.06   | 39.07   | 38.91   | 38.94   |      1.01473e+06 |              0 |                0 |            0 |           1 |       1 |            0 |
+---------+---------------------------+---------+---------+---------+---------+------------------+----------------+------------------+--------------+-------------+---------+--------------+
|     144 | 2023-11-08 15:00:00-05:00 | 38.95   | 39.02   | 38.94   | 39.0101 | 740240           |              0 |                0 |            0 |           1 |       1 |            0 |
+---------+---------------------------+---------+---------+---------+---------+------------------+----------------+------------------+--------------+-------------+---------+--------------+
|     145 | 2023-11-08 15:05:00-05:00 | 39.015  | 39.04   | 38.97   | 38.9845 | 541993           |              0 |                0 |            0 |           0 |       0 |           -1 |
+---------+---------------------------+---------+---------+---------+---------+------------------+----------------+------------------+--------------+-------------+---------+--------------+
|     146 | 2023-11-08 15:10:00-05:00 | 38.99   | 39.04   | 38.94   | 39.025  | 577194           |              0 |                0 |            0 |           0 |       0 |            0 |
+---------+---------------------------+---------+---------+---------+---------+------------------+----------------+------------------+--------------+-------------+---------+--------------+
|     147 | 2023-11-08 15:15:00-05:00 | 39.03   | 39.0495 | 38.97   | 39.0101 | 626261           |              0 |                0 |            0 |           0 |       0 |            0 |
+---------+---------------------------+---------+---------+---------+---------+------------------+----------------+------------------+--------------+-------------+---------+--------------+
|     148 | 2023-11-08 15:20:00-05:00 | 39.0105 | 39.07   | 38.985  | 39.055  | 484124           |              0 |                0 |            0 |           0 |       0 |            0 |
+---------+---------------------------+---------+---------+---------+---------+------------------+----------------+------------------+--------------+-------------+---------+--------------+
|     149 | 2023-11-08 15:25:00-05:00 | 39.05   | 39.1    | 39.03   | 39.065  | 604596           |              0 |                0 |            0 |           0 |       0 |            0 |
+---------+---------------------------+---------+---------+---------+---------+------------------+----------------+------------------+--------------+-------------+---------+--------------+
|     150 | 2023-11-08 15:30:00-05:00 | 39.065  | 39.065  | 38.98   | 38.9838 | 616700           |              0 |                0 |            0 |           0 |       0 |            0 |
+---------+---------------------------+---------+---------+---------+---------+------------------+----------------+------------------+--------------+-------------+---------+--------------+
|     151 | 2023-11-08 15:35:00-05:00 | 38.9801 | 39.08   | 38.9801 | 39.0638 | 425356           |              0 |                0 |            0 |           0 |       0 |            0 |
+---------+---------------------------+---------+---------+---------+---------+------------------+----------------+------------------+--------------+-------------+---------+--------------+
|     152 | 2023-11-08 15:40:00-05:00 | 39.07   | 39.245  | 39.0627 | 39.2001 |      2.19319e+06 |              1 |                0 |            1 |           0 |       2 |            2 |
+---------+---------------------------+---------+---------+---------+---------+------------------+----------------+------------------+--------------+-------------+---------+--------------+
|     153 | 2023-11-08 15:45:00-05:00 | 39.2    | 39.23   | 39.15   | 39.15   | 927124           |              0 |                0 |            1 |           0 |       1 |           -1 |
+---------+---------------------------+---------+---------+---------+---------+------------------+----------------+------------------+--------------+-------------+---------+--------------+
|     154 | 2023-11-08 15:50:00-05:00 | 39.1855 | 39.1855 | 39.1855 | 39.1855 |      0           |              1 |                0 |            1 |           0 |       2 |            1 |
+---------+---------------------------+---------+---------+---------+---------+------------------+----------------+------------------+--------------+-------------+---------+--------------+

  Buy Price  Buy Time                     Sell Price  Sell Time                     Profit    Trade Length
-----------  -------------------------  ------------  -------------------------  ---------  --------------
    38.8732  2023-11-07 12:25:00-05:00       39.0793  2023-11-07 12:55:00-05:00  0.2061                  6
    39.2877  2023-11-07 14:10:00-05:00       39.33    2023-11-07 14:20:00-05:00  0.0423012               2
    39.11    2023-11-07 15:05:00-05:00       39.265   2023-11-07 15:20:00-05:00  0.154999                3
    39.26    2023-11-07 15:25:00-05:00       39.2701  2023-11-07 15:30:00-05:00  0.0101013               1
    39.02    2023-11-07 15:50:00-05:00       39.375   2023-11-08 09:30:00-05:00  0.355                   2
    38.9845  2023-11-08 15:05:00-05:00       39.2001  2023-11-08 15:40:00-05:00  0.215599                7
Total Profit: 0.984100341796875 Median Trade Length: 2.5 Average Trade Length: 3.5
