Trading Output for aapl for the last 300 days
+----+---------------------------+---------+-------------+---------+---------+-------------+---------+----------+----------------+------------------+--------------+-------------+---------+--------------+
|    |                           |   Index |   Timestamp |    Open |    High |         Low |   Close |   Volume |   RSIEMA Cross |   SMA/VWAP Cross |   MACD Cross |   KNN EMA X |   Total |   Total Diff |
+====+===========================+=========+=============+=========+=========+=============+=========+==========+================+==================+==============+=============+=========+==============+
|  0 | 2023-06-21 00:00:00-04:00 | 184.651 |     185.16  | 182.344 | 183.712 | 4.95157e+07 |       0 |        1 |              0 |                0 |            0 |           0 | 172.164 |      174.6   |
+----+---------------------------+---------+-------------+---------+---------+-------------+---------+----------+----------------+------------------+--------------+-------------+---------+--------------+
|  1 | 2023-06-22 00:00:00-04:00 | 183.492 |     186.798 | 183.422 | 186.748 | 5.12453e+07 |       0 |        1 |              1 |                0 |            1 |           1 | 173.85  |      176.144 |
+----+---------------------------+---------+-------------+---------+---------+-------------+---------+----------+----------------+------------------+--------------+-------------+---------+--------------+
|  2 | 2023-06-23 00:00:00-04:00 | 185.3   |     187.307 | 184.76  | 186.428 | 5.30793e+07 |       0 |        1 |              1 |                0 |            1 |           0 | 175.638 |      178.036 |
+----+---------------------------+---------+-------------+---------+---------+-------------+---------+----------+----------------+------------------+--------------+-------------+---------+--------------+
|  3 | 2023-06-26 00:00:00-04:00 | 186.578 |     187.796 | 184.98  | 185.02  | 4.80887e+07 |       0 |        1 |              1 |                0 |            1 |           0 | 177.848 |      179.654 |
+----+---------------------------+---------+-------------+---------+---------+-------------+---------+----------+----------------+------------------+--------------+-------------+---------+--------------+
|  4 | 2023-06-27 00:00:00-04:00 | 185.639 |     188.136 | 185.42  | 187.806 | 5.07308e+07 |       0 |        1 |              1 |                0 |            1 |           0 | 179.632 |      180.573 |
+----+---------------------------+---------+-------------+---------+---------+-------------+---------+----------+----------------+------------------+--------------+-------------+---------+--------------+
|  5 | 2023-06-28 00:00:00-04:00 | 187.677 |     189.644 | 187.347 | 188.995 | 5.12168e+07 |       0 |        0 |              1 |                0 |            1 |           0 | 185.943 |        0     |
+----+---------------------------+---------+-------------+---------+---------+-------------+---------+----------+----------------+------------------+--------------+-------------+---------+--------------+
|  6 | 2023-06-29 00:00:00-04:00 | 188.825 |     189.814 | 188.685 | 189.334 | 4.63473e+07 |       0 |        0 |              1 |                0 |            1 |           0 | 186.999 |        0     |
+----+---------------------------+---------+-------------+---------+---------+-------------+---------+----------+----------------+------------------+--------------+-------------+---------+--------------+
|  7 | 2023-06-30 00:00:00-04:00 | 191.372 |     194.218 | 191.002 | 193.708 | 8.50696e+07 |       0 |        0 |              1 |                0 |            1 |           0 | 187.517 |        0     |
+----+---------------------------+---------+-------------+---------+---------+-------------+---------+----------+----------------+------------------+--------------+-------------+---------+--------------+
|  8 | 2023-07-03 00:00:00-04:00 | 193.519 |     193.619 | 191.501 | 192.2   | 3.14582e+07 |       0 |        0 |              1 |                0 |            1 |           0 | 188.973 |        0     |
+----+---------------------------+---------+-------------+---------+---------+-------------+---------+----------+----------------+------------------+--------------+-------------+---------+--------------+
|  9 | 2023-07-05 00:00:00-04:00 | 191.312 |     192.72  | 190.363 | 191.072 | 4.69203e+07 |       0 |        0 |              1 |                1 |            1 |           0 | 190.409 |      185.943 |
+----+---------------------------+---------+-------------+---------+---------+-------------+---------+----------+----------------+------------------+--------------+-------------+---------+--------------+
| 10 | 2023-07-06 00:00:00-04:00 | 189.584 |     191.761 | 188.945 | 191.551 | 4.50943e+07 |       0 |        0 |              1 |                1 |            1 |           0 | 191.062 |      186.96  |
+----+---------------------------+---------+-------------+---------+---------+-------------+---------+----------+----------------+------------------+--------------+-------------+---------+--------------+
| 11 | 2023-07-07 00:00:00-04:00 | 191.152 |     192.41  | 189.983 | 190.423 | 4.6778e+07  |       0 |        0 |              1 |                1 |            1 |           0 | 191.573 |      187.752 |
+----+---------------------------+---------+-------------+---------+---------+-------------+---------+----------+----------------+------------------+--------------+-------------+---------+--------------+
| 12 | 2023-07-10 00:00:00-04:00 | 189.005 |     189.734 | 186.788 | 188.356 | 5.99222e+07 |       0 |        0 |              1 |                1 |            1 |           0 | 191.791 |      189.737 |
+----+---------------------------+---------+-------------+---------+---------+-------------+---------+----------+----------------+------------------+--------------+-------------+---------+--------------+
| 13 | 2023-07-11 00:00:00-04:00 | 188.905 |     189.045 | 186.348 | 187.826 | 4.66381e+07 |       0 |        0 |              1 |                0 |            1 |           0 | 190.72  |      190.558 |
+----+---------------------------+---------+-------------+---------+---------+-------------+---------+----------+----------------+------------------+--------------+-------------+---------+--------------+
| 14 | 2023-07-12 00:00:00-04:00 | 189.424 |     191.441 | 188.216 | 189.514 | 6.07502e+07 |       1 |        0 |              0 |                0 |            1 |           0 | 189.846 |      190.73  |
+----+---------------------------+---------+-------------+---------+---------+-------------+---------+----------+----------------+------------------+--------------+-------------+---------+--------------+
| 15 | 2023-07-13 00:00:00-04:00 | 190.243 |     190.932 | 189.524 | 190.283 | 4.13423e+07 |       1 |        0 |              0 |                0 |            1 |           0 | 189.534 |      191.003 |
+----+---------------------------+---------+-------------+---------+---------+-------------+---------+----------+----------------+------------------+--------------+-------------+---------+--------------+
| 16 | 2023-07-14 00:00:00-04:00 | 189.973 |     190.922 | 189.374 | 190.433 | 4.15739e+07 |       1 |        0 |              0 |                0 |            1 |           0 | 189.28  |      190.81  |
+----+---------------------------+---------+-------------+---------+---------+-------------+---------+----------+----------------+------------------+--------------+-------------+---------+--------------+
| 17 | 2023-07-17 00:00:00-04:00 | 191.641 |     194.058 | 191.551 | 193.728 | 5.05202e+07 |       1 |        0 |              1 |                0 |            2 |           1 | 189.282 |      189.992 |
+----+---------------------------+---------+-------------+---------+---------+-------------+---------+----------+----------------+------------------+--------------+-------------+---------+--------------+
| 18 | 2023-07-18 00:00:00-04:00 | 193.089 |     194.068 | 192.161 | 193.469 | 4.83538e+07 |       1 |        0 |              1 |                0 |            2 |           0 | 190.357 |      189.27  |
+----+---------------------------+---------+-------------+---------+---------+-------------+---------+----------+----------------+------------------+--------------+-------------+---------+--------------+
| 19 | 2023-07-19 00:00:00-04:00 | 192.84  |     197.963 | 192.39  | 194.837 | 8.05073e+07 |       1 |        0 |              1 |                0 |            2 |           0 | 191.485 |      189.351 |
+----+---------------------------+---------+-------------+---------+---------+-------------+---------+----------+----------------+------------------+--------------+-------------+---------+--------------+
| 20 | 2023-07-20 00:00:00-04:00 | 194.827 |     196.205 | 192.24  | 192.87  | 5.95812e+07 |       1 |        0 |              1 |                0 |            2 |           0 | 192.55  |      189.662 |
+----+---------------------------+---------+-------------+---------+---------+-------------+---------+----------+----------------+------------------+--------------+-------------+---------+--------------+
| 21 | 2023-07-21 00:00:00-04:00 | 193.838 |     194.707 | 190.972 | 191.681 | 7.19178e+07 |       1 |        0 |              1 |                0 |            2 |           0 | 193.067 |      189.919 |
+----+---------------------------+---------+-------------+---------+---------+-------------+---------+----------+----------------+------------------+--------------+-------------+---------+--------------+
| 22 | 2023-07-24 00:00:00-04:00 | 193.149 |     194.647 | 191.991 | 192.49  | 4.53778e+07 |       1 |        0 |              1 |                0 |            2 |           0 | 193.317 |      191.189 |
+----+---------------------------+---------+-------------+---------+---------+-------------+---------+----------+----------------+------------------+--------------+-------------+---------+--------------+
| 23 | 2023-07-25 00:00:00-04:00 | 193.069 |     194.178 | 192.66  | 193.359 | 3.72832e+07 |       1 |        0 |              1 |                0 |            2 |           0 | 193.069 |      191.949 |
+----+---------------------------+---------+-------------+---------+---------+-------------+---------+----------+----------------+------------------+--------------+-------------+---------+--------------+
| 24 | 2023-07-26 00:00:00-04:00 | 193.409 |     195.376 | 193.059 | 194.238 | 4.74719e+07 |       1 |        0 |              1 |                0 |            2 |           0 | 193.047 |      192.911 |
+----+---------------------------+---------+-------------+---------+---------+-------------+---------+----------+----------------+------------------+--------------+-------------+---------+--------------+
| 25 | 2023-07-27 00:00:00-04:00 | 195.756 |     196.934 | 192.29  | 192.959 | 4.74602e+07 |       1 |        0 |              0 |                0 |            1 |          -1 | 192.927 |      192.897 |
+----+---------------------------+---------+-------------+---------+---------+-------------+---------+----------+----------------+------------------+--------------+-------------+---------+--------------+
| 26 | 2023-07-28 00:00:00-04:00 | 194.407 |     196.365 | 193.878 | 195.566 | 4.82914e+07 |       1 |        0 |              1 |                0 |            2 |           1 | 192.945 |      192.492 |
+----+---------------------------+---------+-------------+---------+---------+-------------+---------+----------+----------------+------------------+--------------+-------------+---------+--------------+
| 27 | 2023-07-31 00:00:00-04:00 | 195.796 |     196.225 | 194.997 | 196.185 | 3.88241e+07 |       1 |        0 |              1 |                1 |            2 |           0 | 193.722 |      192.491 |
+----+---------------------------+---------+-------------+---------+---------+-------------+---------+----------+----------------+------------------+--------------+-------------+---------+--------------+
| 28 | 2023-08-01 00:00:00-04:00 | 195.975 |     196.465 | 195.017 | 195.346 | 3.51751e+07 |       1 |        0 |              1 |                1 |            2 |           0 | 194.461 |      192.781 |
+----+---------------------------+---------+-------------+---------+---------+-------------+---------+----------+----------------+------------------+--------------+-------------+---------+--------------+
| 29 | 2023-08-02 00:00:00-04:00 | 194.777 |     194.917 | 191.591 | 192.32  | 5.03893e+07 |       1 |        0 |              0 |                1 |            1 |          -1 | 194.859 |      193.266 |
+----+---------------------------+---------+-------------+---------+---------+-------------+---------+----------+----------------+------------------+--------------+-------------+---------+--------------+
| 30 | 2023-08-03 00:00:00-04:00 | 191.312 |     192.111 | 190.433 | 190.912 | 6.12352e+07 |       0 |        0 |              0 |                1 |            0 |          -1 | 194.475 |      193.164 |
+----+---------------------------+---------+-------------+---------+---------+-------------+---------+----------+----------------+------------------+--------------+-------------+---------+--------------+
| 31 | 2023-08-04 00:00:00-04:00 | 185.27  |     187.127 | 181.675 | 181.745 | 1.158e+08   |       0 |        0 |              0 |                1 |            0 |           0 | 194.066 |      193.965 |
+----+---------------------------+---------+-------------+---------+---------+-------------+---------+----------+----------------+------------------+--------------+-------------+---------+--------------+
| 32 | 2023-08-07 00:00:00-04:00 | 181.884 |     182.883 | 177.111 | 178.609 | 9.75761e+07 |       0 |        1 |              0 |                1 |            0 |           0 | 191.302 |      194.705 |
+----+---------------------------+---------+-------------+---------+---------+-------------+---------+----------+----------------+------------------+--------------+-------------+---------+--------------+
| 33 | 2023-08-08 00:00:00-04:00 | 179.448 |     180.027 | 177.341 | 179.558 | 6.7823e+07  |       0 |        1 |              0 |                1 |            0 |           0 | 187.786 |      194.919 |
+----+---------------------------+---------+-------------+---------+---------+-------------+---------+----------+----------------+------------------+--------------+-------------+---------+--------------+
| 34 | 2023-08-09 00:00:00-04:00 | 180.626 |     180.686 | 176.771 | 177.95  | 6.03785e+07 |       0 |        1 |              0 |                1 |            0 |           0 | 184.629 |      194.052 |
+----+---------------------------+---------+-------------+---------+---------+-------------+---------+----------+----------------+------------------+--------------+-------------+---------+--------------+
| 35 | 2023-08-10 00:00:00-04:00 | 179.238 |     180.506 | 177.36  | 177.73  | 5.46869e+07 |       0 |        1 |              0 |                1 |            0 |           0 | 181.755 |      193.006 |
+----+---------------------------+---------+-------------+---------+---------+-------------+---------+----------+----------------+------------------+--------------+-------------+---------+--------------+
| 36 | 2023-08-11 00:00:00-04:00 | 177.32  |     178.62  | 176.55  | 177.79  | 5.19881e+07 |       0 |        1 |              0 |                1 |            0 |           0 | 179.118 |      189.252 |
+----+---------------------------+---------+-------------+---------+---------+-------------+---------+----------+----------------+------------------+--------------+-------------+---------+--------------+
| 37 | 2023-08-14 00:00:00-04:00 | 177.97  |     179.69  | 177.31  | 179.46  | 4.36756e+07 |       0 |        1 |              0 |                1 |            0 |           0 | 178.327 |      185.704 |
+----+---------------------------+---------+-------------+---------+---------+-------------+---------+----------+----------------+------------------+--------------+-------------+---------+--------------+
| 38 | 2023-08-15 00:00:00-04:00 | 178.88  |     179.48  | 177.05  | 177.45  | 4.36226e+07 |       0 |        1 |              0 |                1 |            0 |           0 | 178.497 |      183.655 |
+----+---------------------------+---------+-------------+---------+---------+-------------+---------+----------+----------------+------------------+--------------+-------------+---------+--------------+
| 39 | 2023-08-16 00:00:00-04:00 | 177.13  |     178.54  | 176.5   | 176.57  | 4.69649e+07 |       0 |        1 |              0 |                1 |            0 |           0 | 178.076 |      181.753 |
+----+---------------------------+---------+-------------+---------+---------+-------------+---------+----------+----------------+------------------+--------------+-------------+---------+--------------+
| 40 | 2023-08-17 00:00:00-04:00 | 177.14  |     177.51  | 173.48  | 174     | 6.60629e+07 |       0 |        1 |              0 |                1 |            0 |           0 | 177.8   |      180.412 |
+----+---------------------------+---------+-------------+---------+---------+-------------+---------+----------+----------------+------------------+--------------+-------------+---------+--------------+
| 41 | 2023-08-18 00:00:00-04:00 | 172.3   |     175.1   | 171.96  | 174.49  | 6.11142e+07 |       0 |        1 |              0 |                0 |            0 |           0 | 177.054 |      179.538 |
+----+---------------------------+---------+-------------+---------+---------+-------------+---------+----------+----------------+------------------+--------------+-------------+---------+--------------+
| 42 | 2023-08-21 00:00:00-04:00 | 175.07  |     176.13  | 173.74  | 175.84  | 4.63119e+07 |       0 |        1 |              0 |                0 |            0 |           0 | 176.394 |      179.512 |
+----+---------------------------+---------+-------------+---------+---------+-------------+---------+----------+----------------+------------------+--------------+-------------+---------+--------------+
| 43 | 2023-08-22 00:00:00-04:00 | 177.06  |     177.68  | 176.25  | 177.23  | 4.20842e+07 |       0 |        1 |              0 |                0 |            0 |           0 | 175.67  |      178.825 |
+----+---------------------------+---------+-------------+---------+---------+-------------+---------+----------+----------------+------------------+--------------+-------------+---------+--------------+
| 44 | 2023-08-23 00:00:00-04:00 | 178.52  |     181.55  | 178.33  | 181.12  | 5.27228e+07 |       1 |        1 |              0 |                0 |            1 |           1 | 175.626 |      178.073 |
+----+---------------------------+---------+-------------+---------+---------+-------------+---------+----------+----------------+------------------+--------------+-------------+---------+--------------+
| 45 | 2023-08-24 00:00:00-04:00 | 180.67  |     181.1   | 176.01  | 176.38  | 5.49458e+07 |       1 |        1 |              0 |                0 |            1 |           0 | 176.536 |      176.715 |
+----+---------------------------+---------+-------------+---------+---------+-------------+---------+----------+----------------+------------------+--------------+-------------+---------+--------------+
| 46 | 2023-08-25 00:00:00-04:00 | 177.38  |     179.15  | 175.82  | 178.61  | 5.14496e+07 |       1 |        1 |              1 |                0 |            2 |           1 | 177.012 |      175.974 |
+----+---------------------------+---------+-------------+---------+---------+-------------+---------+----------+----------------+------------------+--------------+-------------+---------+--------------+
| 47 | 2023-08-28 00:00:00-04:00 | 180.09  |     180.59  | 178.55  | 180.19  | 4.38207e+07 |       1 |        1 |              1 |                0 |            2 |           0 | 177.836 |      175.929 |
+----+---------------------------+---------+-------------+---------+---------+-------------+---------+----------+----------------+------------------+--------------+-------------+---------+--------------+
| 48 | 2023-08-29 00:00:00-04:00 | 179.7   |     184.9   | 179.5   | 184.12  | 5.30039e+07 |       1 |        1 |              1 |                0 |            2 |           0 | 178.706 |      176.363 |
+----+---------------------------+---------+-------------+---------+---------+-------------+---------+----------+----------------+------------------+--------------+-------------+---------+--------------+
| 49 | 2023-08-30 00:00:00-04:00 | 184.94  |     187.85  | 184.74  | 187.65  | 6.08139e+07 |       1 |        1 |              1 |                0 |            2 |           0 | 180.084 |      177.948 |
+----+---------------------------+---------+-------------+---------+---------+-------------+---------+----------+----------------+------------------+--------------+-------------+---------+--------------+
| 50 | 2023-08-31 00:00:00-04:00 | 187.84  |     189.12  | 187.48  | 187.87  | 6.07945e+07 |       1 |        1 |              1 |                0 |            2 |           0 | 181.39  |      177.426 |
+----+---------------------------+---------+-------------+---------+---------+-------------+---------+----------+----------------+------------------+--------------+-------------+---------+--------------+
| 51 | 2023-09-01 00:00:00-04:00 | 189.49  |     189.92  | 188.28  | 189.46  | 4.57326e+07 |       1 |        1 |              1 |                1 |            2 |           0 | 183.688 |      177.82  |
+----+---------------------------+---------+-------------+---------+---------+-------------+---------+----------+----------------+------------------+--------------+-------------+---------+--------------+
| 52 | 2023-09-05 00:00:00-04:00 | 188.28  |     189.98  | 187.61  | 189.7   | 4.528e+07   |       1 |        0 |              1 |                1 |            2 |           0 | 185.858 |      178.61  |
+----+---------------------------+---------+-------------+---------+---------+-------------+---------+----------+----------------+------------------+--------------+-------------+---------+--------------+
| 53 | 2023-09-06 00:00:00-04:00 | 188.4   |     188.85  | 181.47  | 182.91  | 8.17558e+07 |       1 |        0 |              1 |                1 |            2 |           0 | 187.76  |      180.447 |
+----+---------------------------+---------+-------------+---------+---------+-------------+---------+----------+----------------+------------------+--------------+-------------+---------+--------------+
| 54 | 2023-09-07 00:00:00-04:00 | 175.18  |     178.21  | 173.54  | 177.56  | 1.12489e+08 |       1 |        1 |              1 |                1 |            2 |           0 | 187.518 |      182.848 |
+----+---------------------------+---------+-------------+---------+---------+-------------+---------+----------+----------------+------------------+--------------+-------------+---------+--------------+
| 55 | 2023-09-08 00:00:00-04:00 | 178.35  |     180.24  | 177.79  | 178.18  | 6.55513e+07 |       1 |        1 |              1 |                1 |            2 |           0 | 185.5   |      184.522 |
+----+---------------------------+---------+-------------+---------+---------+-------------+---------+----------+----------------+------------------+--------------+-------------+---------+--------------+
| 56 | 2023-09-11 00:00:00-04:00 | 180.07  |     180.3   | 177.34  | 179.36  | 5.89531e+07 |       1 |        1 |              1 |                1 |            2 |           0 | 183.562 |      186.168 |
+----+---------------------------+---------+-------------+---------+---------+-------------+---------+----------+----------------+------------------+--------------+-------------+---------+--------------+
| 57 | 2023-09-12 00:00:00-04:00 | 179.49  |     180.13  | 174.82  | 176.3   | 9.03702e+07 |       0 |        1 |              0 |                1 |            0 |          -2 | 181.542 |      187.345 |
+----+---------------------------+---------+-------------+---------+---------+-------------+---------+----------+----------------+------------------+--------------+-------------+---------+--------------+
| 58 | 2023-09-13 00:00:00-04:00 | 176.51  |     177.3   | 173.98  | 174.21  | 8.42679e+07 |       0 |        1 |              0 |                1 |            0 |           0 | 178.862 |      185.867 |
+----+---------------------------+---------+-------------+---------+---------+-------------+---------+----------+----------------+------------------+--------------+-------------+---------+--------------+
| 59 | 2023-09-14 00:00:00-04:00 | 174     |     176.1   | 173.58  | 175.74  | 6.08958e+07 |       0 |        1 |              0 |                1 |            0 |           0 | 177.122 |      183.098 |
+----+---------------------------+---------+-------------+---------+---------+-------------+---------+----------+----------------+------------------+--------------+-------------+---------+--------------+
| 60 | 2023-09-15 00:00:00-04:00 | 176.48  |     176.5   | 173.82  | 175.01  | 1.09205e+08 |       0 |        1 |              0 |                1 |            0 |           0 | 176.758 |      181.459 |
+----+---------------------------+---------+-------------+---------+---------+-------------+---------+----------+----------------+------------------+--------------+-------------+---------+--------------+
| 61 | 2023-09-18 00:00:00-04:00 | 176.48  |     179.38  | 176.17  | 177.97  | 6.72576e+07 |       0 |        1 |              0 |                1 |            0 |           0 | 176.124 |      180.759 |
+----+---------------------------+---------+-------------+---------+---------+-------------+---------+----------+----------------+------------------+--------------+-------------+---------+--------------+
| 62 | 2023-09-19 00:00:00-04:00 | 177.52  |     179.63  | 177.13  | 179.07  | 5.18269e+07 |       0 |        1 |              0 |                1 |            0 |           0 | 175.846 |      179.273 |
+----+---------------------------+---------+-------------+---------+---------+-------------+---------+----------+----------------+------------------+--------------+-------------+---------+--------------+
| 63 | 2023-09-20 00:00:00-04:00 | 179.26  |     179.7   | 175.4   | 175.49  | 5.84362e+07 |       0 |        1 |              0 |                1 |            0 |           0 | 176.4   |      177.585 |
+----+---------------------------+---------+-------------+---------+---------+-------------+---------+----------+----------------+------------------+--------------+-------------+---------+--------------+
| 64 | 2023-09-21 00:00:00-04:00 | 174.55  |     176.3   | 173.86  | 173.93  | 6.30479e+07 |       0 |        1 |              0 |                1 |            0 |           0 | 176.656 |      176.97  |
+----+---------------------------+---------+-------------+---------+---------+-------------+---------+----------+----------------+------------------+--------------+-------------+---------+--------------+
| 65 | 2023-09-22 00:00:00-04:00 | 174.67  |     177.08  | 174.05  | 174.79  | 5.67254e+07 |       0 |        1 |              0 |                1 |            0 |           0 | 176.294 |      176.317 |
+----+---------------------------+---------+-------------+---------+---------+-------------+---------+----------+----------------+------------------+--------------+-------------+---------+--------------+
| 66 | 2023-09-25 00:00:00-04:00 | 174.2   |     176.97  | 174.15  | 176.08  | 4.61727e+07 |       0 |        1 |              0 |                1 |            0 |           0 | 176.25  |      176.868 |
+----+---------------------------+---------+-------------+---------+---------+-------------+---------+----------+----------------+------------------+--------------+-------------+---------+--------------+
| 67 | 2023-09-26 00:00:00-04:00 | 174.82  |     175.2   | 171.66  | 171.96  | 6.45889e+07 |       0 |        1 |              0 |                1 |            0 |           0 | 175.872 |      177.602 |
+----+---------------------------+---------+-------------+---------+---------+-------------+---------+----------+----------------+------------------+--------------+-------------+---------+--------------+
| 68 | 2023-09-27 00:00:00-04:00 | 172.62  |     173.04  | 169.05  | 170.43  | 6.69218e+07 |       0 |        1 |              0 |                1 |            0 |           0 | 174.45  |      176.898 |
+----+---------------------------+---------+-------------+---------+---------+-------------+---------+----------+----------------+------------------+--------------+-------------+---------+--------------+
| 69 | 2023-09-28 00:00:00-04:00 | 169.34  |     172.03  | 167.62  | 170.69  | 5.62944e+07 |       0 |        1 |              0 |                0 |            0 |           0 | 173.438 |      175.909 |
+----+---------------------------+---------+-------------+---------+---------+-------------+---------+----------+----------------+------------------+--------------+-------------+---------+--------------+
| 70 | 2023-09-29 00:00:00-04:00 | 172.02  |     173.07  | 170.34  | 171.21  | 5.18142e+07 |       0 |        1 |              0 |                0 |            0 |           0 | 172.79  |      175.536 |
+----+---------------------------+---------+-------------+---------+---------+-------------+---------+----------+----------------+------------------+--------------+-------------+---------+--------------+
| 71 | 2023-10-02 00:00:00-04:00 | 171.22  |     174.3   | 170.93  | 173.75  | 5.21645e+07 |       1 |        1 |              0 |                0 |            1 |           1 | 172.074 |      175.717 |
+----+---------------------------+---------+-------------+---------+---------+-------------+---------+----------+----------------+------------------+--------------+-------------+---------+--------------+
| 72 | 2023-10-03 00:00:00-04:00 | 172.26  |     173.63  | 170.82  | 172.4   | 4.95946e+07 |       1 |        1 |              0 |                0 |            1 |           0 | 171.608 |      174.465 |
+----+---------------------------+---------+-------------+---------+---------+-------------+---------+----------+----------------+------------------+--------------+-------------+---------+--------------+
| 73 | 2023-10-04 00:00:00-04:00 | 171.09  |     174.21  | 170.97  | 173.66  | 5.30203e+07 |       1 |        1 |              1 |                0 |            2 |           1 | 171.696 |      173.12  |
+----+---------------------------+---------+-------------+---------+---------+-------------+---------+----------+----------------+------------------+--------------+-------------+---------+--------------+
| 74 | 2023-10-05 00:00:00-04:00 | 173.79  |     175.45  | 172.68  | 174.91  | 4.85279e+07 |       1 |        1 |              1 |                0 |            2 |           0 | 172.342 |      172.31  |
+----+---------------------------+---------+-------------+---------+---------+-------------+---------+----------+----------------+------------------+--------------+-------------+---------+--------------+
| 75 | 2023-10-06 00:00:00-04:00 | 173.8   |     177.99  | 173.18  | 177.49  | 5.72241e+07 |       1 |        1 |              1 |                0 |            2 |           0 | 173.186 |      171.943 |
+----+---------------------------+---------+-------------+---------+---------+-------------+---------+----------+----------------+------------------+--------------+-------------+---------+--------------+
| 76 | 2023-10-09 00:00:00-04:00 | 176.81  |     179.05  | 175.8   | 178.99  | 4.23908e+07 |       1 |        1 |              1 |                0 |            2 |           0 | 174.442 |      172.546 |
+----+---------------------------+---------+-------------+---------+---------+-------------+---------+----------+----------------+------------------+--------------+-------------+---------+--------------+
| 77 | 2023-10-10 00:00:00-04:00 | 178.1   |     179.72  | 177.95  | 178.39  | 4.3698e+07  |       1 |        1 |              1 |                0 |            2 |           0 | 175.49  |      172.497 |
+----+---------------------------+---------+-------------+---------+---------+-------------+---------+----------+----------------+------------------+--------------+-------------+---------+--------------+
| 78 | 2023-10-11 00:00:00-04:00 | 178.2   |     179.85  | 177.6   | 179.8   | 4.75511e+07 |       1 |        1 |              1 |                0 |            2 |           0 | 176.688 |      172.885 |
+----+---------------------------+---------+-------------+---------+---------+-------------+---------+----------+----------------+------------------+--------------+-------------+---------+--------------+
| 79 | 2023-10-12 00:00:00-04:00 | 180.07  |     182.34  | 179.04  | 180.71  | 5.67431e+07 |       1 |        1 |              1 |                1 |            2 |           0 | 177.916 |      173.56  |
+----+---------------------------+---------+-------------+---------+---------+-------------+---------+----------+----------------+------------------+--------------+-------------+---------+--------------+
| 80 | 2023-10-13 00:00:00-04:00 | 181.42  |     181.93  | 178.14  | 178.85  | 5.14271e+07 |       1 |        1 |              1 |                1 |            2 |           0 | 179.076 |      174.87  |
+----+---------------------------+---------+-------------+---------+---------+-------------+---------+----------+----------------+------------------+--------------+-------------+---------+--------------+
| 81 | 2023-10-16 00:00:00-04:00 | 176.75  |     179.08  | 176.51  | 178.72  | 5.2517e+07  |       1 |        1 |              1 |                1 |            2 |           0 | 179.348 |      176.243 |
+----+---------------------------+---------+-------------+---------+---------+-------------+---------+----------+----------------+------------------+--------------+-------------+---------+--------------+
| 82 | 2023-10-17 00:00:00-04:00 | 176.65  |     178.42  | 174.8   | 177.15  | 5.75494e+07 |       1 |        1 |              1 |                1 |            2 |           0 | 179.294 |      176.959 |
+----+---------------------------+---------+-------------+---------+---------+-------------+---------+----------+----------------+------------------+--------------+-------------+---------+--------------+
| 83 | 2023-10-18 00:00:00-04:00 | 175.58  |     177.58  | 175.11  | 175.84  | 5.47644e+07 |       1 |        1 |              1 |                1 |            2 |           0 | 179.046 |      177.906 |
+----+---------------------------+---------+-------------+---------+---------+-------------+---------+----------+----------------+------------------+--------------+-------------+---------+--------------+
| 84 | 2023-10-19 00:00:00-04:00 | 176.04  |     177.84  | 175.19  | 175.46  | 5.93029e+07 |       1 |        1 |              1 |                1 |            2 |           0 | 178.254 |      178.841 |
+----+---------------------------+---------+-------------+---------+---------+-------------+---------+----------+----------------+------------------+--------------+-------------+---------+--------------+
| 85 | 2023-10-20 00:00:00-04:00 | 175.31  |     175.42  | 172.64  | 172.88  | 6.41893e+07 |       0 |        1 |              0 |                1 |            0 |          -2 | 177.204 |      178.844 |
+----+---------------------------+---------+-------------+---------+---------+-------------+---------+----------+----------------+------------------+--------------+-------------+---------+--------------+
| 86 | 2023-10-23 00:00:00-04:00 | 170.91  |     174.01  | 169.93  | 173     | 5.59801e+07 |       0 |        1 |              0 |                1 |            0 |           0 | 176.01  |      178.802 |
+----+---------------------------+---------+-------------+---------+---------+-------------+---------+----------+----------------+------------------+--------------+-------------+---------+--------------+
| 87 | 2023-10-24 00:00:00-04:00 | 173.05  |     173.67  | 171.45  | 173.44  | 4.38166e+07 |       0 |        1 |              0 |                1 |            0 |           0 | 174.866 |      178.252 |
+----+---------------------------+---------+-------------+---------+---------+-------------+---------+----------+----------------+------------------+--------------+-------------+---------+--------------+
| 88 | 2023-10-25 00:00:00-04:00 | 171.88  |     173.06  | 170.65  | 171.1   | 5.7157e+07  |       0 |        1 |              0 |                1 |            0 |           0 | 174.124 |      177.448 |
+----+---------------------------+---------+-------------+---------+---------+-------------+---------+----------+----------------+------------------+--------------+-------------+---------+--------------+
| 89 | 2023-10-26 00:00:00-04:00 | 170.37  |     171.38  | 165.67  | 166.89  | 7.06253e+07 |       0 |        1 |              0 |                1 |            0 |           0 | 173.176 |      176.785 |
+----+---------------------------+---------+-------------+---------+---------+-------------+---------+----------+----------------+------------------+--------------+-------------+---------+--------------+
| 90 | 2023-10-27 00:00:00-04:00 | 166.91  |     168.96  | 166.83  | 168.22  | 5.84991e+07 |       0 |        1 |              0 |                0 |            0 |           0 | 171.462 |      175.483 |
+----+---------------------------+---------+-------------+---------+---------+-------------+---------+----------+----------------+------------------+--------------+-------------+---------+--------------+
| 91 | 2023-10-30 00:00:00-04:00 | 169.02  |     171.17  | 168.87  | 170.29  | 5.1131e+07  |       0 |        1 |              0 |                0 |            0 |           0 | 170.53  |      174.656 |
+----+---------------------------+---------+-------------+---------+---------+-------------+---------+----------+----------------+------------------+--------------+-------------+---------+--------------+
| 92 | 2023-10-31 00:00:00-04:00 | 169.35  |     170.9   | 167.9   | 170.77  | 4.4846e+07  |       0 |        1 |              0 |                0 |            0 |           0 | 169.988 |      174.25  |
+----+---------------------------+---------+-------------+---------+---------+-------------+---------+----------+----------------+------------------+--------------+-------------+---------+--------------+
| 93 | 2023-11-01 00:00:00-04:00 | 171     |     174.23  | 170.12  | 173.97  | 5.69349e+07 |       0 |        1 |              0 |                0 |            0 |           0 | 169.454 |      173.2   |
+----+---------------------------+---------+-------------+---------+---------+-------------+---------+----------+----------------+------------------+--------------+-------------+---------+--------------+
| 94 | 2023-11-02 00:00:00-04:00 | 175.52  |     177.78  | 175.46  | 177.57  | 7.73348e+07 |       1 |        1 |              1 |                0 |            2 |           2 | 170.028 |      171.097 |
+----+---------------------------+---------+-------------+---------+---------+-------------+---------+----------+----------------+------------------+--------------+-------------+---------+--------------+
| 95 | 2023-11-03 00:00:00-04:00 | 174.24  |     176.82  | 173.35  | 176.65  | 7.97637e+07 |       1 |        1 |              1 |                0 |            2 |           0 | 172.164 |      170.138 |
+----+---------------------------+---------+-------------+---------+---------+-------------+---------+----------+----------------+------------------+--------------+-------------+---------+--------------+
| 96 | 2023-11-06 00:00:00-05:00 | 176.38  |     179.43  | 176.21  | 179.23  | 6.38413e+07 |       1 |        1 |              1 |                0 |            2 |           0 | 173.85  |      170.189 |
+----+---------------------------+---------+-------------+---------+---------+-------------+---------+----------+----------------+------------------+--------------+-------------+---------+--------------+
| 97 | 2023-11-07 00:00:00-05:00 | 179.18  |     182.44  | 178.97  | 181.82  | 7.053e+07   |       1 |        1 |              1 |                0 |            2 |           0 | 175.638 |      170.382 |
+----+---------------------------+---------+-------------+---------+---------+-------------+---------+----------+----------------+------------------+--------------+-------------+---------+--------------+
| 98 | 2023-11-08 00:00:00-05:00 | 182.35  |     183.45  | 181.59  | 182.89  | 4.93403e+07 |       1 |        1 |              1 |                0 |            2 |           0 | 177.848 |      171.578 |
+----+---------------------------+---------+-------------+---------+---------+-------------+---------+----------+----------------+------------------+--------------+-------------+---------+--------------+
| 99 | 2023-11-09 00:00:00-05:00 | 182.96  |     184.12  | 181.81  | 182.41  | 5.36739e+07 |       1 |        1 |              1 |                0 |            2 |           0 | 179.632 |      173.576 |
+----+---------------------------+---------+-------------+---------+---------+-------------+---------+----------+----------------+------------------+--------------+-------------+---------+--------------+

  Buy Price  Buy Time                     Sell Price  Sell Time                    Profit    Trade Length
-----------  -------------------------  ------------  -------------------------  --------  --------------
    183.712  2023-06-21 00:00:00-04:00       186.748  2023-06-22 00:00:00-04:00   3.03589               1
    190.912  2023-08-03 00:00:00-04:00       181.12   2023-08-23 00:00:00-04:00  -9.79221              14
    176.3    2023-09-12 00:00:00-04:00       173.75   2023-10-02 00:00:00-04:00  -2.55                 14
    172.88   2023-10-20 00:00:00-04:00       177.57   2023-11-02 00:00:00-04:00   4.69                  9
Total Profit: -4.6163177490234375 Median Trade Length: 11.5 Average Trade Length: 9.5
