Trading Output for aapl for the last 300 days
+---------+---------------------------+---------+---------+---------+---------+-------------+----------------+------------------+--------------+-------------+---------+--------------+
|   Index | Timestamp                 |    Open |    High |     Low |   Close |      Volume |   RSIEMA Cross |   SMA/VWAP Cross |   MACD Cross |   KNN EMA X |   Total |   Total Diff |
+=========+===========================+=========+=========+=========+=========+=============+================+==================+==============+=============+=========+==============+
|       1 | 2023-01-03 00:00:00-05:00 | 129.556 | 130.172 | 123.48  | 124.375 | 1.12118e+08 |              0 |                1 |            0 |           0 |       1 |            0 |
+---------+---------------------------+---------+---------+---------+---------+-------------+----------------+------------------+--------------+-------------+---------+--------------+
|       2 | 2023-01-04 00:00:00-05:00 | 126.185 | 127.945 | 124.385 | 125.658 | 8.91136e+07 |              0 |                1 |            1 |           0 |       2 |            1 |
+---------+---------------------------+---------+---------+---------+---------+-------------+----------------+------------------+--------------+-------------+---------+--------------+
|       3 | 2023-01-05 00:00:00-05:00 | 126.423 | 127.06  | 124.067 | 124.325 | 8.09627e+07 |              0 |                1 |            1 |           0 |       2 |            0 |
+---------+---------------------------+---------+---------+---------+---------+-------------+----------------+------------------+--------------+-------------+---------+--------------+
|       4 | 2023-01-06 00:00:00-05:00 | 125.31  | 129.566 | 124.196 | 128.9   | 8.77547e+07 |              0 |                1 |            1 |           0 |       2 |            0 |
+---------+---------------------------+---------+---------+---------+---------+-------------+----------------+------------------+--------------+-------------+---------+--------------+
|       5 | 2023-01-09 00:00:00-05:00 | 129.745 | 132.668 | 129.168 | 129.427 | 7.07908e+07 |              0 |                0 |            1 |           0 |       1 |           -1 |
+---------+---------------------------+---------+---------+---------+---------+-------------+----------------+------------------+--------------+-------------+---------+--------------+
|       6 | 2023-01-10 00:00:00-05:00 | 129.536 | 130.53  | 127.408 | 130.003 | 6.38962e+07 |              0 |                0 |            1 |           0 |       1 |            0 |
+---------+---------------------------+---------+---------+---------+---------+-------------+----------------+------------------+--------------+-------------+---------+--------------+
|       7 | 2023-01-11 00:00:00-05:00 | 130.52  | 132.768 | 129.735 | 132.748 | 6.94589e+07 |              0 |                0 |            1 |           0 |       1 |            0 |
+---------+---------------------------+---------+---------+---------+---------+-------------+----------------+------------------+--------------+-------------+---------+--------------+
|       8 | 2023-01-12 00:00:00-05:00 | 133.136 | 133.514 | 130.709 | 132.668 | 7.13796e+07 |              0 |                0 |            1 |           0 |       1 |            0 |
+---------+---------------------------+---------+---------+---------+---------+-------------+----------------+------------------+--------------+-------------+---------+--------------+
|       9 | 2023-01-13 00:00:00-05:00 | 131.296 | 134.17  | 130.928 | 134.011 | 5.78097e+07 |              0 |                0 |            1 |           0 |       1 |            0 |
+---------+---------------------------+---------+---------+---------+---------+-------------+----------------+------------------+--------------+-------------+---------+--------------+
|      10 | 2023-01-17 00:00:00-05:00 | 134.081 | 136.527 | 133.384 | 135.184 | 6.36466e+07 |              0 |                0 |            1 |           0 |       1 |            0 |
+---------+---------------------------+---------+---------+---------+---------+-------------+----------------+------------------+--------------+-------------+---------+--------------+
|      11 | 2023-01-18 00:00:00-05:00 | 136.06  | 137.84  | 134.279 | 134.458 | 6.96728e+07 |              0 |                0 |            1 |           0 |       1 |            0 |
+---------+---------------------------+---------+---------+---------+---------+-------------+----------------+------------------+--------------+-------------+---------+--------------+
|      12 | 2023-01-19 00:00:00-05:00 | 133.335 | 135.493 | 133.026 | 134.518 | 5.82804e+07 |              0 |                0 |            1 |           0 |       1 |            0 |
+---------+---------------------------+---------+---------+---------+---------+-------------+----------------+------------------+--------------+-------------+---------+--------------+
|      13 | 2023-01-20 00:00:00-05:00 | 134.528 | 137.253 | 133.474 | 137.104 | 8.02236e+07 |              0 |                0 |            1 |           0 |       1 |            0 |
+---------+---------------------------+---------+---------+---------+---------+-------------+----------------+------------------+--------------+-------------+---------+--------------+
|      14 | 2023-01-23 00:00:00-05:00 | 137.352 | 142.523 | 137.133 | 140.326 | 8.17603e+07 |              0 |                0 |            1 |           0 |       1 |            0 |
+---------+---------------------------+---------+---------+---------+---------+-------------+----------------+------------------+--------------+-------------+---------+--------------+
|      15 | 2023-01-24 00:00:00-05:00 | 139.53  | 142.364 | 139.52  | 141.738 | 6.64351e+07 |              1 |                0 |            1 |           0 |       2 |            1 |
+---------+---------------------------+---------+---------+---------+---------+-------------+----------------+------------------+--------------+-------------+---------+--------------+
|      16 | 2023-01-25 00:00:00-05:00 | 140.107 | 141.638 | 138.038 | 141.071 | 6.57993e+07 |              1 |                0 |            1 |           0 |       2 |            0 |
+---------+---------------------------+---------+---------+---------+---------+-------------+----------------+------------------+--------------+-------------+---------+--------------+
|      17 | 2023-01-26 00:00:00-05:00 | 142.374 | 143.448 | 141.111 | 143.16  | 5.41051e+07 |              1 |                0 |            1 |           0 |       2 |            0 |
+---------+---------------------------+---------+---------+---------+---------+-------------+----------------+------------------+--------------+-------------+---------+--------------+
|      18 | 2023-01-27 00:00:00-05:00 | 142.364 | 146.412 | 142.285 | 145.119 | 7.05558e+07 |              1 |                0 |            1 |           0 |       2 |            0 |
+---------+---------------------------+---------+---------+---------+---------+-------------+----------------+------------------+--------------+-------------+---------+--------------+
|      19 | 2023-01-30 00:00:00-05:00 | 144.154 | 144.741 | 142.056 | 142.205 | 6.40153e+07 |              1 |                0 |            1 |           0 |       2 |            0 |
+---------+---------------------------+---------+---------+---------+---------+-------------+----------------+------------------+--------------+-------------+---------+--------------+
|      20 | 2023-01-31 00:00:00-05:00 | 141.907 | 143.538 | 141.489 | 143.488 | 6.58745e+07 |              1 |                0 |            1 |           0 |       2 |            0 |
+---------+---------------------------+---------+---------+---------+---------+-------------+----------------+------------------+--------------+-------------+---------+--------------+
|      21 | 2023-02-01 00:00:00-05:00 | 143.17  | 145.795 | 140.534 | 144.622 | 7.76636e+07 |              1 |                0 |            1 |           0 |       2 |            0 |
+---------+---------------------------+---------+---------+---------+---------+-------------+----------------+------------------+--------------+-------------+---------+--------------+
|      22 | 2023-02-02 00:00:00-05:00 | 148.072 | 150.34  | 147.346 | 149.982 | 1.18339e+08 |              1 |                0 |            1 |           0 |       2 |            0 |
+---------+---------------------------+---------+---------+---------+---------+-------------+----------------+------------------+--------------+-------------+---------+--------------+
|      23 | 2023-02-03 00:00:00-05:00 | 147.207 | 156.505 | 147.008 | 153.641 | 1.54357e+08 |              1 |                0 |            1 |           0 |       2 |            0 |
+---------+---------------------------+---------+---------+---------+---------+-------------+----------------+------------------+--------------+-------------+---------+--------------+
|      24 | 2023-02-06 00:00:00-05:00 | 151.722 | 152.249 | 149.942 | 150.887 | 6.98583e+07 |              1 |                0 |            1 |           0 |       2 |            0 |
+---------+---------------------------+---------+---------+---------+---------+-------------+----------------+------------------+--------------+-------------+---------+--------------+
|      25 | 2023-02-07 00:00:00-05:00 | 149.803 | 154.367 | 149.803 | 153.79  | 8.33226e+07 |              1 |                0 |            1 |           0 |       2 |            0 |
+---------+---------------------------+---------+---------+---------+---------+-------------+----------------+------------------+--------------+-------------+---------+--------------+
|      26 | 2023-02-08 00:00:00-05:00 | 153.025 | 153.721 | 150.33  | 151.076 | 6.41201e+07 |              1 |                0 |            1 |           0 |       2 |            0 |
+---------+---------------------------+---------+---------+---------+---------+-------------+----------------+------------------+--------------+-------------+---------+--------------+
|      27 | 2023-02-09 00:00:00-05:00 | 152.925 | 153.472 | 149.584 | 150.031 | 5.60071e+07 |              1 |                0 |            1 |           0 |       2 |            0 |
+---------+---------------------------+---------+---------+---------+---------+-------------+----------------+------------------+--------------+-------------+---------+--------------+
|      28 | 2023-02-10 00:00:00-05:00 | 148.856 | 150.729 | 148.617 | 150.4   | 5.74507e+07 |              0 |                0 |            1 |           0 |       1 |           -1 |
+---------+---------------------------+---------+---------+---------+---------+-------------+----------------+------------------+--------------+-------------+---------+--------------+
|      29 | 2023-02-13 00:00:00-05:00 | 150.34  | 153.637 | 150.31  | 153.228 | 6.2199e+07  |              1 |                0 |            1 |           0 |       2 |            1 |
+---------+---------------------------+---------+---------+---------+---------+-------------+----------------+------------------+--------------+-------------+---------+--------------+
|      30 | 2023-02-14 00:00:00-05:00 | 151.505 | 153.149 | 150.251 | 152.581 | 6.17076e+07 |              1 |                0 |            1 |           0 |       2 |            0 |
+---------+---------------------------+---------+---------+---------+---------+-------------+----------------+------------------+--------------+-------------+---------+--------------+
|      31 | 2023-02-15 00:00:00-05:00 | 152.491 | 154.872 | 152.262 | 154.702 | 6.55738e+07 |              1 |                0 |            1 |           1 |       3 |            1 |
+---------+---------------------------+---------+---------+---------+---------+-------------+----------------+------------------+--------------+-------------+---------+--------------+
|      32 | 2023-02-16 00:00:00-05:00 | 152.89  | 155.698 | 152.73  | 153.089 | 6.81679e+07 |              0 |                0 |            0 |           1 |       1 |           -2 |
+---------+---------------------------+---------+---------+---------+---------+-------------+----------------+------------------+--------------+-------------+---------+--------------+
|      33 | 2023-02-17 00:00:00-05:00 | 151.734 | 152.382 | 150.241 | 151.934 | 5.91441e+07 |              0 |                0 |            0 |           1 |       1 |            0 |
+---------+---------------------------+---------+---------+---------+---------+-------------+----------------+------------------+--------------+-------------+---------+--------------+
|      34 | 2023-02-21 00:00:00-05:00 | 149.593 | 150.689 | 147.81  | 147.88  | 5.88672e+07 |              0 |                0 |            0 |           1 |       1 |            0 |
+---------+---------------------------+---------+---------+---------+---------+-------------+----------------+------------------+--------------+-------------+---------+--------------+
|      35 | 2023-02-22 00:00:00-05:00 | 148.269 | 149.344 | 146.565 | 148.308 | 5.10113e+07 |              0 |                0 |            0 |           1 |       1 |            0 |
+---------+---------------------------+---------+---------+---------+---------+-------------+----------------+------------------+--------------+-------------+---------+--------------+
|      36 | 2023-02-23 00:00:00-05:00 | 149.484 | 149.733 | 146.645 | 148.796 | 4.83942e+07 |              0 |                0 |            0 |           1 |       1 |            0 |
+---------+---------------------------+---------+---------+---------+---------+-------------+----------------+------------------+--------------+-------------+---------+--------------+
|      37 | 2023-02-24 00:00:00-05:00 | 146.516 | 146.595 | 145.131 | 146.117 | 5.54696e+07 |              0 |                0 |            0 |           1 |       1 |            0 |
+---------+---------------------------+---------+---------+---------+---------+-------------+----------------+------------------+--------------+-------------+---------+--------------+
|      38 | 2023-02-27 00:00:00-05:00 | 147.113 | 148.567 | 146.854 | 147.322 | 4.49985e+07 |              0 |                0 |            0 |           1 |       1 |            0 |
+---------+---------------------------+---------+---------+---------+---------+-------------+----------------+------------------+--------------+-------------+---------+--------------+
|      39 | 2023-02-28 00:00:00-05:00 | 146.456 | 148.478 | 146.237 | 146.814 | 5.0547e+07  |              0 |                0 |            0 |           0 |       0 |           -1 |
+---------+---------------------------+---------+---------+---------+---------+-------------+----------------+------------------+--------------+-------------+---------+--------------+
|      40 | 2023-03-01 00:00:00-05:00 | 146.237 | 146.635 | 144.424 | 144.723 | 5.5479e+07  |              0 |                0 |            0 |           0 |       0 |            0 |
+---------+---------------------------+---------+---------+---------+---------+-------------+----------------+------------------+--------------+-------------+---------+--------------+
|      41 | 2023-03-02 00:00:00-05:00 | 143.797 | 146.117 | 143.319 | 145.321 | 5.22381e+07 |              0 |                0 |            0 |           0 |       0 |            0 |
+---------+---------------------------+---------+---------+---------+---------+-------------+----------------+------------------+--------------+-------------+---------+--------------+
|      42 | 2023-03-03 00:00:00-05:00 | 147.442 | 150.499 | 146.735 | 150.42  | 7.07323e+07 |              1 |                0 |            0 |           0 |       1 |            1 |
+---------+---------------------------+---------+---------+---------+---------+-------------+----------------+------------------+--------------+-------------+---------+--------------+
|      43 | 2023-03-06 00:00:00-05:00 | 153.169 | 155.669 | 152.84  | 153.209 | 8.7558e+07  |              1 |                0 |            0 |           0 |       1 |            0 |
+---------+---------------------------+---------+---------+---------+---------+-------------+----------------+------------------+--------------+-------------+---------+--------------+
|      44 | 2023-03-07 00:00:00-05:00 | 153.079 | 153.408 | 150.519 | 150.988 | 5.6182e+07  |              0 |                0 |            0 |           0 |       0 |           -1 |
+---------+---------------------------+---------+---------+---------+---------+-------------+----------------+------------------+--------------+-------------+---------+--------------+
|      45 | 2023-03-08 00:00:00-05:00 | 152.193 | 152.85  | 151.217 | 152.252 | 4.72048e+07 |              0 |                0 |            0 |           1 |       1 |            1 |
+---------+---------------------------+---------+---------+---------+---------+-------------+----------------+------------------+--------------+-------------+---------+--------------+
|      46 | 2023-03-09 00:00:00-05:00 | 152.94  | 153.916 | 149.623 | 149.982 | 5.38336e+07 |              0 |                0 |            0 |           1 |       1 |            0 |
+---------+---------------------------+---------+---------+---------+---------+-------------+----------------+------------------+--------------+-------------+---------+--------------+
|      47 | 2023-03-10 00:00:00-05:00 | 149.603 | 150.33  | 147.014 | 147.9   | 6.85724e+07 |              0 |                0 |            0 |           0 |       0 |           -1 |
+---------+---------------------------+---------+---------+---------+---------+-------------+----------------+------------------+--------------+-------------+---------+--------------+
|      48 | 2023-03-13 00:00:00-04:00 | 147.213 | 152.521 | 147.103 | 149.862 | 8.44571e+07 |              1 |                0 |            0 |           0 |       1 |            1 |
+---------+---------------------------+---------+---------+---------+---------+-------------+----------------+------------------+--------------+-------------+---------+--------------+
|      49 | 2023-03-14 00:00:00-04:00 | 150.669 | 152.78  | 149.494 | 151.974 | 7.36959e+07 |              1 |                0 |            0 |           0 |       1 |            0 |
+---------+---------------------------+---------+---------+---------+---------+-------------+----------------+------------------+--------------+-------------+---------+--------------+
|      50 | 2023-03-15 00:00:00-04:00 | 150.579 | 152.631 | 149.314 | 152.372 | 7.71679e+07 |              1 |                0 |            0 |           0 |       1 |            0 |
+---------+---------------------------+---------+---------+---------+---------+-------------+----------------+------------------+--------------+-------------+---------+--------------+
|      51 | 2023-03-16 00:00:00-04:00 | 151.545 | 155.828 | 151.027 | 155.22  | 7.61611e+07 |              1 |                0 |            1 |           0 |       2 |            1 |
+---------+---------------------------+---------+---------+---------+---------+-------------+----------------+------------------+--------------+-------------+---------+--------------+
|      52 | 2023-03-17 00:00:00-04:00 | 155.449 | 156.107 | 153.657 | 154.374 | 9.89446e+07 |              1 |                0 |            1 |           0 |       2 |            0 |
+---------+---------------------------+---------+---------+---------+---------+-------------+----------------+------------------+--------------+-------------+---------+--------------+
|      53 | 2023-03-20 00:00:00-04:00 | 154.444 | 157.182 | 153.527 | 156.764 | 7.36414e+07 |              1 |                0 |            1 |           0 |       2 |            0 |
+---------+---------------------------+---------+---------+---------+---------+-------------+----------------+------------------+--------------+-------------+---------+--------------+
|      54 | 2023-03-21 00:00:00-04:00 | 156.684 | 158.756 | 155.908 | 158.636 | 7.39383e+07 |              1 |                0 |            1 |           0 |       2 |            0 |
+---------+---------------------------+---------+---------+---------+---------+-------------+----------------+------------------+--------------+-------------+---------+--------------+
|      55 | 2023-03-22 00:00:00-04:00 | 158.656 | 161.485 | 157.172 | 157.192 | 7.57018e+07 |              1 |                0 |            1 |           0 |       2 |            0 |
+---------+---------------------------+---------+---------+---------+---------+-------------+----------------+------------------+--------------+-------------+---------+--------------+
|      56 | 2023-03-23 00:00:00-04:00 | 158.188 | 160.897 | 157.043 | 158.288 | 6.76221e+07 |              1 |                0 |            1 |           0 |       2 |            0 |
+---------+---------------------------+---------+---------+---------+---------+-------------+----------------+------------------+--------------+-------------+---------+--------------+
|      57 | 2023-03-24 00:00:00-04:00 | 158.218 | 159.692 | 157.212 | 159.603 | 5.91965e+07 |              1 |                0 |            1 |           0 |       2 |            0 |
+---------+---------------------------+---------+---------+---------+---------+-------------+----------------+------------------+--------------+-------------+---------+--------------+
|      58 | 2023-03-27 00:00:00-04:00 | 159.294 | 160.12  | 157.232 | 157.641 | 5.23903e+07 |              1 |                0 |            1 |           0 |       2 |            0 |
+---------+---------------------------+---------+---------+---------+---------+-------------+----------------+------------------+--------------+-------------+---------+--------------+
|      59 | 2023-03-28 00:00:00-04:00 | 157.332 | 157.85  | 155.35  | 157.013 | 4.59922e+07 |              0 |                0 |            1 |           0 |       1 |           -1 |
+---------+---------------------------+---------+---------+---------+---------+-------------+----------------+------------------+--------------+-------------+---------+--------------+
|      60 | 2023-03-29 00:00:00-04:00 | 158.726 | 160.399 | 158.706 | 160.12  | 5.13057e+07 |              1 |                0 |            1 |           0 |       2 |            1 |
+---------+---------------------------+---------+---------+---------+---------+-------------+----------------+------------------+--------------+-------------+---------+--------------+
|      61 | 2023-03-30 00:00:00-04:00 | 160.877 | 161.814 | 160.618 | 161.704 | 4.95017e+07 |              1 |                0 |            1 |           0 |       2 |            0 |
+---------+---------------------------+---------+---------+---------+---------+-------------+----------------+------------------+--------------+-------------+---------+--------------+
|      62 | 2023-03-31 00:00:00-04:00 | 161.784 | 164.333 | 161.256 | 164.234 | 6.87498e+07 |              1 |                0 |            1 |           0 |       2 |            0 |
+---------+---------------------------+---------+---------+---------+---------+-------------+----------------+------------------+--------------+-------------+---------+--------------+
|      63 | 2023-04-03 00:00:00-04:00 | 163.606 | 165.618 | 163.557 | 165.499 | 5.69762e+07 |              1 |                0 |            1 |           0 |       2 |            0 |
+---------+---------------------------+---------+---------+---------+---------+-------------+----------------+------------------+--------------+-------------+---------+--------------+
|      64 | 2023-04-04 00:00:00-04:00 | 165.927 | 166.166 | 164.443 | 164.961 | 4.62783e+07 |              1 |                0 |            1 |           1 |       3 |            1 |
+---------+---------------------------+---------+---------+---------+---------+-------------+----------------+------------------+--------------+-------------+---------+--------------+
|      65 | 2023-04-05 00:00:00-04:00 | 164.074 | 164.383 | 161.146 | 163.098 | 5.15117e+07 |              0 |                0 |            1 |           1 |       2 |           -1 |
+---------+---------------------------+---------+---------+---------+---------+-------------+----------------+------------------+--------------+-------------+---------+--------------+
|      66 | 2023-04-06 00:00:00-04:00 | 161.774 | 164.294 | 161.346 | 163.995 | 4.53901e+07 |              1 |                0 |            1 |           1 |       3 |            1 |
+---------+---------------------------+---------+---------+---------+---------+-------------+----------------+------------------+--------------+-------------+---------+--------------+
|      67 | 2023-04-10 00:00:00-04:00 | 160.768 | 161.375 | 159.433 | 161.375 | 4.77169e+07 |              0 |                0 |            1 |           1 |       2 |           -1 |
+---------+---------------------------+---------+---------+---------+---------+-------------+----------------+------------------+--------------+-------------+---------+--------------+
|      68 | 2023-04-11 00:00:00-04:00 | 161.694 | 161.704 | 159.862 | 160.15  | 4.76442e+07 |              0 |                0 |            0 |           0 |       0 |           -2 |
+---------+---------------------------+---------+---------+---------+---------+-------------+----------------+------------------+--------------+-------------+---------+--------------+
|      69 | 2023-04-12 00:00:00-04:00 | 160.569 | 161.405 | 159.134 | 159.453 | 5.01331e+07 |              0 |                0 |            0 |           0 |       0 |            0 |
+---------+---------------------------+---------+---------+---------+---------+-------------+----------------+------------------+--------------+-------------+---------+--------------+
|      70 | 2023-04-13 00:00:00-04:00 | 160.977 | 165.13  | 160.768 | 164.891 | 6.84456e+07 |              0 |                0 |            0 |           0 |       0 |            0 |
+---------+---------------------------+---------+---------+---------+---------+-------------+----------------+------------------+--------------+-------------+---------+--------------+
|      71 | 2023-04-14 00:00:00-04:00 | 163.925 | 165.648 | 163.158 | 164.543 | 4.93865e+07 |              0 |                0 |            0 |           0 |       0 |            0 |
+---------+---------------------------+---------+---------+---------+---------+-------------+----------------+------------------+--------------+-------------+---------+--------------+
|      72 | 2023-04-17 00:00:00-04:00 | 164.423 | 164.722 | 163.367 | 164.562 | 4.15162e+07 |              1 |                0 |            0 |           0 |       1 |            1 |
+---------+---------------------------+---------+---------+---------+---------+-------------+----------------+------------------+--------------+-------------+---------+--------------+
|      73 | 2023-04-18 00:00:00-04:00 | 165.429 | 166.734 | 164.981 | 165.797 | 4.9923e+07  |              1 |                0 |            0 |           0 |       1 |            0 |
+---------+---------------------------+---------+---------+---------+---------+-------------+----------------+------------------+--------------+-------------+---------+--------------+
|      74 | 2023-04-19 00:00:00-04:00 | 165.13  | 167.481 | 164.871 | 166.953 | 4.77202e+07 |              1 |                0 |            0 |           1 |       2 |            1 |
+---------+---------------------------+---------+---------+---------+---------+-------------+----------------+------------------+--------------+-------------+---------+--------------+
|      75 | 2023-04-20 00:00:00-04:00 | 165.419 | 167.192 | 164.891 | 165.977 | 5.24564e+07 |              0 |                0 |            0 |           1 |       1 |           -1 |
+---------+---------------------------+---------+---------+---------+---------+-------------+----------------+------------------+--------------+-------------+---------+--------------+
|      76 | 2023-04-21 00:00:00-04:00 | 164.383 | 165.778 | 163.825 | 164.353 | 5.83373e+07 |              0 |                0 |            0 |           1 |       1 |            0 |
+---------+---------------------------+---------+---------+---------+---------+-------------+----------------+------------------+--------------+-------------+---------+--------------+
|      77 | 2023-04-24 00:00:00-04:00 | 164.333 | 164.931 | 163.228 | 164.662 | 4.19496e+07 |              0 |                0 |            0 |           0 |       0 |           -1 |
+---------+---------------------------+---------+---------+---------+---------+-------------+----------------+------------------+--------------+-------------+---------+--------------+
|      78 | 2023-04-25 00:00:00-04:00 | 164.523 | 165.638 | 163.069 | 163.108 | 4.87141e+07 |              0 |                0 |            0 |           0 |       0 |            0 |
+---------+---------------------------+---------+---------+---------+---------+-------------+----------------+------------------+--------------+-------------+---------+--------------+
|      79 | 2023-04-26 00:00:00-04:00 | 162.401 | 164.612 | 162.142 | 163.098 | 4.54988e+07 |              0 |                0 |            0 |           0 |       0 |            0 |
+---------+---------------------------+---------+---------+---------+---------+-------------+----------------+------------------+--------------+-------------+---------+--------------+
|      80 | 2023-04-27 00:00:00-04:00 | 164.523 | 167.879 | 164.523 | 167.73  | 6.49023e+07 |              1 |                0 |            0 |           0 |       1 |            1 |
+---------+---------------------------+---------+---------+---------+---------+-------------+----------------+------------------+--------------+-------------+---------+--------------+
|      81 | 2023-04-28 00:00:00-04:00 | 167.809 | 169.164 | 167.202 | 168.994 | 5.52092e+07 |              1 |                0 |            0 |           0 |       1 |            0 |
+---------+---------------------------+---------+---------+---------+---------+-------------+----------------+------------------+--------------+-------------+---------+--------------+
|      82 | 2023-05-01 00:00:00-04:00 | 168.596 | 169.761 | 167.959 | 168.905 | 5.24729e+07 |              1 |                0 |            1 |           0 |       2 |            1 |
+---------+---------------------------+---------+---------+---------+---------+-------------+----------------+------------------+--------------+-------------+---------+--------------+
|      83 | 2023-05-02 00:00:00-04:00 | 169.403 | 169.662 | 166.863 | 167.859 | 4.84257e+07 |              1 |                0 |            0 |           0 |       1 |           -1 |
+---------+---------------------------+---------+---------+---------+---------+-------------+----------------+------------------+--------------+-------------+---------+--------------+
|      84 | 2023-05-03 00:00:00-04:00 | 168.815 | 170.229 | 166.485 | 166.773 | 6.5136e+07  |              0 |                0 |            0 |           0 |       0 |           -1 |
+---------+---------------------------+---------+---------+---------+---------+-------------+----------------+------------------+--------------+-------------+---------+--------------+
|      85 | 2023-05-04 00:00:00-04:00 | 164.224 | 166.365 | 163.646 | 165.12  | 8.12354e+07 |              0 |                0 |            0 |           0 |       0 |            0 |
+---------+---------------------------+---------+---------+---------+---------+-------------+----------------+------------------+--------------+-------------+---------+--------------+
|      86 | 2023-05-05 00:00:00-04:00 | 170.289 | 173.596 | 170.07  | 172.869 | 1.13316e+08 |              1 |                0 |            1 |           0 |       2 |            2 |
+---------+---------------------------+---------+---------+---------+---------+-------------+----------------+------------------+--------------+-------------+---------+--------------+
|      87 | 2023-05-08 00:00:00-04:00 | 171.783 | 173.148 | 171.415 | 172.799 | 5.59628e+07 |              1 |                0 |            1 |           0 |       2 |            0 |
+---------+---------------------------+---------+---------+---------+---------+-------------+----------------+------------------+--------------+-------------+---------+--------------+
|      88 | 2023-05-09 00:00:00-04:00 | 172.351 | 172.839 | 170.907 | 171.076 | 4.53269e+07 |              0 |                0 |            1 |           0 |       1 |           -1 |
+---------+---------------------------+---------+---------+---------+---------+-------------+----------------+------------------+--------------+-------------+---------+--------------+
|      89 | 2023-05-10 00:00:00-04:00 | 172.321 | 173.327 | 171.205 | 172.859 | 5.37245e+07 |              1 |                0 |            1 |           0 |       2 |            1 |
+---------+---------------------------+---------+---------+---------+---------+-------------+----------------+------------------+--------------+-------------+---------+--------------+
|      90 | 2023-05-11 00:00:00-04:00 | 173.148 | 173.885 | 171.474 | 173.048 | 4.95147e+07 |              1 |                0 |            1 |           0 |       2 |            0 |
+---------+---------------------------+---------+---------+---------+---------+-------------+----------------+------------------+--------------+-------------+---------+--------------+
|      91 | 2023-05-12 00:00:00-04:00 | 173.158 | 173.597 | 170.545 | 172.111 | 4.54978e+07 |              1 |                0 |            1 |           0 |       2 |            0 |
+---------+---------------------------+---------+---------+---------+---------+-------------+----------------+------------------+--------------+-------------+---------+--------------+
|      92 | 2023-05-15 00:00:00-04:00 | 172.699 | 172.749 | 171.013 | 171.612 | 3.72667e+07 |              1 |                0 |            1 |           0 |       2 |            0 |
+---------+---------------------------+---------+---------+---------+---------+-------------+----------------+------------------+--------------+-------------+---------+--------------+
|      93 | 2023-05-16 00:00:00-04:00 | 171.532 | 172.679 | 171.343 | 171.612 | 4.21103e+07 |              1 |                0 |            0 |           0 |       1 |           -1 |
+---------+---------------------------+---------+---------+---------+---------+-------------+----------------+------------------+--------------+-------------+---------+--------------+
|      94 | 2023-05-17 00:00:00-04:00 | 171.253 | 172.47  | 169.966 | 172.23  | 5.79516e+07 |              0 |                0 |            0 |           0 |       0 |           -1 |
+---------+---------------------------+---------+---------+---------+---------+-------------+----------------+------------------+--------------+-------------+---------+--------------+
|      95 | 2023-05-18 00:00:00-04:00 | 172.539 | 174.773 | 172.121 | 174.584 | 6.54967e+07 |              1 |                0 |            1 |           0 |       2 |            2 |
+---------+---------------------------+---------+---------+---------+---------+-------------+----------------+------------------+--------------+-------------+---------+--------------+
|      96 | 2023-05-19 00:00:00-04:00 | 175.92  | 175.92  | 174.474 | 174.694 | 5.57724e+07 |              1 |                0 |            1 |           1 |       3 |            1 |
+---------+---------------------------+---------+---------+---------+---------+-------------+----------------+------------------+--------------+-------------+---------+--------------+
|      97 | 2023-05-22 00:00:00-04:00 | 173.517 | 174.245 | 172.988 | 173.736 | 4.35709e+07 |              1 |                0 |            0 |           1 |       2 |           -1 |
+---------+---------------------------+---------+---------+---------+---------+-------------+----------------+------------------+--------------+-------------+---------+--------------+
|      98 | 2023-05-23 00:00:00-04:00 | 172.669 | 172.918 | 170.824 | 171.103 | 5.07473e+07 |              0 |                0 |            0 |           0 |       0 |           -2 |
+---------+---------------------------+---------+---------+---------+---------+-------------+----------------+------------------+--------------+-------------+---------+--------------+
|      99 | 2023-05-24 00:00:00-04:00 | 170.634 | 171.961 | 170.066 | 171.382 | 4.51435e+07 |              1 |                0 |            0 |           0 |       1 |            1 |
+---------+---------------------------+---------+---------+---------+---------+-------------+----------------+------------------+--------------+-------------+---------+--------------+
|     100 | 2023-05-25 00:00:00-04:00 | 171.951 | 173.437 | 171.233 | 172.529 | 5.60583e+07 |              0 |                0 |            0 |           0 |       0 |           -1 |
+---------+---------------------------+---------+---------+---------+---------+-------------+----------------+------------------+--------------+-------------+---------+--------------+
|     101 | 2023-05-26 00:00:00-04:00 | 172.859 | 175.302 | 172.649 | 174.963 | 5.4835e+07  |              0 |                0 |            0 |           0 |       0 |            0 |
+---------+---------------------------+---------+---------+---------+---------+-------------+----------------+------------------+--------------+-------------+---------+--------------+
|     102 | 2023-05-30 00:00:00-04:00 | 176.489 | 178.513 | 176.1   | 176.828 | 5.59644e+07 |              1 |                0 |            0 |           0 |       1 |            1 |
+---------+---------------------------+---------+---------+---------+---------+-------------+----------------+------------------+--------------+-------------+---------+--------------+
|     103 | 2023-05-31 00:00:00-04:00 | 176.858 | 178.872 | 176.289 | 176.778 | 9.96253e+07 |              1 |                0 |            1 |           0 |       2 |            1 |
+---------+---------------------------+---------+---------+---------+---------+-------------+----------------+------------------+--------------+-------------+---------+--------------+
|     104 | 2023-06-01 00:00:00-04:00 | 177.227 | 179.64  | 176.459 | 179.611 | 6.89018e+07 |              1 |                0 |            1 |           0 |       2 |            0 |
+---------+---------------------------+---------+---------+---------+---------+-------------+----------------+------------------+--------------+-------------+---------+--------------+
|     105 | 2023-06-02 00:00:00-04:00 | 180.548 | 181.296 | 178.783 | 180.468 | 6.19459e+07 |              1 |                0 |            1 |           0 |       2 |            0 |
+---------+---------------------------+---------+---------+---------+---------+-------------+----------------+------------------+--------------+-------------+---------+--------------+
|     106 | 2023-06-05 00:00:00-04:00 | 182.144 | 184.458 | 177.566 | 179.102 | 1.21946e+08 |              1 |                0 |            1 |           0 |       2 |            0 |
+---------+---------------------------+---------+---------+---------+---------+-------------+----------------+------------------+--------------+-------------+---------+--------------+
|     107 | 2023-06-06 00:00:00-04:00 | 179.491 | 179.64  | 176.958 | 178.733 | 6.48484e+07 |              1 |                0 |            1 |           0 |       2 |            0 |
+---------+---------------------------+---------+---------+---------+---------+-------------+----------------+------------------+--------------+-------------+---------+--------------+
|     108 | 2023-06-07 00:00:00-04:00 | 177.965 | 180.728 | 176.848 | 177.347 | 6.19446e+07 |              0 |                0 |            1 |           0 |       1 |           -1 |
+---------+---------------------------+---------+---------+---------+---------+-------------+----------------+------------------+--------------+-------------+---------+--------------+
|     109 | 2023-06-08 00:00:00-04:00 | 177.426 | 180.359 | 176.988 | 180.089 | 5.02149e+07 |              0 |                0 |            1 |           0 |       1 |            0 |
+---------+---------------------------+---------+---------+---------+---------+-------------+----------------+------------------+--------------+-------------+---------+--------------+
|     110 | 2023-06-09 00:00:00-04:00 | 181.017 | 181.745 | 180.149 | 180.478 | 4.88707e+07 |              0 |                0 |            1 |           0 |       1 |            0 |
+---------+---------------------------+---------+---------+---------+---------+-------------+----------------+------------------+--------------+-------------+---------+--------------+
|     111 | 2023-06-12 00:00:00-04:00 | 180.787 | 183.4   | 180.488 | 183.301 | 5.42749e+07 |              1 |                0 |            1 |           0 |       2 |            1 |
+---------+---------------------------+---------+---------+---------+---------+-------------+----------------+------------------+--------------+-------------+---------+--------------+
|     112 | 2023-06-13 00:00:00-04:00 | 182.313 | 183.66  | 181.954 | 182.822 | 5.49291e+07 |              1 |                0 |            1 |           0 |       2 |            0 |
+---------+---------------------------+---------+---------+---------+---------+-------------+----------------+------------------+--------------+-------------+---------+--------------+
|     113 | 2023-06-14 00:00:00-04:00 | 182.882 | 183.899 | 181.535 | 183.46  | 5.74629e+07 |              1 |                0 |            1 |           0 |       2 |            0 |
+---------+---------------------------+---------+---------+---------+---------+-------------+----------------+------------------+--------------+-------------+---------+--------------+
|     114 | 2023-06-15 00:00:00-04:00 | 183.47  | 186.023 | 183.291 | 185.515 | 6.54332e+07 |              1 |                0 |            1 |           0 |       2 |            0 |
+---------+---------------------------+---------+---------+---------+---------+-------------+----------------+------------------+--------------+-------------+---------+--------------+
|     115 | 2023-06-16 00:00:00-04:00 | 186.233 | 186.492 | 183.779 | 184.428 | 1.01236e+08 |              1 |                0 |            1 |           0 |       2 |            0 |
+---------+---------------------------+---------+---------+---------+---------+-------------+----------------+------------------+--------------+-------------+---------+--------------+
|     116 | 2023-06-20 00:00:00-04:00 | 183.919 | 185.605 | 183.919 | 184.517 | 4.97991e+07 |              1 |                0 |            1 |           0 |       2 |            0 |
+---------+---------------------------+---------+---------+---------+---------+-------------+----------------+------------------+--------------+-------------+---------+--------------+
|     117 | 2023-06-21 00:00:00-04:00 | 184.408 | 184.916 | 182.104 | 183.47  | 4.95157e+07 |              0 |                0 |            1 |           0 |       1 |           -1 |
+---------+---------------------------+---------+---------+---------+---------+-------------+----------------+------------------+--------------+-------------+---------+--------------+
|     118 | 2023-06-22 00:00:00-04:00 | 183.251 | 186.552 | 183.181 | 186.502 | 5.12453e+07 |              0 |                0 |            1 |           0 |       1 |            0 |
+---------+---------------------------+---------+---------+---------+---------+-------------+----------------+------------------+--------------+-------------+---------+--------------+
|     119 | 2023-06-23 00:00:00-04:00 | 185.056 | 187.061 | 184.517 | 186.183 | 5.30793e+07 |              0 |                0 |            1 |           0 |       1 |            0 |
+---------+---------------------------+---------+---------+---------+---------+-------------+----------------+------------------+--------------+-------------+---------+--------------+
|     120 | 2023-06-26 00:00:00-04:00 | 186.333 | 187.549 | 184.737 | 184.777 | 4.80887e+07 |              0 |                0 |            0 |           0 |       0 |           -1 |
+---------+---------------------------+---------+---------+---------+---------+-------------+----------------+------------------+--------------+-------------+---------+--------------+
|     121 | 2023-06-27 00:00:00-04:00 | 185.395 | 187.888 | 185.176 | 187.559 | 5.07308e+07 |              1 |                0 |            1 |           0 |       2 |            2 |
+---------+---------------------------+---------+---------+---------+---------+-------------+----------------+------------------+--------------+-------------+---------+--------------+
|     122 | 2023-06-28 00:00:00-04:00 | 187.43  | 189.394 | 187.101 | 188.746 | 5.12168e+07 |              1 |                0 |            1 |           0 |       2 |            0 |
+---------+---------------------------+---------+---------+---------+---------+-------------+----------------+------------------+--------------+-------------+---------+--------------+
|     123 | 2023-06-29 00:00:00-04:00 | 188.577 | 189.564 | 188.437 | 189.085 | 4.63473e+07 |              1 |                0 |            1 |           0 |       2 |            0 |
+---------+---------------------------+---------+---------+---------+---------+-------------+----------------+------------------+--------------+-------------+---------+--------------+
|     124 | 2023-06-30 00:00:00-04:00 | 191.12  | 193.962 | 190.751 | 193.454 | 8.50696e+07 |              1 |                0 |            1 |           0 |       2 |            0 |
+---------+---------------------------+---------+---------+---------+---------+-------------+----------------+------------------+--------------+-------------+---------+--------------+
|     125 | 2023-07-03 00:00:00-04:00 | 193.264 | 193.364 | 191.249 | 191.948 | 3.14582e+07 |              0 |                0 |            1 |           0 |       1 |           -1 |
+---------+---------------------------+---------+---------+---------+---------+-------------+----------------+------------------+--------------+-------------+---------+--------------+
|     126 | 2023-07-05 00:00:00-04:00 | 191.06  | 192.466 | 190.112 | 190.821 | 4.69203e+07 |              0 |                0 |            1 |           1 |       2 |            1 |
+---------+---------------------------+---------+---------+---------+---------+-------------+----------------+------------------+--------------+-------------+---------+--------------+
|     127 | 2023-07-06 00:00:00-04:00 | 189.335 | 191.509 | 188.696 | 191.299 | 4.50943e+07 |              0 |                0 |            1 |           1 |       2 |            0 |
+---------+---------------------------+---------+---------+---------+---------+-------------+----------------+------------------+--------------+-------------+---------+--------------+
|     128 | 2023-07-07 00:00:00-04:00 | 190.9   | 192.157 | 189.733 | 190.172 | 4.6778e+07  |              0 |                0 |            1 |           1 |       2 |            0 |
+---------+---------------------------+---------+---------+---------+---------+-------------+----------------+------------------+--------------+-------------+---------+--------------+
|     129 | 2023-07-10 00:00:00-04:00 | 188.756 | 189.484 | 186.542 | 188.108 | 5.99222e+07 |              0 |                0 |            0 |           1 |       1 |           -1 |
+---------+---------------------------+---------+---------+---------+---------+-------------+----------------+------------------+--------------+-------------+---------+--------------+
|     130 | 2023-07-11 00:00:00-04:00 | 188.656 | 188.796 | 186.103 | 187.579 | 4.66381e+07 |              0 |                0 |            0 |           0 |       0 |           -1 |
+---------+---------------------------+---------+---------+---------+---------+-------------+----------------+------------------+--------------+-------------+---------+--------------+
|     131 | 2023-07-12 00:00:00-04:00 | 189.175 | 191.19  | 187.968 | 189.265 | 6.07502e+07 |              0 |                0 |            0 |           0 |       0 |            0 |
+---------+---------------------------+---------+---------+---------+---------+-------------+----------------+------------------+--------------+-------------+---------+--------------+
|     132 | 2023-07-13 00:00:00-04:00 | 189.993 | 190.681 | 189.275 | 190.033 | 4.13423e+07 |              0 |                0 |            0 |           0 |       0 |            0 |
+---------+---------------------------+---------+---------+---------+---------+-------------+----------------+------------------+--------------+-------------+---------+--------------+
|     133 | 2023-07-14 00:00:00-04:00 | 189.723 | 190.671 | 189.125 | 190.182 | 4.15739e+07 |              0 |                0 |            0 |           0 |       0 |            0 |
+---------+---------------------------+---------+---------+---------+---------+-------------+----------------+------------------+--------------+-------------+---------+--------------+
|     134 | 2023-07-17 00:00:00-04:00 | 191.389 | 193.803 | 191.299 | 193.474 | 5.05202e+07 |              1 |                0 |            0 |           0 |       1 |            1 |
+---------+---------------------------+---------+---------+---------+---------+-------------+----------------+------------------+--------------+-------------+---------+--------------+
|     135 | 2023-07-18 00:00:00-04:00 | 192.835 | 193.813 | 191.908 | 193.214 | 4.83538e+07 |              0 |                0 |            0 |           0 |       0 |           -1 |
+---------+---------------------------+---------+---------+---------+---------+-------------+----------------+------------------+--------------+-------------+---------+--------------+
|     136 | 2023-07-19 00:00:00-04:00 | 192.586 | 197.702 | 192.137 | 194.581 | 8.05073e+07 |              0 |                0 |            0 |           0 |       0 |            0 |
+---------+---------------------------+---------+---------+---------+---------+-------------+----------------+------------------+--------------+-------------+---------+--------------+
|     137 | 2023-07-20 00:00:00-04:00 | 194.571 | 195.947 | 191.987 | 192.616 | 5.95812e+07 |              0 |                0 |            0 |           0 |       0 |            0 |
+---------+---------------------------+---------+---------+---------+---------+-------------+----------------+------------------+--------------+-------------+---------+--------------+
|     138 | 2023-07-21 00:00:00-04:00 | 193.583 | 194.451 | 190.721 | 191.429 | 7.19178e+07 |              0 |                0 |            0 |           0 |       0 |            0 |
+---------+---------------------------+---------+---------+---------+---------+-------------+----------------+------------------+--------------+-------------+---------+--------------+
|     139 | 2023-07-24 00:00:00-04:00 | 192.895 | 194.391 | 191.738 | 192.237 | 4.53778e+07 |              0 |                0 |            0 |           0 |       0 |            0 |
+---------+---------------------------+---------+---------+---------+---------+-------------+----------------+------------------+--------------+-------------+---------+--------------+
|     140 | 2023-07-25 00:00:00-04:00 | 192.815 | 193.922 | 192.406 | 193.104 | 3.72832e+07 |              0 |                0 |            0 |           0 |       0 |            0 |
+---------+---------------------------+---------+---------+---------+---------+-------------+----------------+------------------+--------------+-------------+---------+--------------+
|     141 | 2023-07-26 00:00:00-04:00 | 193.154 | 195.119 | 192.805 | 193.982 | 4.74719e+07 |              0 |                0 |            0 |           0 |       0 |            0 |
+---------+---------------------------+---------+---------+---------+---------+-------------+----------------+------------------+--------------+-------------+---------+--------------+
|     142 | 2023-07-27 00:00:00-04:00 | 195.498 | 196.675 | 192.037 | 192.706 | 4.74602e+07 |              0 |                0 |            0 |           0 |       0 |            0 |
+---------+---------------------------+---------+---------+---------+---------+-------------+----------------+------------------+--------------+-------------+---------+--------------+
|     143 | 2023-07-28 00:00:00-04:00 | 194.152 | 196.106 | 193.623 | 195.309 | 4.82914e+07 |              1 |                0 |            0 |           0 |       1 |            1 |
+---------+---------------------------+---------+---------+---------+---------+-------------+----------------+------------------+--------------+-------------+---------+--------------+
|     144 | 2023-07-31 00:00:00-04:00 | 195.538 | 195.967 | 194.74  | 195.927 | 3.88241e+07 |              1 |                0 |            0 |           0 |       1 |            0 |
+---------+---------------------------+---------+---------+---------+---------+-------------+----------------+------------------+--------------+-------------+---------+--------------+

  Buy Price  Buy Time                     Sell Price  Sell Time                    Profit    Trade Length
-----------  -------------------------  ------------  -------------------------  --------  --------------
    146.814  2023-02-28 00:00:00-05:00       150.42   2023-03-03 00:00:00-05:00  3.60536                3
    150.988  2023-03-07 00:00:00-05:00       152.252  2023-03-08 00:00:00-05:00  1.26486                1
    147.9    2023-03-10 00:00:00-05:00       149.862  2023-03-13 00:00:00-04:00  1.96204                1
    160.15   2023-04-11 00:00:00-04:00       164.562  2023-04-17 00:00:00-04:00  4.41209                4
    164.662  2023-04-24 00:00:00-04:00       167.73   2023-04-27 00:00:00-04:00  3.06755                3
    166.773  2023-05-03 00:00:00-04:00       172.869  2023-05-05 00:00:00-04:00  6.09528                2
    172.23   2023-05-17 00:00:00-04:00       174.584  2023-05-18 00:00:00-04:00  2.35371                1
    171.103  2023-05-23 00:00:00-04:00       171.382  2023-05-24 00:00:00-04:00  0.279251               1
    172.529  2023-05-25 00:00:00-04:00       176.828  2023-05-30 00:00:00-04:00  4.29852                2
    184.777  2023-06-26 00:00:00-04:00       187.559  2023-06-27 00:00:00-04:00  2.78255                1
    187.579  2023-07-11 00:00:00-04:00       193.474  2023-07-17 00:00:00-04:00  5.89426                4
    193.214  2023-07-18 00:00:00-04:00       195.309  2023-07-28 00:00:00-04:00  2.09442                8
Total Profit: 38.109893798828125 Median Trade Length: 2.0 Average Trade Length: 2.5833333333333335
