Trading Output for aapl for the last 300 days
+---------+---------------------------+---------+---------+---------+---------+-------------+----------------+------------------+--------------+-------------+---------+--------------+
|   Index | Timestamp                 |    Open |    High |     Low |   Close |      Volume |   RSIEMA Cross |   SMA/VWAP Cross |   MACD Cross |   KNN EMA X |   Total |   Total Diff |
+=========+===========================+=========+=========+=========+=========+=============+================+==================+==============+=============+=========+==============+
|       1 | 2023-01-03 00:00:00-05:00 | 129.727 | 130.344 | 123.642 | 124.539 | 1.12118e+08 |              0 |                1 |            0 |           0 |       1 |            0 |
+---------+---------------------------+---------+---------+---------+---------+-------------+----------------+------------------+--------------+-------------+---------+--------------+
|       2 | 2023-01-04 00:00:00-05:00 | 126.351 | 128.113 | 124.549 | 125.823 | 8.91136e+07 |              0 |                1 |            1 |           0 |       2 |            1 |
+---------+---------------------------+---------+---------+---------+---------+-------------+----------------+------------------+--------------+-------------+---------+--------------+
|       3 | 2023-01-05 00:00:00-05:00 | 126.59  | 127.227 | 124.23  | 124.489 | 8.09627e+07 |              0 |                1 |            1 |           0 |       2 |            0 |
+---------+---------------------------+---------+---------+---------+---------+-------------+----------------+------------------+--------------+-------------+---------+--------------+
|       4 | 2023-01-06 00:00:00-05:00 | 125.475 | 129.736 | 124.359 | 129.069 | 8.77547e+07 |              0 |                1 |            1 |           0 |       2 |            0 |
+---------+---------------------------+---------+---------+---------+---------+-------------+----------------+------------------+--------------+-------------+---------+--------------+
|       5 | 2023-01-09 00:00:00-05:00 | 129.916 | 132.843 | 129.338 | 129.597 | 7.07908e+07 |              0 |                0 |            1 |           0 |       1 |           -1 |
+---------+---------------------------+---------+---------+---------+---------+-------------+----------------+------------------+--------------+-------------+---------+--------------+
|       6 | 2023-01-10 00:00:00-05:00 | 129.707 | 130.702 | 127.576 | 130.175 | 6.38962e+07 |              0 |                0 |            1 |           0 |       1 |            0 |
+---------+---------------------------+---------+---------+---------+---------+-------------+----------------+------------------+--------------+-------------+---------+--------------+
|       7 | 2023-01-11 00:00:00-05:00 | 130.692 | 132.943 | 129.906 | 132.923 | 6.94589e+07 |              0 |                0 |            1 |           0 |       1 |            0 |
+---------+---------------------------+---------+---------+---------+---------+-------------+----------------+------------------+--------------+-------------+---------+--------------+
|       8 | 2023-01-12 00:00:00-05:00 | 133.311 | 133.69  | 130.882 | 132.843 | 7.13796e+07 |              0 |                0 |            1 |           0 |       1 |            0 |
+---------+---------------------------+---------+---------+---------+---------+-------------+----------------+------------------+--------------+-------------+---------+--------------+
|       9 | 2023-01-13 00:00:00-05:00 | 131.469 | 134.347 | 131.101 | 134.187 | 5.78097e+07 |              0 |                0 |            1 |           0 |       1 |            0 |
+---------+---------------------------+---------+---------+---------+---------+-------------+----------------+------------------+--------------+-------------+---------+--------------+
|      10 | 2023-01-17 00:00:00-05:00 | 134.257 | 136.707 | 133.56  | 135.362 | 6.36466e+07 |              0 |                0 |            1 |           0 |       1 |            0 |
+---------+---------------------------+---------+---------+---------+---------+-------------+----------------+------------------+--------------+-------------+---------+--------------+
|      11 | 2023-01-18 00:00:00-05:00 | 136.239 | 138.021 | 134.456 | 134.636 | 6.96728e+07 |              0 |                0 |            1 |           0 |       1 |            0 |
+---------+---------------------------+---------+---------+---------+---------+-------------+----------------+------------------+--------------+-------------+---------+--------------+
|      12 | 2023-01-19 00:00:00-05:00 | 133.51  | 135.671 | 133.202 | 134.695 | 5.82804e+07 |              0 |                0 |            1 |           0 |       1 |            0 |
+---------+---------------------------+---------+---------+---------+---------+-------------+----------------+------------------+--------------+-------------+---------+--------------+
|      13 | 2023-01-20 00:00:00-05:00 | 134.705 | 137.434 | 133.65  | 137.284 | 8.02236e+07 |              0 |                0 |            1 |           0 |       1 |            0 |
+---------+---------------------------+---------+---------+---------+---------+-------------+----------------+------------------+--------------+-------------+---------+--------------+
|      14 | 2023-01-23 00:00:00-05:00 | 137.533 | 142.711 | 137.314 | 140.511 | 8.17603e+07 |              0 |                0 |            1 |           0 |       1 |            0 |
+---------+---------------------------+---------+---------+---------+---------+-------------+----------------+------------------+--------------+-------------+---------+--------------+
|      15 | 2023-01-24 00:00:00-05:00 | 139.714 | 142.552 | 139.704 | 141.924 | 6.64351e+07 |              1 |                0 |            1 |           0 |       2 |            1 |
+---------+---------------------------+---------+---------+---------+---------+-------------+----------------+------------------+--------------+-------------+---------+--------------+
|      16 | 2023-01-25 00:00:00-05:00 | 140.291 | 141.825 | 138.22  | 141.257 | 6.57993e+07 |              1 |                0 |            1 |           0 |       2 |            0 |
+---------+---------------------------+---------+---------+---------+---------+-------------+----------------+------------------+--------------+-------------+---------+--------------+
|      17 | 2023-01-26 00:00:00-05:00 | 142.562 | 143.637 | 141.297 | 143.348 | 5.41051e+07 |              1 |                0 |            1 |           0 |       2 |            0 |
+---------+---------------------------+---------+---------+---------+---------+-------------+----------------+------------------+--------------+-------------+---------+--------------+
|      18 | 2023-01-27 00:00:00-05:00 | 142.552 | 146.605 | 142.472 | 145.31  | 7.05558e+07 |              1 |                0 |            1 |           0 |       2 |            0 |
+---------+---------------------------+---------+---------+---------+---------+-------------+----------------+------------------+--------------+-------------+---------+--------------+
|      19 | 2023-01-30 00:00:00-05:00 | 144.344 | 144.932 | 142.243 | 142.392 | 6.40153e+07 |              1 |                0 |            1 |           0 |       2 |            0 |
+---------+---------------------------+---------+---------+---------+---------+-------------+----------------+------------------+--------------+-------------+---------+--------------+
|      20 | 2023-01-31 00:00:00-05:00 | 142.094 | 143.727 | 141.676 | 143.677 | 6.58745e+07 |              1 |                0 |            1 |           0 |       2 |            0 |
+---------+---------------------------+---------+---------+---------+---------+-------------+----------------+------------------+--------------+-------------+---------+--------------+
|      21 | 2023-02-01 00:00:00-05:00 | 143.358 | 145.987 | 140.72  | 144.812 | 7.76636e+07 |              1 |                0 |            1 |           0 |       2 |            0 |
+---------+---------------------------+---------+---------+---------+---------+-------------+----------------+------------------+--------------+-------------+---------+--------------+
|      22 | 2023-02-02 00:00:00-05:00 | 148.267 | 150.538 | 147.541 | 150.179 | 1.18339e+08 |              1 |                0 |            1 |           0 |       2 |            0 |
+---------+---------------------------+---------+---------+---------+---------+-------------+----------------+------------------+--------------+-------------+---------+--------------+
|      23 | 2023-02-03 00:00:00-05:00 | 147.401 | 156.711 | 147.202 | 153.844 | 1.54357e+08 |              1 |                0 |            1 |           0 |       2 |            0 |
+---------+---------------------------+---------+---------+---------+---------+-------------+----------------+------------------+--------------+-------------+---------+--------------+
|      24 | 2023-02-06 00:00:00-05:00 | 151.922 | 152.45  | 150.139 | 151.085 | 6.98583e+07 |              1 |                0 |            1 |           0 |       2 |            0 |
+---------+---------------------------+---------+---------+---------+---------+-------------+----------------+------------------+--------------+-------------+---------+--------------+
|      25 | 2023-02-07 00:00:00-05:00 | 150     | 154.571 | 150     | 153.993 | 8.33226e+07 |              1 |                0 |            1 |           0 |       2 |            0 |
+---------+---------------------------+---------+---------+---------+---------+-------------+----------------+------------------+--------------+-------------+---------+--------------+
|      26 | 2023-02-08 00:00:00-05:00 | 153.226 | 153.923 | 150.528 | 151.275 | 6.41201e+07 |              1 |                0 |            1 |           0 |       2 |            0 |
+---------+---------------------------+---------+---------+---------+---------+-------------+----------------+------------------+--------------+-------------+---------+--------------+
|      27 | 2023-02-09 00:00:00-05:00 | 153.127 | 153.674 | 149.781 | 150.229 | 5.60071e+07 |              1 |                0 |            1 |           0 |       2 |            0 |
+---------+---------------------------+---------+---------+---------+---------+-------------+----------------+------------------+--------------+-------------+---------+--------------+
|      28 | 2023-02-10 00:00:00-05:00 | 149.052 | 150.927 | 148.813 | 150.598 | 5.74507e+07 |              0 |                0 |            1 |           0 |       1 |           -1 |
+---------+---------------------------+---------+---------+---------+---------+-------------+----------------+------------------+--------------+-------------+---------+--------------+
|      29 | 2023-02-13 00:00:00-05:00 | 150.538 | 153.839 | 150.508 | 153.43  | 6.2199e+07  |              1 |                0 |            1 |           0 |       2 |            1 |
+---------+---------------------------+---------+---------+---------+---------+-------------+----------------+------------------+--------------+-------------+---------+--------------+
|      30 | 2023-02-14 00:00:00-05:00 | 151.705 | 153.351 | 150.448 | 152.782 | 6.17076e+07 |              1 |                0 |            1 |           0 |       2 |            0 |
+---------+---------------------------+---------+---------+---------+---------+-------------+----------------+------------------+--------------+-------------+---------+--------------+
|      31 | 2023-02-15 00:00:00-05:00 | 152.692 | 155.076 | 152.463 | 154.906 | 6.55738e+07 |              1 |                0 |            1 |           1 |       3 |            1 |
+---------+---------------------------+---------+---------+---------+---------+-------------+----------------+------------------+--------------+-------------+---------+--------------+
|      32 | 2023-02-16 00:00:00-05:00 | 153.091 | 155.904 | 152.932 | 153.291 | 6.81679e+07 |              0 |                0 |            0 |           1 |       1 |           -2 |
+---------+---------------------------+---------+---------+---------+---------+-------------+----------------+------------------+--------------+-------------+---------+--------------+
|      33 | 2023-02-17 00:00:00-05:00 | 151.934 | 152.583 | 150.438 | 152.134 | 5.91441e+07 |              0 |                0 |            0 |           1 |       1 |            0 |
+---------+---------------------------+---------+---------+---------+---------+-------------+----------------+------------------+--------------+-------------+---------+--------------+
|      34 | 2023-02-21 00:00:00-05:00 | 149.79  | 150.887 | 148.005 | 148.075 | 5.88672e+07 |              0 |                0 |            0 |           1 |       1 |            0 |
+---------+---------------------------+---------+---------+---------+---------+-------------+----------------+------------------+--------------+-------------+---------+--------------+
|      35 | 2023-02-22 00:00:00-05:00 | 148.464 | 149.541 | 146.759 | 148.504 | 5.10113e+07 |              0 |                0 |            0 |           1 |       1 |            0 |
+---------+---------------------------+---------+---------+---------+---------+-------------+----------------+------------------+--------------+-------------+---------+--------------+
|      36 | 2023-02-23 00:00:00-05:00 | 149.681 | 149.93  | 146.838 | 148.992 | 4.83942e+07 |              0 |                0 |            0 |           1 |       1 |            0 |
+---------+---------------------------+---------+---------+---------+---------+-------------+----------------+------------------+--------------+-------------+---------+--------------+
|      37 | 2023-02-24 00:00:00-05:00 | 146.709 | 146.788 | 145.322 | 146.31  | 5.54696e+07 |              0 |                0 |            0 |           1 |       1 |            0 |
+---------+---------------------------+---------+---------+---------+---------+-------------+----------------+------------------+--------------+-------------+---------+--------------+
|      38 | 2023-02-27 00:00:00-05:00 | 147.307 | 148.763 | 147.048 | 147.516 | 4.49985e+07 |              0 |                0 |            0 |           1 |       1 |            0 |
+---------+---------------------------+---------+---------+---------+---------+-------------+----------------+------------------+--------------+-------------+---------+--------------+
|      39 | 2023-02-28 00:00:00-05:00 | 146.649 | 148.673 | 146.429 | 147.008 | 5.0547e+07  |              0 |                0 |            0 |           0 |       0 |           -1 |
+---------+---------------------------+---------+---------+---------+---------+-------------+----------------+------------------+--------------+-------------+---------+--------------+
|      40 | 2023-03-01 00:00:00-05:00 | 146.429 | 146.828 | 144.614 | 144.914 | 5.5479e+07  |              0 |                0 |            0 |           0 |       0 |            0 |
+---------+---------------------------+---------+---------+---------+---------+-------------+----------------+------------------+--------------+-------------+---------+--------------+
|      41 | 2023-03-02 00:00:00-05:00 | 143.986 | 146.31  | 143.507 | 145.512 | 5.22381e+07 |              0 |                0 |            0 |           0 |       0 |            0 |
+---------+---------------------------+---------+---------+---------+---------+-------------+----------------+------------------+--------------+-------------+---------+--------------+
|      42 | 2023-03-03 00:00:00-05:00 | 147.636 | 150.698 | 146.928 | 150.618 | 7.07323e+07 |              1 |                0 |            0 |           0 |       1 |            1 |
+---------+---------------------------+---------+---------+---------+---------+-------------+----------------+------------------+--------------+-------------+---------+--------------+
|      43 | 2023-03-06 00:00:00-05:00 | 153.37  | 155.874 | 153.041 | 153.41  | 8.7558e+07  |              1 |                0 |            0 |           0 |       1 |            0 |
+---------+---------------------------+---------+---------+---------+---------+-------------+----------------+------------------+--------------+-------------+---------+--------------+
|      44 | 2023-03-07 00:00:00-05:00 | 153.281 | 153.61  | 150.718 | 151.186 | 5.6182e+07  |              0 |                0 |            0 |           0 |       0 |           -1 |
+---------+---------------------------+---------+---------+---------+---------+-------------+----------------+------------------+--------------+-------------+---------+--------------+
|      45 | 2023-03-08 00:00:00-05:00 | 152.393 | 153.051 | 151.416 | 152.453 | 4.72048e+07 |              0 |                0 |            0 |           1 |       1 |            1 |
+---------+---------------------------+---------+---------+---------+---------+-------------+----------------+------------------+--------------+-------------+---------+--------------+
|      46 | 2023-03-09 00:00:00-05:00 | 153.141 | 154.118 | 149.82  | 150.179 | 5.38336e+07 |              0 |                0 |            0 |           1 |       1 |            0 |
+---------+---------------------------+---------+---------+---------+---------+-------------+----------------+------------------+--------------+-------------+---------+--------------+
|      47 | 2023-03-10 00:00:00-05:00 | 149.8   | 150.528 | 147.207 | 148.095 | 6.85724e+07 |              0 |                0 |            0 |           0 |       0 |           -1 |
+---------+---------------------------+---------+---------+---------+---------+-------------+----------------+------------------+--------------+-------------+---------+--------------+
|      48 | 2023-03-13 00:00:00-04:00 | 147.407 | 152.722 | 147.297 | 150.06  | 8.44571e+07 |              1 |                0 |            0 |           0 |       1 |            1 |
+---------+---------------------------+---------+---------+---------+---------+-------------+----------------+------------------+--------------+-------------+---------+--------------+
|      49 | 2023-03-14 00:00:00-04:00 | 150.867 | 152.982 | 149.691 | 152.174 | 7.36959e+07 |              1 |                0 |            0 |           0 |       1 |            0 |
+---------+---------------------------+---------+---------+---------+---------+-------------+----------------+------------------+--------------+-------------+---------+--------------+
|      50 | 2023-03-15 00:00:00-04:00 | 150.778 | 152.832 | 149.511 | 152.573 | 7.71679e+07 |              1 |                0 |            0 |           0 |       1 |            0 |
+---------+---------------------------+---------+---------+---------+---------+-------------+----------------+------------------+--------------+-------------+---------+--------------+
|      51 | 2023-03-16 00:00:00-04:00 | 151.745 | 156.033 | 151.226 | 155.425 | 7.61611e+07 |              1 |                0 |            1 |           0 |       2 |            1 |
+---------+---------------------------+---------+---------+---------+---------+-------------+----------------+------------------+--------------+-------------+---------+--------------+
|      52 | 2023-03-17 00:00:00-04:00 | 155.654 | 156.312 | 153.859 | 154.577 | 9.89446e+07 |              1 |                0 |            1 |           0 |       2 |            0 |
+---------+---------------------------+---------+---------+---------+---------+-------------+----------------+------------------+--------------+-------------+---------+--------------+
|      53 | 2023-03-20 00:00:00-04:00 | 154.647 | 157.389 | 153.729 | 156.971 | 7.36414e+07 |              1 |                0 |            1 |           0 |       2 |            0 |
+---------+---------------------------+---------+---------+---------+---------+-------------+----------------+------------------+--------------+-------------+---------+--------------+
|      54 | 2023-03-21 00:00:00-04:00 | 156.891 | 158.965 | 156.113 | 158.845 | 7.39383e+07 |              1 |                0 |            1 |           0 |       2 |            0 |
+---------+---------------------------+---------+---------+---------+---------+-------------+----------------+------------------+--------------+-------------+---------+--------------+
|      55 | 2023-03-22 00:00:00-04:00 | 158.865 | 161.698 | 157.379 | 157.399 | 7.57018e+07 |              1 |                0 |            1 |           0 |       2 |            0 |
+---------+---------------------------+---------+---------+---------+---------+-------------+----------------+------------------+--------------+-------------+---------+--------------+
|      56 | 2023-03-23 00:00:00-04:00 | 158.397 | 161.109 | 157.25  | 158.496 | 6.76221e+07 |              1 |                0 |            1 |           0 |       2 |            0 |
+---------+---------------------------+---------+---------+---------+---------+-------------+----------------+------------------+--------------+-------------+---------+--------------+
|      57 | 2023-03-24 00:00:00-04:00 | 158.427 | 159.903 | 157.419 | 159.813 | 5.91965e+07 |              1 |                0 |            1 |           0 |       2 |            0 |
+---------+---------------------------+---------+---------+---------+---------+-------------+----------------+------------------+--------------+-------------+---------+--------------+
|      58 | 2023-03-27 00:00:00-04:00 | 159.504 | 160.331 | 157.439 | 157.848 | 5.23903e+07 |              1 |                0 |            1 |           0 |       2 |            0 |
+---------+---------------------------+---------+---------+---------+---------+-------------+----------------+------------------+--------------+-------------+---------+--------------+
|      59 | 2023-03-28 00:00:00-04:00 | 157.539 | 158.058 | 155.554 | 157.22  | 4.59922e+07 |              0 |                0 |            1 |           0 |       1 |           -1 |
+---------+---------------------------+---------+---------+---------+---------+-------------+----------------+------------------+--------------+-------------+---------+--------------+
|      60 | 2023-03-29 00:00:00-04:00 | 158.935 | 160.611 | 158.915 | 160.331 | 5.13057e+07 |              1 |                0 |            1 |           0 |       2 |            1 |
+---------+---------------------------+---------+---------+---------+---------+-------------+----------------+------------------+--------------+-------------+---------+--------------+
|      61 | 2023-03-30 00:00:00-04:00 | 161.089 | 162.027 | 160.83  | 161.917 | 4.95017e+07 |              1 |                0 |            1 |           0 |       2 |            0 |
+---------+---------------------------+---------+---------+---------+---------+-------------+----------------+------------------+--------------+-------------+---------+--------------+
|      62 | 2023-03-31 00:00:00-04:00 | 161.997 | 164.55  | 161.468 | 164.45  | 6.87498e+07 |              1 |                0 |            1 |           0 |       2 |            0 |
+---------+---------------------------+---------+---------+---------+---------+-------------+----------------+------------------+--------------+-------------+---------+--------------+
|      63 | 2023-04-03 00:00:00-04:00 | 163.822 | 165.836 | 163.772 | 165.717 | 5.69762e+07 |              1 |                0 |            1 |           0 |       2 |            0 |
+---------+---------------------------+---------+---------+---------+---------+-------------+----------------+------------------+--------------+-------------+---------+--------------+
|      64 | 2023-04-04 00:00:00-04:00 | 166.146 | 166.385 | 164.66  | 165.178 | 4.62783e+07 |              1 |                0 |            1 |           1 |       3 |            1 |
+---------+---------------------------+---------+---------+---------+---------+-------------+----------------+------------------+--------------+-------------+---------+--------------+
|      65 | 2023-04-05 00:00:00-04:00 | 164.291 | 164.6   | 161.359 | 163.313 | 5.15117e+07 |              0 |                0 |            1 |           1 |       2 |           -1 |
+---------+---------------------------+---------+---------+---------+---------+-------------+----------------+------------------+--------------+-------------+---------+--------------+
|      66 | 2023-04-06 00:00:00-04:00 | 161.987 | 164.51  | 161.558 | 164.211 | 4.53901e+07 |              1 |                0 |            1 |           1 |       3 |            1 |
+---------+---------------------------+---------+---------+---------+---------+-------------+----------------+------------------+--------------+-------------+---------+--------------+
|      67 | 2023-04-10 00:00:00-04:00 | 160.98  | 161.588 | 159.643 | 161.588 | 4.77169e+07 |              0 |                0 |            1 |           1 |       2 |           -1 |
+---------+---------------------------+---------+---------+---------+---------+-------------+----------------+------------------+--------------+-------------+---------+--------------+
|      68 | 2023-04-11 00:00:00-04:00 | 161.907 | 161.917 | 160.072 | 160.361 | 4.76442e+07 |              0 |                0 |            0 |           0 |       0 |           -2 |
+---------+---------------------------+---------+---------+---------+---------+-------------+----------------+------------------+--------------+-------------+---------+--------------+
|      69 | 2023-04-12 00:00:00-04:00 | 160.78  | 161.618 | 159.344 | 159.663 | 5.01331e+07 |              0 |                0 |            0 |           0 |       0 |            0 |
+---------+---------------------------+---------+---------+---------+---------+-------------+----------------+------------------+--------------+-------------+---------+--------------+
|      70 | 2023-04-13 00:00:00-04:00 | 161.189 | 165.348 | 160.98  | 165.108 | 6.84456e+07 |              0 |                0 |            0 |           0 |       0 |            0 |
+---------+---------------------------+---------+---------+---------+---------+-------------+----------------+------------------+--------------+-------------+---------+--------------+
|      71 | 2023-04-14 00:00:00-04:00 | 164.141 | 165.866 | 163.373 | 164.759 | 4.93865e+07 |              0 |                0 |            0 |           0 |       0 |            0 |
+---------+---------------------------+---------+---------+---------+---------+-------------+----------------+------------------+--------------+-------------+---------+--------------+
|      72 | 2023-04-17 00:00:00-04:00 | 164.64  | 164.939 | 163.583 | 164.779 | 4.15162e+07 |              1 |                0 |            0 |           0 |       1 |            1 |
+---------+---------------------------+---------+---------+---------+---------+-------------+----------------+------------------+--------------+-------------+---------+--------------+
|      73 | 2023-04-18 00:00:00-04:00 | 165.647 | 166.953 | 165.198 | 166.016 | 4.9923e+07  |              1 |                0 |            0 |           0 |       1 |            0 |
+---------+---------------------------+---------+---------+---------+---------+-------------+----------------+------------------+--------------+-------------+---------+--------------+
|      74 | 2023-04-19 00:00:00-04:00 | 165.348 | 167.701 | 165.088 | 167.173 | 4.77202e+07 |              1 |                0 |            0 |           1 |       2 |            1 |
+---------+---------------------------+---------+---------+---------+---------+-------------+----------------+------------------+--------------+-------------+---------+--------------+
|      75 | 2023-04-20 00:00:00-04:00 | 165.637 | 167.412 | 165.108 | 166.195 | 5.24564e+07 |              0 |                0 |            0 |           1 |       1 |           -1 |
+---------+---------------------------+---------+---------+---------+---------+-------------+----------------+------------------+--------------+-------------+---------+--------------+
|      76 | 2023-04-21 00:00:00-04:00 | 164.6   | 165.996 | 164.041 | 164.57  | 5.83373e+07 |              0 |                0 |            0 |           1 |       1 |            0 |
+---------+---------------------------+---------+---------+---------+---------+-------------+----------------+------------------+--------------+-------------+---------+--------------+
|      77 | 2023-04-24 00:00:00-04:00 | 164.55  | 165.148 | 163.443 | 164.879 | 4.19496e+07 |              0 |                0 |            0 |           0 |       0 |           -1 |
+---------+---------------------------+---------+---------+---------+---------+-------------+----------------+------------------+--------------+-------------+---------+--------------+
|      78 | 2023-04-25 00:00:00-04:00 | 164.739 | 165.856 | 163.283 | 163.323 | 4.87141e+07 |              0 |                0 |            0 |           0 |       0 |            0 |
+---------+---------------------------+---------+---------+---------+---------+-------------+----------------+------------------+--------------+-------------+---------+--------------+
|      79 | 2023-04-26 00:00:00-04:00 | 162.615 | 164.829 | 162.356 | 163.313 | 4.54988e+07 |              0 |                0 |            0 |           0 |       0 |            0 |
+---------+---------------------------+---------+---------+---------+---------+-------------+----------------+------------------+--------------+-------------+---------+--------------+
|      80 | 2023-04-27 00:00:00-04:00 | 164.739 | 168.1   | 164.739 | 167.951 | 6.49023e+07 |              1 |                0 |            0 |           0 |       1 |            1 |
+---------+---------------------------+---------+---------+---------+---------+-------------+----------------+------------------+--------------+-------------+---------+--------------+
|      81 | 2023-04-28 00:00:00-04:00 | 168.03  | 169.387 | 167.422 | 169.217 | 5.52092e+07 |              1 |                0 |            0 |           0 |       1 |            0 |
+---------+---------------------------+---------+---------+---------+---------+-------------+----------------+------------------+--------------+-------------+---------+--------------+
|      82 | 2023-05-01 00:00:00-04:00 | 168.818 | 169.985 | 168.18  | 169.127 | 5.24729e+07 |              1 |                0 |            1 |           0 |       2 |            1 |
+---------+---------------------------+---------+---------+---------+---------+-------------+----------------+------------------+--------------+-------------+---------+--------------+
|      83 | 2023-05-02 00:00:00-04:00 | 169.626 | 169.885 | 167.083 | 168.08  | 4.84257e+07 |              1 |                0 |            0 |           0 |       1 |           -1 |
+---------+---------------------------+---------+---------+---------+---------+-------------+----------------+------------------+--------------+-------------+---------+--------------+
|      84 | 2023-05-03 00:00:00-04:00 | 169.038 | 170.454 | 166.704 | 166.993 | 6.5136e+07  |              0 |                0 |            0 |           0 |       0 |           -1 |
+---------+---------------------------+---------+---------+---------+---------+-------------+----------------+------------------+--------------+-------------+---------+--------------+
|      85 | 2023-05-04 00:00:00-04:00 | 164.44  | 166.584 | 163.862 | 165.338 | 8.12354e+07 |              0 |                0 |            0 |           0 |       0 |            0 |
+---------+---------------------------+---------+---------+---------+---------+-------------+----------------+------------------+--------------+-------------+---------+--------------+
|      86 | 2023-05-05 00:00:00-04:00 | 170.514 | 173.825 | 170.294 | 173.097 | 1.13316e+08 |              1 |                0 |            1 |           0 |       2 |            2 |
+---------+---------------------------+---------+---------+---------+---------+-------------+----------------+------------------+--------------+-------------+---------+--------------+
|      87 | 2023-05-08 00:00:00-04:00 | 172.009 | 173.376 | 171.64  | 173.027 | 5.59628e+07 |              1 |                0 |            1 |           0 |       2 |            0 |
+---------+---------------------------+---------+---------+---------+---------+-------------+----------------+------------------+--------------+-------------+---------+--------------+
|      88 | 2023-05-09 00:00:00-04:00 | 172.578 | 173.067 | 171.132 | 171.301 | 4.53269e+07 |              0 |                0 |            1 |           0 |       1 |           -1 |
+---------+---------------------------+---------+---------+---------+---------+-------------+----------------+------------------+--------------+-------------+---------+--------------+
|      89 | 2023-05-10 00:00:00-04:00 | 172.548 | 173.555 | 171.431 | 173.087 | 5.37245e+07 |              1 |                0 |            1 |           0 |       2 |            1 |
+---------+---------------------------+---------+---------+---------+---------+-------------+----------------+------------------+--------------+-------------+---------+--------------+
|      90 | 2023-05-11 00:00:00-04:00 | 173.376 | 174.114 | 171.7   | 173.276 | 4.95147e+07 |              1 |                0 |            1 |           0 |       2 |            0 |
+---------+---------------------------+---------+---------+---------+---------+-------------+----------------+------------------+--------------+-------------+---------+--------------+
|      91 | 2023-05-12 00:00:00-04:00 | 173.386 | 173.825 | 170.769 | 172.337 | 4.54978e+07 |              1 |                0 |            1 |           0 |       2 |            0 |
+---------+---------------------------+---------+---------+---------+---------+-------------+----------------+------------------+--------------+-------------+---------+--------------+
|      92 | 2023-05-15 00:00:00-04:00 | 172.926 | 172.976 | 171.239 | 171.838 | 3.72667e+07 |              1 |                0 |            1 |           0 |       2 |            0 |
+---------+---------------------------+---------+---------+---------+---------+-------------+----------------+------------------+--------------+-------------+---------+--------------+
|      93 | 2023-05-16 00:00:00-04:00 | 171.758 | 172.907 | 171.568 | 171.838 | 4.21103e+07 |              1 |                0 |            0 |           0 |       1 |           -1 |
+---------+---------------------------+---------+---------+---------+---------+-------------+----------------+------------------+--------------+-------------+---------+--------------+
|      94 | 2023-05-17 00:00:00-04:00 | 171.478 | 172.697 | 170.19  | 172.457 | 5.79516e+07 |              0 |                0 |            0 |           0 |       0 |           -1 |
+---------+---------------------------+---------+---------+---------+---------+-------------+----------------+------------------+--------------+-------------+---------+--------------+
|      95 | 2023-05-18 00:00:00-04:00 | 172.767 | 175.004 | 172.347 | 174.814 | 6.54967e+07 |              1 |                0 |            1 |           0 |       2 |            2 |
+---------+---------------------------+---------+---------+---------+---------+-------------+----------------+------------------+--------------+-------------+---------+--------------+
|      96 | 2023-05-19 00:00:00-04:00 | 176.152 | 176.152 | 174.704 | 174.924 | 5.57724e+07 |              1 |                0 |            1 |           1 |       3 |            1 |
+---------+---------------------------+---------+---------+---------+---------+-------------+----------------+------------------+--------------+-------------+---------+--------------+
|      97 | 2023-05-22 00:00:00-04:00 | 173.745 | 174.474 | 173.216 | 173.965 | 4.35709e+07 |              1 |                0 |            0 |           1 |       2 |           -1 |
+---------+---------------------------+---------+---------+---------+---------+-------------+----------------+------------------+--------------+-------------+---------+--------------+
|      98 | 2023-05-23 00:00:00-04:00 | 172.897 | 173.146 | 171.049 | 171.329 | 5.07473e+07 |              0 |                0 |            0 |           0 |       0 |           -2 |
+---------+---------------------------+---------+---------+---------+---------+-------------+----------------+------------------+--------------+-------------+---------+--------------+
|      99 | 2023-05-24 00:00:00-04:00 | 170.859 | 172.187 | 170.29  | 171.608 | 4.51435e+07 |              1 |                0 |            0 |           0 |       1 |            1 |
+---------+---------------------------+---------+---------+---------+---------+-------------+----------------+------------------+--------------+-------------+---------+--------------+
|     100 | 2023-05-25 00:00:00-04:00 | 172.177 | 173.665 | 171.458 | 172.757 | 5.60583e+07 |              0 |                0 |            0 |           0 |       0 |           -1 |
+---------+---------------------------+---------+---------+---------+---------+-------------+----------------+------------------+--------------+-------------+---------+--------------+
|     101 | 2023-05-26 00:00:00-04:00 | 173.086 | 175.533 | 172.877 | 175.193 | 5.4835e+07  |              0 |                0 |            0 |           0 |       0 |            0 |
+---------+---------------------------+---------+---------+---------+---------+-------------+----------------+------------------+--------------+-------------+---------+--------------+
|     102 | 2023-05-30 00:00:00-04:00 | 176.721 | 178.749 | 176.332 | 177.061 | 5.59644e+07 |              1 |                0 |            0 |           0 |       1 |            1 |
+---------+---------------------------+---------+---------+---------+---------+-------------+----------------+------------------+--------------+-------------+---------+--------------+
|     103 | 2023-05-31 00:00:00-04:00 | 177.091 | 179.108 | 176.522 | 177.011 | 9.96253e+07 |              1 |                0 |            1 |           0 |       2 |            1 |
+---------+---------------------------+---------+---------+---------+---------+-------------+----------------+------------------+--------------+-------------+---------+--------------+
|     104 | 2023-06-01 00:00:00-04:00 | 177.46  | 179.877 | 176.691 | 179.847 | 6.89018e+07 |              1 |                0 |            1 |           0 |       2 |            0 |
+---------+---------------------------+---------+---------+---------+---------+-------------+----------------+------------------+--------------+-------------+---------+--------------+
|     105 | 2023-06-02 00:00:00-04:00 | 180.786 | 181.535 | 179.018 | 180.706 | 6.19459e+07 |              1 |                0 |            1 |           0 |       2 |            0 |
+---------+---------------------------+---------+---------+---------+---------+-------------+----------------+------------------+--------------+-------------+---------+--------------+
|     106 | 2023-06-05 00:00:00-04:00 | 182.384 | 184.701 | 177.8   | 179.338 | 1.21946e+08 |              1 |                0 |            1 |           0 |       2 |            0 |
+---------+---------------------------+---------+---------+---------+---------+-------------+----------------+------------------+--------------+-------------+---------+--------------+
|     107 | 2023-06-06 00:00:00-04:00 | 179.727 | 179.877 | 177.191 | 178.968 | 6.48484e+07 |              1 |                0 |            1 |           0 |       2 |            0 |
+---------+---------------------------+---------+---------+---------+---------+-------------+----------------+------------------+--------------+-------------+---------+--------------+
|     108 | 2023-06-07 00:00:00-04:00 | 178.199 | 180.966 | 177.081 | 177.58  | 6.19446e+07 |              0 |                0 |            1 |           0 |       1 |           -1 |
+---------+---------------------------+---------+---------+---------+---------+-------------+----------------+------------------+--------------+-------------+---------+--------------+
|     109 | 2023-06-08 00:00:00-04:00 | 177.66  | 180.596 | 177.221 | 180.326 | 5.02149e+07 |              0 |                0 |            1 |           0 |       1 |            0 |
+---------+---------------------------+---------+---------+---------+---------+-------------+----------------+------------------+--------------+-------------+---------+--------------+
|     110 | 2023-06-09 00:00:00-04:00 | 181.255 | 181.984 | 180.386 | 180.716 | 4.88707e+07 |              0 |                0 |            1 |           0 |       1 |            0 |
+---------+---------------------------+---------+---------+---------+---------+-------------+----------------+------------------+--------------+-------------+---------+--------------+
|     111 | 2023-06-12 00:00:00-04:00 | 181.026 | 183.642 | 180.726 | 183.542 | 5.42749e+07 |              1 |                0 |            1 |           0 |       2 |            1 |
+---------+---------------------------+---------+---------+---------+---------+-------------+----------------+------------------+--------------+-------------+---------+--------------+
|     112 | 2023-06-13 00:00:00-04:00 | 182.553 | 183.902 | 182.194 | 183.063 | 5.49291e+07 |              1 |                0 |            1 |           0 |       2 |            0 |
+---------+---------------------------+---------+---------+---------+---------+-------------+----------------+------------------+--------------+-------------+---------+--------------+
|     113 | 2023-06-14 00:00:00-04:00 | 183.123 | 184.141 | 181.775 | 183.702 | 5.74629e+07 |              1 |                0 |            1 |           0 |       2 |            0 |
+---------+---------------------------+---------+---------+---------+---------+-------------+----------------+------------------+--------------+-------------+---------+--------------+
|     114 | 2023-06-15 00:00:00-04:00 | 183.712 | 186.268 | 183.532 | 185.759 | 6.54332e+07 |              1 |                0 |            1 |           0 |       2 |            0 |
+---------+---------------------------+---------+---------+---------+---------+-------------+----------------+------------------+--------------+-------------+---------+--------------+
|     115 | 2023-06-16 00:00:00-04:00 | 186.478 | 186.738 | 184.022 | 184.671 | 1.01236e+08 |              1 |                0 |            1 |           0 |       2 |            0 |
+---------+---------------------------+---------+---------+---------+---------+-------------+----------------+------------------+--------------+-------------+---------+--------------+
|     116 | 2023-06-20 00:00:00-04:00 | 184.161 | 185.849 | 184.161 | 184.76  | 4.97991e+07 |              1 |                0 |            1 |           0 |       2 |            0 |
+---------+---------------------------+---------+---------+---------+---------+-------------+----------------+------------------+--------------+-------------+---------+--------------+
|     117 | 2023-06-21 00:00:00-04:00 | 184.651 | 185.16  | 182.344 | 183.712 | 4.95157e+07 |              0 |                0 |            1 |           0 |       1 |           -1 |
+---------+---------------------------+---------+---------+---------+---------+-------------+----------------+------------------+--------------+-------------+---------+--------------+
|     118 | 2023-06-22 00:00:00-04:00 | 183.492 | 186.798 | 183.422 | 186.748 | 5.12453e+07 |              0 |                0 |            1 |           0 |       1 |            0 |
+---------+---------------------------+---------+---------+---------+---------+-------------+----------------+------------------+--------------+-------------+---------+--------------+
|     119 | 2023-06-23 00:00:00-04:00 | 185.3   | 187.307 | 184.76  | 186.428 | 5.30793e+07 |              0 |                0 |            1 |           0 |       1 |            0 |
+---------+---------------------------+---------+---------+---------+---------+-------------+----------------+------------------+--------------+-------------+---------+--------------+
|     120 | 2023-06-26 00:00:00-04:00 | 186.578 | 187.796 | 184.98  | 185.02  | 4.80887e+07 |              0 |                0 |            0 |           0 |       0 |           -1 |
+---------+---------------------------+---------+---------+---------+---------+-------------+----------------+------------------+--------------+-------------+---------+--------------+
|     121 | 2023-06-27 00:00:00-04:00 | 185.639 | 188.136 | 185.42  | 187.806 | 5.07308e+07 |              1 |                0 |            1 |           0 |       2 |            2 |
+---------+---------------------------+---------+---------+---------+---------+-------------+----------------+------------------+--------------+-------------+---------+--------------+
|     122 | 2023-06-28 00:00:00-04:00 | 187.677 | 189.644 | 187.347 | 188.995 | 5.12168e+07 |              1 |                0 |            1 |           0 |       2 |            0 |
+---------+---------------------------+---------+---------+---------+---------+-------------+----------------+------------------+--------------+-------------+---------+--------------+
|     123 | 2023-06-29 00:00:00-04:00 | 188.825 | 189.814 | 188.685 | 189.334 | 4.63473e+07 |              1 |                0 |            1 |           0 |       2 |            0 |
+---------+---------------------------+---------+---------+---------+---------+-------------+----------------+------------------+--------------+-------------+---------+--------------+
|     124 | 2023-06-30 00:00:00-04:00 | 191.372 | 194.218 | 191.002 | 193.708 | 8.50696e+07 |              1 |                0 |            1 |           0 |       2 |            0 |
+---------+---------------------------+---------+---------+---------+---------+-------------+----------------+------------------+--------------+-------------+---------+--------------+
|     125 | 2023-07-03 00:00:00-04:00 | 193.519 | 193.619 | 191.501 | 192.2   | 3.14582e+07 |              0 |                0 |            1 |           0 |       1 |           -1 |
+---------+---------------------------+---------+---------+---------+---------+-------------+----------------+------------------+--------------+-------------+---------+--------------+
|     126 | 2023-07-05 00:00:00-04:00 | 191.312 | 192.72  | 190.363 | 191.072 | 4.69203e+07 |              0 |                0 |            1 |           1 |       2 |            1 |
+---------+---------------------------+---------+---------+---------+---------+-------------+----------------+------------------+--------------+-------------+---------+--------------+
|     127 | 2023-07-06 00:00:00-04:00 | 189.584 | 191.761 | 188.945 | 191.551 | 4.50943e+07 |              0 |                0 |            1 |           1 |       2 |            0 |
+---------+---------------------------+---------+---------+---------+---------+-------------+----------------+------------------+--------------+-------------+---------+--------------+
|     128 | 2023-07-07 00:00:00-04:00 | 191.152 | 192.41  | 189.983 | 190.423 | 4.6778e+07  |              0 |                0 |            1 |           1 |       2 |            0 |
+---------+---------------------------+---------+---------+---------+---------+-------------+----------------+------------------+--------------+-------------+---------+--------------+
|     129 | 2023-07-10 00:00:00-04:00 | 189.005 | 189.734 | 186.788 | 188.356 | 5.99222e+07 |              0 |                0 |            0 |           1 |       1 |           -1 |
+---------+---------------------------+---------+---------+---------+---------+-------------+----------------+------------------+--------------+-------------+---------+--------------+
|     130 | 2023-07-11 00:00:00-04:00 | 188.905 | 189.045 | 186.348 | 187.826 | 4.66381e+07 |              0 |                0 |            0 |           0 |       0 |           -1 |
+---------+---------------------------+---------+---------+---------+---------+-------------+----------------+------------------+--------------+-------------+---------+--------------+
|     131 | 2023-07-12 00:00:00-04:00 | 189.424 | 191.441 | 188.216 | 189.514 | 6.07502e+07 |              0 |                0 |            0 |           0 |       0 |            0 |
+---------+---------------------------+---------+---------+---------+---------+-------------+----------------+------------------+--------------+-------------+---------+--------------+
|     132 | 2023-07-13 00:00:00-04:00 | 190.243 | 190.932 | 189.524 | 190.283 | 4.13423e+07 |              0 |                0 |            0 |           0 |       0 |            0 |
+---------+---------------------------+---------+---------+---------+---------+-------------+----------------+------------------+--------------+-------------+---------+--------------+
|     133 | 2023-07-14 00:00:00-04:00 | 189.973 | 190.922 | 189.374 | 190.433 | 4.15739e+07 |              0 |                0 |            0 |           0 |       0 |            0 |
+---------+---------------------------+---------+---------+---------+---------+-------------+----------------+------------------+--------------+-------------+---------+--------------+
|     134 | 2023-07-17 00:00:00-04:00 | 191.641 | 194.058 | 191.551 | 193.728 | 5.05202e+07 |              1 |                0 |            0 |           0 |       1 |            1 |
+---------+---------------------------+---------+---------+---------+---------+-------------+----------------+------------------+--------------+-------------+---------+--------------+
|     135 | 2023-07-18 00:00:00-04:00 | 193.089 | 194.068 | 192.161 | 193.469 | 4.83538e+07 |              0 |                0 |            0 |           0 |       0 |           -1 |
+---------+---------------------------+---------+---------+---------+---------+-------------+----------------+------------------+--------------+-------------+---------+--------------+
|     136 | 2023-07-19 00:00:00-04:00 | 192.84  | 197.963 | 192.39  | 194.837 | 8.05073e+07 |              0 |                0 |            0 |           0 |       0 |            0 |
+---------+---------------------------+---------+---------+---------+---------+-------------+----------------+------------------+--------------+-------------+---------+--------------+
|     137 | 2023-07-20 00:00:00-04:00 | 194.827 | 196.205 | 192.24  | 192.87  | 5.95812e+07 |              0 |                0 |            0 |           0 |       0 |            0 |
+---------+---------------------------+---------+---------+---------+---------+-------------+----------------+------------------+--------------+-------------+---------+--------------+
|     138 | 2023-07-21 00:00:00-04:00 | 193.838 | 194.707 | 190.972 | 191.681 | 7.19178e+07 |              0 |                0 |            0 |           0 |       0 |            0 |
+---------+---------------------------+---------+---------+---------+---------+-------------+----------------+------------------+--------------+-------------+---------+--------------+
|     139 | 2023-07-24 00:00:00-04:00 | 193.149 | 194.647 | 191.991 | 192.49  | 4.53778e+07 |              0 |                0 |            0 |           0 |       0 |            0 |
+---------+---------------------------+---------+---------+---------+---------+-------------+----------------+------------------+--------------+-------------+---------+--------------+
|     140 | 2023-07-25 00:00:00-04:00 | 193.069 | 194.178 | 192.66  | 193.359 | 3.72832e+07 |              0 |                0 |            0 |           0 |       0 |            0 |
+---------+---------------------------+---------+---------+---------+---------+-------------+----------------+------------------+--------------+-------------+---------+--------------+
|     141 | 2023-07-26 00:00:00-04:00 | 193.409 | 195.376 | 193.059 | 194.238 | 4.74719e+07 |              0 |                0 |            0 |           0 |       0 |            0 |
+---------+---------------------------+---------+---------+---------+---------+-------------+----------------+------------------+--------------+-------------+---------+--------------+
|     142 | 2023-07-27 00:00:00-04:00 | 195.756 | 196.934 | 192.29  | 192.959 | 4.74602e+07 |              0 |                0 |            0 |           0 |       0 |            0 |
+---------+---------------------------+---------+---------+---------+---------+-------------+----------------+------------------+--------------+-------------+---------+--------------+
|     143 | 2023-07-28 00:00:00-04:00 | 194.407 | 196.365 | 193.878 | 195.566 | 4.82914e+07 |              1 |                0 |            0 |           0 |       1 |            1 |
+---------+---------------------------+---------+---------+---------+---------+-------------+----------------+------------------+--------------+-------------+---------+--------------+
|     144 | 2023-07-31 00:00:00-04:00 | 195.796 | 196.225 | 194.997 | 196.185 | 3.88241e+07 |              1 |                0 |            0 |           0 |       1 |            0 |
+---------+---------------------------+---------+---------+---------+---------+-------------+----------------+------------------+--------------+-------------+---------+--------------+

  Buy Price  Buy Time                     Sell Price  Sell Time                    Profit    Trade Length
-----------  -------------------------  ------------  -------------------------  --------  --------------
    147.008  2023-02-28 00:00:00-05:00       150.618  2023-03-03 00:00:00-05:00  3.61012                3
    151.186  2023-03-07 00:00:00-05:00       152.453  2023-03-08 00:00:00-05:00  1.26653                1
    148.095  2023-03-10 00:00:00-05:00       150.06   2023-03-13 00:00:00-04:00  1.96463                1
    160.361  2023-04-11 00:00:00-04:00       164.779  2023-04-17 00:00:00-04:00  4.41791                4
    164.879  2023-04-24 00:00:00-04:00       167.951  2023-04-27 00:00:00-04:00  3.07161                3
    166.993  2023-05-03 00:00:00-04:00       173.097  2023-05-05 00:00:00-04:00  6.10332                2
    172.457  2023-05-17 00:00:00-04:00       174.814  2023-05-18 00:00:00-04:00  2.35681                1
    171.329  2023-05-23 00:00:00-04:00       171.608  2023-05-24 00:00:00-04:00  0.279617               1
    172.757  2023-05-25 00:00:00-04:00       177.061  2023-05-30 00:00:00-04:00  4.30418                2
    185.02   2023-06-26 00:00:00-04:00       187.806  2023-06-27 00:00:00-04:00  2.78622                1
    187.826  2023-07-11 00:00:00-04:00       193.728  2023-07-17 00:00:00-04:00  5.90202                4
    193.469  2023-07-18 00:00:00-04:00       195.566  2023-07-28 00:00:00-04:00  2.09718                8
Total Profit: 38.16015625 Median Trade Length: 2.0 Average Trade Length: 2.5833333333333335
