-----------+-------------+---------+--------------+
| 2023-02-08 00:00:00-05:00 | 408.595  | 409.98   | 405.43   | 406.142  | 7.62275e+07 |  69.6412  |              1 |                0 |             0 |            1 |           1 |       3 |            0 |
+---------------------------+----------+----------+----------+----------+-------------+-----------+----------------+------------------+---------------+--------------+-------------+---------+--------------+
| 2023-02-09 00:00:00-05:00 | 409.861  | 410.019  | 401.355  | 402.621  | 7.86949e+07 |  60.7068  |              0 |                0 |             0 |            1 |           0 |       1 |           -2 |
+---------------------------+----------+----------+----------+----------+-------------+-----------+----------------+------------------+---------------+--------------+-------------+---------+--------------+
| 2023-02-10 00:00:00-05:00 | 401.405  | 403.956  | 400.564  | 403.561  | 7.07697e+07 |  57.6313  |              0 |                0 |             1 |            0 |           0 |       0 |           -1 |
+---------------------------+----------+----------+----------+----------+-------------+-----------+----------------+------------------+---------------+--------------+-------------+---------+--------------+
| 2023-02-13 00:00:00-05:00 | 404.233  | 408.437  | 403.759  | 408.298  | 6.49135e+07 |  61.9354  |              0 |                0 |             1 |            0 |           0 |       0 |            0 |
+---------------------------+----------+----------+----------+----------+-------------+-----------+----------------+------------------+---------------+--------------+-------------+---------+--------------+
| 2023-02-14 00:00:00-05:00 | 406.726  | 410.494  | 404.026  | 408.11   | 8.83893e+07 |  61.6053  |              0 |                0 |             0 |            0 |           1 |       1 |            1 |
+---------------------------+----------+----------+----------+----------+-------------+-----------+----------------+------------------+---------------+--------------+-------------+---------+--------------+
| 2023-02-15 00:00:00-05:00 | 405.845  | 409.515  | 404.975  | 409.436  | 6.15557e+07 |  59.2504  |              0 |                0 |             1 |            0 |           1 |       1 |            0 |
+---------------------------+----------+----------+----------+----------+-------------+-----------+----------------+------------------+---------------+--------------+-------------+---------+--------------+
| 2023-02-16 00:00:00-05:00 | 404.303  | 408.377  | 403.66   | 403.798  | 7.64315e+07 |  52.3784  |              0 |                0 |             0 |            0 |           1 |       1 |            0 |
+---------------------------+----------+----------+----------+----------+-------------+-----------+----------------+------------------+---------------+--------------+-------------+---------+--------------+
| 2023-02-17 00:00:00-05:00 | 401.602  | 403.037  | 399.615  | 402.789  | 8.92578e+07 |  56.5922  |              0 |                0 |             0 |            0 |           1 |       1 |            0 |
+---------------------------+----------+----------+----------+----------+-------------+-----------+----------------+------------------+---------------+--------------+-------------+---------+--------------+
| 2023-02-21 00:00:00-05:00 | 398.635  | 399.723  | 394.442  | 394.709  | 8.26559e+07 |  43.0111  |              0 |                0 |             0 |            0 |           1 |       1 |            0 |
+---------------------------+----------+----------+----------+----------+-------------+-----------+----------------+------------------+---------------+--------------+-------------+---------+--------------+
| 2023-02-22 00:00:00-05:00 | 395.134  | 396.727  | 392.662  | 394.165  | 8.37423e+07 |  37.5153  |              0 |                0 |             0 |            0 |           1 |       1 |            0 |
+---------------------------+----------+----------+----------+----------+-------------+-----------+----------------+------------------+---------------+--------------+-------------+---------+--------------+
| 2023-02-23 00:00:00-05:00 | 397.152  | 397.785  | 391.9    | 396.262  | 9.62424e+07 |  32.1839  |              0 |                0 |             1 |            0 |           1 |       1 |            0 |
+---------------------------+----------+----------+----------+----------+-------------+-----------+----------------+------------------+---------------+--------------+-------------+---------+--------------+
| 2023-02-24 00:00:00-05:00 | 391.079  | 392.889  | 389.319  | 392.029  | 1.08194e+08 |  32.2909  |              0 |                0 |             0 |            0 |           1 |       1 |            0 |
+---------------------------+----------+----------+----------+----------+-------------+-----------+----------------+------------------+---------------+--------------+-------------+---------+--------------+
| 2023-02-27 00:00:00-05:00 | 395.48   | 396.885  | 392.395  | 393.364  | 8.04447e+07 |  36.225   |              0 |                0 |             1 |            0 |           1 |       1 |            0 |
+---------------------------+----------+----------+----------+----------+-------------+-----------+----------------+------------------+---------------+--------------+-------------+---------+--------------+
| 2023-02-28 00:00:00-05:00 | 392.869  | 394.897  | 391.801  | 391.91   | 9.64386e+07 |  26.3553  |              0 |                0 |             0 |            0 |           0 |       0 |           -1 |
+---------------------------+----------+----------+----------+----------+-------------+-----------+----------------+------------------+---------------+--------------+-------------+---------+--------------+
| 2023-03-01 00:00:00-05:00 | 391.069  | 392.335  | 389.062  | 390.407  | 9.97068e+07 |  28.5058  |              0 |                0 |             0 |            0 |           0 |       0 |            0 |
+---------------------------+----------+----------+----------+----------+-------------+-----------+----------------+------------------+---------------+--------------+-------------+---------+--------------+
| 2023-03-02 00:00:00-05:00 | 388.369  | 394.313  | 388.023  | 393.443  | 8.51278e+07 |  37.2946  |              0 |                0 |             1 |            0 |           0 |       0 |            0 |
+---------------------------+----------+----------+----------+----------+-------------+-----------+----------------+------------------+---------------+--------------+-------------+---------+--------------+
| 2023-03-03 00:00:00-05:00 | 395.322  | 400.01   | 394.65   | 399.753  | 9.012e+07   |  45.4111  |              1 |                0 |             1 |            0 |           1 |       2 |            2 |
+---------------------------+----------+----------+----------+----------+-------------+-----------+----------------+------------------+---------------+--------------+-------------+---------+--------------+
| 2023-03-06 00:00:00-05:00 | 400.604  | 402.977  | 399.575  | 400.03   | 7.27959e+07 |  38.8355  |              0 |                0 |             1 |            0 |           1 |       1 |           -1 |
+---------------------------+----------+----------+----------+----------+-------------+-----------+----------------+------------------+---------------+--------------+-------------+---------+--------------+
| 2023-03-07 00:00:00-05:00 | 399.981  | 400.228  | 393.265  | 393.898  | 1.08311e+08 |  33.4637  |              0 |                0 |             0 |            0 |           1 |       1 |            0 |
+---------------------------+----------+----------+----------+----------+-------------+-----------+----------------+------------------+---------------+--------------+-------------+---------+--------------+
| 2023-03-08 00:00:00-05:00 | 394.017  | 395.322  | 392.236  | 394.541  | 7.47466e+07 |  32.3901  |              0 |                0 |             1 |            0 |           1 |       1 |            0 |
+---------------------------+----------+----------+----------+----------+-------------+-----------+----------------+------------------+---------------+--------------+-------------+---------+--------------+
| 2023-03-09 00:00:00-05:00 | 395.352  | 397.073  | 386.243  | 387.262  | 1.11945e+08 |  31.1796  |              0 |                0 |             0 |            0 |           1 |       1 |            0 |
+---------------------------+----------+----------+----------+----------+-------------+-----------+----------------+------------------+---------------+--------------+-------------+---------+--------------+
| 2023-03-10 00:00:00-05:00 | 386.698  | 388.844  | 380.101  | 381.674  | 1.89253e+08 |  28.2365  |              0 |                0 |             0 |            0 |           1 |       1 |            0 |
+---------------------------+----------+----------+----------+----------+-------------+-----------+----------------+------------------+---------------+--------------+-------------+---------+--------------+
| 2023-03-13 00:00:00-04:00 | 377.619  | 386.105  | 376.471  | 381.13   | 1.5779e+08  |  33.4299  |              0 |                0 |             0 |            0 |           0 |       0 |           -1 |
+---------------------------+----------+----------+----------+----------+-------------+-----------+----------------+------------------+---------------+--------------+-------------+---------+--------------+
| 2023-03-14 00:00:00-04:00 | 386.213  | 389.131  | 382.801  | 387.43   | 1.49752e+08 |  42.7937  |              1 |                0 |             1 |            0 |           0 |       1 |            1 |
+---------------------------+----------+----------+----------+----------+-------------+-----------+----------------+------------------+---------------+--------------+-------------+---------+--------------+
| 2023-03-15 00:00:00-04:00 | 381.654  | 385.214  | 379.498  | 385.007  | 1.72997e+08 |  38.0412  |              1 |                0 |             0 |            0 |           0 |       1 |            0 |
+---------------------------+----------+----------+----------+----------+-------------+-----------+----------------+------------------+---------------+--------------+-------------+---------+--------------+
| 2023-03-16 00:00:00-04:00 | 382.574  | 392.118  | 382.05   | 391.762  | 1.43254e+08 |  49.7307  |              1 |                0 |             1 |            0 |           0 |       1 |            0 |
+---------------------------+----------+----------+----------+----------+-------------+-----------+----------------+------------------+---------------+--------------+-------------+---------+--------------+
| 2023-03-17 00:00:00-04:00 | 390.388  | 391.559  | 385.751  | 387.181  | 1.40553e+08 |  44.1477  |              1 |                0 |             0 |            0 |           0 |       1 |            0 |
+---------------------------+----------+----------+----------+----------+-------------+-----------+----------------+------------------+---------------+--------------+-------------+---------+--------------+
| 2023-03-20 00:00:00-04:00 | 387.985  | 391.331  | 387.26   | 390.904  | 9.30558e+07 |  49.0869  |              1 |                0 |             1 |            0 |           0 |       1 |            0 |
+---------------------------+----------+----------+----------+----------+-------------+-----------+----------------+------------------+---------------+--------------+-------------+---------+--------------+
| 2023-03-21 00:00:00-04:00 | 394.379  | 396.533  | 392.731  | 396.037  | 9.15242e+07 |  54.7935  |              1 |                0 |             1 |            1 |           0 |       2 |            1 |
+---------------------------+----------+----------+----------+----------+-------------+-----------+----------------+------------------+---------------+--------------+-------------+---------+--------------+
| 2023-03-22 00:00:00-04:00 | 395.858  | 399.591  | 389.246  | 389.286  | 1.11747e+08 |  46.6709  |              1 |                0 |             0 |            1 |           0 |       2 |            0 |
+---------------------------+----------+----------+----------+----------+-------------+-----------+----------------+------------------+---------------+--------------+-------------+---------+--------------+
| 2023-03-23 00:00:00-04:00 | 392.244  | 396.414  | 387.538  | 390.338  | 1.19351e+08 |  41.7674  |              0 |                0 |             1 |            1 |           0 |       1 |           -1 |
+---------------------------+----------+----------+----------+----------+-------------+-----------+----------------+------------------+---------------+--------------+-------------+---------+--------------+
| 2023-03-24 00:00:00-04:00 | 389.018  | 392.989  | 386.595  | 392.899  | 1.07682e+08 |  44.0045  |              1 |                0 |             1 |            1 |           0 |       2 |            1 |
+---------------------------+----------+----------+----------+----------+-------------+-----------+----------------+------------------+---------------+--------------+-------------+---------+--------------+
| 2023-03-27 00:00:00-04:00 | 395.252  | 396.047  | 392.711  | 393.634  | 7.40104e+07 |  49.756   |              1 |                0 |             1 |            1 |           0 |       2 |            0 |
+---------------------------+----------+----------+----------+----------+-------------+-----------+----------------+------------------+---------------+--------------+-------------+---------+--------------+
| 2023-03-28 00:00:00-04:00 | 392.919  | 393.634  | 390.854  | 392.751  | 6.28717e+07 |  48.3517  |              1 |                0 |             0 |            1 |           0 |       2 |            0 |
+---------------------------+----------+----------+----------+----------+-------------+-----------+----------------+------------------+---------------+--------------+-------------+---------+--------------+
| 2023-03-29 00:00:00-04:00 | 397.049  | 398.707  | 395.808  | 398.459  | 7.74979e+07 |  60.6161  |              1 |                0 |             1 |            1 |           0 |       2 |            0 |
+---------------------------+----------+----------+----------+----------+-------------+-----------+----------------+------------------+---------------+--------------+-------------+---------+--------------+
| 2023-03-30 00:00:00-04:00 | 401.179  | 401.438  | 398.866  | 400.792  | 6.984e+07   |  69.3181  |              1 |                0 |             1 |            1 |           0 |       2 |            0 |
+---------------------------+----------+----------+----------+----------+-------------+-----------+----------------+------------------+---------------+--------------+-------------+---------+--------------+
| 2023-03-31 00:00:00-04:00 | 401.745  | 406.749  | 401.636  | 406.441  | 1.12063e+08 |  73.184   |              1 |                0 |             1 |            1 |           0 |       2 |            0 |
+---------------------------+----------+----------+----------+----------+-------------+-----------+----------------+------------------+---------------+--------------+-------------+---------+--------------+
| 2023-04-03 00:00:00-04:00 | 405.905  | 408.407  | 405.498  | 407.99   | 6.73911e+07 |  70.6274  |              1 |                0 |             1 |            1 |           0 |       2 |            0 |
+---------------------------+----------+----------+----------+----------+-------------+-----------+----------------+------------------+---------------+--------------+-------------+---------+--------------+
| 2023-04-04 00:00:00-04:00 | 408.655  | 408.953  | 404.307  | 405.726  | 6.66015e+07 |  70.8542  |              1 |                0 |             0 |            1 |           0 |       2 |            0 |
+---------------------------+----------+----------+----------+----------+-------------+-----------+----------------+------------------+---------------+--------------+-------------+---------+--------------+
| 2023-04-05 00:00:00-04:00 | 404.972  | 405.756  | 402.957  | 404.664  | 6.52002e+07 |  64.6669  |              1 |                0 |             0 |            1 |           0 |       2 |            0 |
+---------------------------+----------+----------+----------+----------+-------------+-----------+----------------+------------------+---------------+--------------+-------------+---------+--------------+
| 2023-04-06 00:00:00-04:00 | 403.84   | 406.531  | 402.758  | 406.243  | 6.37433e+07 |  73.2559  |              1 |                0 |             1 |            1 |           0 |       2 |            0 |
+---------------------------+----------+----------+----------+----------+-------------+-----------+----------------+------------------+---------------+--------------+-------------+---------+--------------+
| 2023-04-10 00:00:00-04:00 | 403.681  | 406.739  | 403.046  | 406.66   | 6.3681e+07  |  70.9091  |              1 |                0 |             1 |            1 |           0 |       2 |            0 |
+---------------------------+----------+----------+----------+----------+-------------+-----------+----------------+------------------+---------------+--------------+-------------+---------+--------------+
| 2023-04-11 00:00:00-04:00 | 407.305  | 408.218  | 405.975  | 406.769  | 5.92979e+07 |  66.4336  |              1 |                0 |             1 |            1 |           0 |       2 |            0 |
+---------------------------+----------+----------+----------+----------+-------------+-----------+----------------+------------------+---------------+--------------+-------------+---------+--------------+
| 2023-04-12 00:00:00-04:00 | 408.903  | 409.201  | 404.505  | 405.111  | 8.64204e+07 |  78.7104  |              1 |                0 |             0 |            1 |           0 |       2 |            0 |
+---------------------------+----------+----------+----------+----------+-------------+-----------+----------------+------------------+---------------+--------------+-------------+---------+--------------+
| 2023-04-13 00:00:00-04:00 | 406.233  | 410.859  | 405.051  | 410.492  | 8.58148e+07 |  81.6003  |              1 |                0 |             1 |            1 |           0 |       2 |            0 |
+---------------------------+----------+----------+----------+----------+-------------+-----------+----------------+------------------+---------------+--------------+-------------+---------+--------------+
| 2023-04-14 00:00:00-04:00 | 409.837  | 412.1    | 407.106  | 409.489  | 7.81615e+07 |  77.3487  |              1 |                0 |             0 |            1 |           0 |       2 |            0 |
+---------------------------+----------+----------+----------+----------+-------------+-----------+----------------+------------------+---------------+--------------+-------------+---------+--------------+
| 2023-04-17 00:00:00-04:00 | 409.4    | 410.978  | 408.129  | 410.958  | 6.64364e+07 |  77.8844  |              1 |                0 |             1 |            1 |           0 |       2 |            0 |
+---------------------------+----------+----------+----------+----------+-------------+-----------+----------------+------------------+---------------+--------------+-------------+---------+--------------+
| 2023-04-18 00:00:00-04:00 | 412.587  | 412.726  | 409.807  | 411.227  | 6.356e+07   |  80.3391  |              1 |                0 |             1 |            1 |           0 |       2 |            0 |
+---------------------------+----------+----------+----------+----------+-------------+-----------+----------------+------------------+---------------+--------------+-------------+---------+--------------+
| 2023-04-19 00:00:00-04:00 | 409.251  | 412.09   | 409.191  | 411.157  | 5.52273e+07 |  75.5903  |              1 |                0 |             0 |            1 |           1 |       3 |            1 |
+---------------------------+----------+----------+----------+----------+-------------+-----------+----------------+------------------+---------------+--------------+-------------+---------+--------------+
| 2023-04-20 00:00:00-04:00 | 408.248  | 410.72   | 407.315  | 408.913  | 7.58404e+07 |  66.4257  |              0 |                0 |             0 |            1 |           1 |       2 |           -1 |
+---------------------------+----------+----------+----------+----------+-------------+-----------+----------------+------------------+---------------+--------------+-------------+---------+--------------+
| 2023-04-21 00:00:00-04:00 | 409.221  | 409.708  | 407.216  | 409.231  | 7.34574e+07 |  57.1941  |              0 |                0 |             1 |            1 |           1 |       2 |            0 |
+---------------------------+----------+----------+----------+----------+-------------+-----------+----------------+------------------+---------------+--------------+-------------+---------+--------------+
| 2023-04-24 00:00:00-04:00 | 409.022  | 410.095  | 407.643  | 409.658  | 6.43321e+07 |  54.5652  |              0 |                0 |             1 |            1 |           1 |       2 |            0 |
+---------------------------+----------+----------+----------+----------+-------------+-----------+----------------+------------------+---------------+--------------+-------------+---------+--------------+
| 2023-04-25 00:00:00-04:00 | 407.623  | 408.199  | 403.096  | 403.155  | 9.77667e+07 |  44.2876  |              0 |                0 |             0 |            0 |           0 |       0 |           -2 |
+---------------------------+----------+----------+----------+----------+-------------+-----------+----------------+------------------+---------------+--------------+-------------+---------+--------------+
| 2023-04-26 00:00:00-04:00 | 403.79   | 404.902  | 400.872  | 401.447  | 8.0447e+07  |  43.0531  |              0 |                0 |             0 |            0 |           0 |       0 |            0 |
+---------------------------+----------+----------+----------+----------+-------------+-----------+----------------+------------------+---------------+--------------+-------------+---------+--------------+
| 2023-04-27 00:00:00-04:00 | 404.068  | 409.717  | 403.81   | 409.44   | 9.29684e+07 |  55.4064  |              0 |                0 |             1 |            0 |           0 |       0 |            0 |
+---------------------------+----------+----------+----------+----------+-------------+-----------+----------------+------------------+---------------+--------------+-------------+---------+--------------+
| 2023-04-28 00:00:00-04:00 | 408.526  | 412.944  | 408.467  | 412.934  | 8.93356e+07 |  59.6108  |              0 |                0 |             1 |            0 |           1 |       1 |            1 |
+---------------------------+----------+----------+----------+----------+-------------+-----------+----------------+------------------+---------------+--------------+-------------+---------+--------------+
| 2023-05-01 00:00:00-04:00 | 412.477  | 414.612  | 412.279  | 412.517  | 6.21223e+07 |  58.7225  |              0 |                0 |             0 |            0 |           1 |       1 |            0 |
+---------------------------+----------+----------+----------+----------+-------------+-----------+----------------+------------------+---------------+--------------+-------------+---------+--------------+
| 2023-05-02 00:00:00-04:00 | 411.782  | 411.832  | 404.883  | 407.881  | 1.03998e+08 |  53.8547  |              0 |                0 |             0 |            0 |           1 |       1 |            0 |
+---------------------------+----------+----------+----------+----------+-------------+-----------+----------------+------------------+---------------+--------------+-------------+---------+--------------+
| 2023-05-03 00:00:00-04:00 | 408.397  | 410.889  | 404.833  | 405.081  | 9.15318e+07 |  41.8875  |              0 |                0 |             0 |            0 |           1 |       1 |            0 |
+---------------------------+----------+----------+----------+----------+-------------+-----------+----------------+------------------+---------------+--------------+-------------+---------+--------------+
| 2023-05-04 00:00:00-04:00 | 403.999  | 404.337  | 400.832  | 402.212  | 9.49019e+07 |  39.6673  |              0 |                0 |             0 |            0 |           0 |       0 |           -1 |
+---------------------------+----------+----------+----------+----------+-------------+-----------+----------------+------------------+---------------+--------------+-------------+---------+--------------+
| 2023-05-05 00:00:00-04:00 | 405.965  | 410.74   | 405.697  | 409.658  | 8.7844e+07  |  48.4213  |              0 |                0 |             1 |            0 |           0 |       0 |            0 |
+---------------------------+----------+----------+----------+----------+-------------+-----------+----------------+------------------+---------------+--------------+-------------+---------+--------------+
| 2023-05-08 00:00:00-04:00 | 409.995  | 410.264  | 408.318  | 409.767  | 5.00468e+07 |  48.2216  |              0 |                0 |             1 |            0 |           0 |       0 |            0 |
+---------------------------+----------+----------+----------+----------+-------------+-----------+----------------+------------------+---------------+--------------+-------------+---------+--------------+
| 2023-05-09 00:00:00-04:00 | 408.169  | 409.122  | 407.732  | 407.97   | 4.92201e+07 |  46.2735  |              0 |                0 |             0 |            0 |           0 |       0 |            0 |
+---------------------------+----------+----------+----------+----------+-------------+-----------+----------------+------------------+---------------+--------------+-------------+---------+--------------+
| 2023-05-10 00:00:00-04:00 | 410.899  | 411.554  | 405.925  | 409.876  | 9.61429e+07 |  51.135   |              0 |                0 |             1 |            0 |           0 |       0 |            0 |
+---------------------------+----------+----------+----------+----------+-------------+-----------+----------------+------------------+---------------+--------------+-------------+---------+--------------+
| 2023-05-11 00:00:00-04:00 | 408.983  | 409.459  | 407.017  | 409.162  | 7.01571e+07 |  49.9189  |              0 |                0 |             0 |            0 |           0 |       0 |            0 |
+---------------------------+----------+----------+----------+----------+-------------+-----------+----------------+------------------+---------------+--------------+-------------+---------+--------------+
| 2023-05-12 00:00:00-04:00 | 410.442  | 410.661  | 406.124  | 408.625  | 7.04394e+07 |  48.7974  |              0 |                0 |             0 |            0 |           0 |       0 |            0 |
+---------------------------+----------+----------+----------+----------+-------------+-----------+----------------+------------------+---------------+--------------+-------------+---------+--------------+
| 2023-05-15 00:00:00-04:00 | 409.251  | 410.452  | 407.275  | 410.035  | 5.42894e+07 |  59.0921  |              1 |                0 |             1 |            0 |           0 |       1 |            1 |
+---------------------------+----------+----------+----------+----------+-------------+-----------+----------------+------------------+---------------+--------------+-------------+---------+--------------+
| 2023-05-16 00:00:00-04:00 | 408.893  | 409.847  | 407.285  | 407.295  | 5.77055e+07 |  57.5223  |              1 |                0 |             0 |            0 |           0 |       1 |            0 |
+---------------------------+----------+----------+----------+----------+-------------+-----------+----------------+------------------+---------------+--------------+-------------+---------+--------------+
| 2023-05-17 00:00:00-04:00 | 409.38   | 412.865  | 407.682  | 412.239  | 8.7287e+07  |  53.908   |              1 |                0 |             1 |            0 |           0 |       1 |            0 |
+---------------------------+----------+----------+----------+----------+-------------+-----------+----------------+------------------+---------------+--------------+-------------+---------+--------------+
| 2023-05-18 00:00:00-04:00 | 411.912  | 416.647  | 411.683  | 416.21   | 9.71772e+07 |  54.5131  |              1 |                0 |             1 |            1 |           0 |       2 |            1 |
+---------------------------+----------+----------+----------+----------+-------------+-----------+----------------+------------------+---------------+--------------+-------------+---------+--------------+
| 2023-05-19 00:00:00-04:00 | 417.144  | 417.69   | 414.344  | 415.605  | 1.0368e+08  |  54.2313  |              1 |                0 |             0 |            1 |           1 |       3 |            1 |
+---------------------------+----------+----------+----------+----------+-------------+-----------+----------------+------------------+---------------+--------------+-------------+---------+--------------+
| 2023-05-22 00:00:00-04:00 | 415.625  | 417.362  | 414.344  | 415.774  | 6.07454e+07 |  62.3256  |              1 |                0 |             1 |            1 |           1 |       3 |            0 |
+---------------------------+----------+----------+----------+----------+-------------+-----------+----------------+------------------+---------------+--------------+-------------+---------+--------------+
| 2023-05-23 00:00:00-04:00 | 414.076  | 415.704  | 410.7    | 411.107  | 8.63835e+07 |  58.8924  |              1 |                0 |             0 |            1 |           1 |       3 |            0 |
+---------------------------+----------+----------+----------+----------+-------------+-----------+----------------+------------------+---------------+--------------+-------------+---------+--------------+
| 2023-05-24 00:00:00-04:00 | 409.449  | 409.847  | 406.928  | 408.129  | 8.92137e+07 |  58.7033  |              1 |                0 |             0 |            0 |           0 |       1 |           -2 |
+---------------------------+----------+----------+----------+----------+-------------+-----------+----------------+------------------+---------------+--------------+-------------+---------+--------------+
| 2023-05-25 00:00:00-04:00 | 411.753  | 413.162  | 409.44   | 411.663  | 9.09616e+07 |  53.3333  |              0 |                0 |             1 |            0 |           0 |       0 |           -1 |
+---------------------------+----------+----------+----------+----------+-------------+-----------+----------------+------------------+---------------+--------------+-------------+---------+--------------+
| 2023-05-26 00:00:00-04:00 | 412.338  | 417.739  | 412.259  | 416.995  | 9.383e+07   |  60.2362  |              1 |                0 |             1 |            1 |           0 |       2 |            2 |
+---------------------------+----------+----------+----------+----------+-------------+-----------+----------------+------------------+---------------+--------------+-------------+---------+--------------+
| 2023-05-30 00:00:00-04:00 | 418.99   | 419.536  | 415.724  | 417.154  | 7.2216e+07  |  63.639   |              1 |                0 |             1 |            1 |           0 |       2 |            0 |
+---------------------------+----------+----------+----------+----------+-------------+-----------+----------------+------------------+---------------+--------------+-------------+---------+--------------+
| 2023-05-31 00:00:00-04:00 | 415.267  | 416.2    | 413.222  | 414.84   | 1.10812e+08 |  57.2844  |              1 |                0 |             0 |            1 |           0 |       2 |            0 |
+---------------------------+----------+----------+----------+----------+-------------+-----------+----------------+------------------+---------------+--------------+-------------+---------+--------------+
| 2023-06-01 00:00:00-04:00 | 415.079  | 419.874  | 413.788  | 418.782  | 8.8865e+07  |  62.8959  |              1 |                0 |             1 |            1 |           0 |       2 |            0 |
+---------------------------+----------+----------+----------+----------+-------------+-----------+----------------+------------------+---------------+--------------+-------------+---------+--------------+
| 2023-06-02 00:00:00-04:00 | 421.442  | 425.652  | 420.896  | 424.838  | 9.13667e+07 |  68.9311  |              1 |                0 |             1 |            1 |           0 |       2 |            0 |
+---------------------------+----------+----------+----------+----------+-------------+-----------+----------------+------------------+---------------+--------------+-------------+---------+--------------+
| 2023-06-05 00:00:00-04:00 | 425.195  | 426.526  | 423.299  | 424.024  | 6.54602e+07 |  66.5648  |              1 |                0 |             0 |            1 |           0 |       2 |            0 |
+---------------------------+----------+----------+----------+----------+-------------+-----------+----------------+------------------+---------------+--------------+-------------+---------+--------------+
| 2023-06-06 00:00:00-04:00 | 423.597  | 425.493  | 422.922  | 424.947  | 6.40222e+07 |  71.8428  |              1 |                0 |             1 |            1 |           0 |       2 |            0 |
+---------------------------+----------+----------+----------+----------+-------------+-----------+----------------+------------------+---------------+--------------+-------------+---------+--------------+
| 2023-06-07 00:00:00-04:00 | 425.354  | 426.526  | 423.041  | 423.478  | 8.53733e+07 |  65.215   |              1 |                0 |             0 |            1 |           0 |       2 |            0 |
+---------------------------+----------+----------+----------+----------+-------------+-----------+----------------+------------------+---------------+--------------+-------------+---------+--------------+
| 2023-06-08 00:00:00-04:00 | 423.547  | 426.506  | 422.753  | 426.039  | 6.19528e+07 |  63.8346  |              1 |                0 |             1 |            1 |           0 |       2 |            0 |
+---------------------------+----------+----------+----------+----------+-------------+-----------+----------------+------------------+---------------+--------------+-------------+---------+--------------+
| 2023-06-09 00:00:00-04:00 | 426.863  | 428.878  | 425.781  | 426.803  | 8.57428e+07 |  65.6928  |              1 |                0 |             1 |            1 |           0 |       2 |            0 |
+---------------------------+----------+----------+----------+----------+-------------+-----------+----------------+------------------+---------------+--------------+-------------+---------+--------------+
| 2023-06-12 00:00:00-04:00 | 427.816  | 430.755  | 427.072  | 430.675  | 7.61043e+07 |  68.9186  |              1 |                0 |             1 |            1 |           0 |       2 |            0 |
+---------------------------+----------+----------+----------+----------+-------------+-----------+----------------+------------------+---------------+--------------+-------------+---------+--------------+
| 2023-06-13 00:00:00-04:00 | 432.184  | 434.18   | 431.499  | 433.515  | 9.58997e+07 |  79.8309  |              1 |                0 |             1 |            1 |           0 |       2 |            0 |
+---------------------------+----------+----------+----------+----------+-------------+-----------+----------------+------------------+---------------+--------------+-------------+---------+--------------+
| 2023-06-14 00:00:00-04:00 | 433.862  | 435.898  | 430.467  | 434.031  | 1.00612e+08 |  86.9025  |              1 |                0 |             1 |            1 |           0 |       2 |            0 |
+---------------------------+----------+----------+----------+----------+-------------+-----------+----------------+------------------+---------------+--------------+-------------+---------+--------------+
| 2023-06-15 00:00:00-04:00 | 433.187  | 440.703  | 433.088  | 439.412  | 1.10303e+08 |  87.5572  |              1 |                0 |             1 |            1 |           0 |       2 |            0 |
+---------------------------+----------+----------+----------+----------+-------------+-----------+----------------+------------------+---------------+--------------+-------------+---------+--------------+
| 2023-06-16 00:00:00-04:00 | 441.463  | 442.051  | 437.427  | 437.915  | 1.14121e+08 |  81.5952  |              1 |                0 |             0 |            1 |           1 |       3 |            1 |
+---------------------------+----------+----------+----------+----------+-------------+-----------+----------------+------------------+---------------+--------------+-------------+---------+--------------+
| 2023-06-20 00:00:00-04:00 | 435.912  | 436.829  | 433.501  | 435.643  | 7.61604e+07 |  76.2487  |              1 |                0 |             0 |            1 |           1 |       3 |            0 |
+---------------------------+----------+----------+----------+----------+-------------+-----------+----------------+------------------+---------------+--------------+-------------+---------+--------------+
| 2023-06-21 00:00:00-04:00 | 434.627  | 435.454  | 432.803  | 433.411  | 7.69823e+07 |  76.4246  |              1 |                0 |             0 |            1 |           1 |       3 |            0 |
+---------------------------+----------+----------+----------+----------+-------------+-----------+----------------+------------------+---------------+--------------+-------------+---------+--------------+
| 2023-06-22 00:00:00-04:00 | 432.425  | 435.085  | 432.076  | 434.976  | 7.06372e+07 |  74.7142  |              1 |                0 |             1 |            1 |           1 |       3 |            0 |
+---------------------------+----------+----------+----------+----------+-------------+-----------+----------------+------------------+---------------+--------------+-------------+---------+--------------+
| 2023-06-23 00:00:00-04:00 | 431.408  | 433.531  | 430.95   | 431.687  | 9.20745e+07 |  61.4178  |              0 |                0 |             0 |            1 |           1 |       2 |           -1 |
+---------------------------+----------+----------+----------+----------+-------------+-----------+----------------+------------------+---------------+--------------+-------------+---------+--------------+
| 2023-06-26 00:00:00-04:00 | 431.099  | 433.082  | 429.674  | 429.924  | 7.28236e+07 |  59.5329  |              0 |                0 |             0 |            0 |           0 |       0 |           -2 |
+---------------------------+----------+----------+----------+----------+-------------+-----------+----------------+------------------+---------------+--------------+-------------+---------+--------------+
| 2023-06-27 00:00:00-04:00 | 430.83   | 435.275  | 430.362  | 434.637  | 7.28137e+07 |  63.9485  |              0 |                0 |             1 |            0 |           0 |       0 |            0 |
+---------------------------+----------+----------+----------+----------+-------------+-----------+----------------+------------------+---------------+--------------+-------------+---------+--------------+
| 2023-06-28 00:00:00-04:00 | 433.521  | 435.902  | 432.883  | 434.856  | 7.5636e+07  |  66.9907  |              0 |                0 |             1 |            0 |           0 |       0 |            0 |
+---------------------------+----------+----------+----------+----------+-------------+-----------+----------------+------------------+---------------+--------------+-------------+---------+--------------+
| 2023-06-29 00:00:00-04:00 | 434.428  | 436.739  | 434.009  | 436.57   | 6.78823e+07 |  66.1335  |              0 |                0 |             1 |            0 |           0 |       0 |            0 |
+---------------------------+----------+----------+----------+----------+-------------+-----------+----------------+------------------+---------------+--------------+-------------+---------+--------------+
| 2023-06-30 00:00:00-04:00 | 439.888  | 442.738  | 439.56   | 441.722  | 1.04922e+08 |  70.1467  |              1 |                0 |             1 |            0 |           0 |       1 |            1 |
+---------------------------+----------+----------+----------+----------+-------------+-----------+----------------+------------------+---------------+--------------+-------------+---------+--------------+
| 2023-07-03 00:00:00-04:00 | 441.363  | 442.519  | 441.074  | 442.23   | 3.27934e+07 |  67.1635  |              0 |                0 |             1 |            1 |           0 |       1 |            0 |
+---------------------------+----------+----------+----------+----------+-------------+-----------+----------------+------------------+---------------+--------------+-------------+---------+--------------+
| 2023-07-05 00:00:00-04:00 | 440.357  | 442.33   | 440.347  | 441.572  | 5.84184e+07 |  62.7984  |              0 |                0 |             0 |            1 |           1 |       2 |            1 |
+---------------------------+----------+----------+----------+----------+-------------+-----------+----------------+------------------+---------------+--------------+-------------+---------+--------------+
| 2023-07-06 00:00:00-04:00 | 437.875  | 438.553  | 435.524  | 438.115  | 8.06583e+07 |  55.9318  |              0 |                0 |             0 |            0 |           0 |       0 |           -2 |
+---------------------------+----------+----------+----------+----------+-------------+-----------+----------------+------------------+---------------+--------------+-------------+---------+--------------+
| 2023-07-07 00:00:00-04:00 | 437.088  | 441.084  | 436.759  | 437.009  | 8.60761e+07 |  46.0135  |              0 |                0 |             0 |            0 |           0 |       0 |            0 |
+---------------------------+----------+----------+----------+----------+-------------+-----------+----------------+------------------+---------------+--------------+-------------+---------+--------------+
| 2023-07-10 00:00:00-04:00 | 436.64   | 438.294  | 436.052  | 438.115  | 6.24435e+07 |  50.3349  |              0 |                0 |             1 |            0 |           0 |       0 |            0 |
+---------------------------+----------+----------+----------+----------+-------------+-----------+----------------+------------------+---------------+--------------+-------------+---------+--------------+
| 2023-07-11 00:00:00-04:00 | 438.902  | 441.413  | 437.895  | 440.905  | 6.44638e+07 |  58.6899  |              0 |                0 |             1 |            0 |           0 |       0 |            0 |
+---------------------------+----------+----------+----------+----------+-------------+-----------+----------------+------------------+---------------+--------------+-------------+---------+--------------+
| 2023-07-12 00:00:00-04:00 | 444.821  | 445.907  | 443.346  | 444.452  | 9.19245e+07 |  67.4763  |              1 |                0 |             1 |            0 |           0 |       1 |            1 |
+---------------------------+----------+----------+----------+----------+-------------+-----------+----------------+------------------+---------------+--------------+-------------+---------+--------------+
| 2023-07-13 00:00:00-04:00 | 446.326  | 448.797  | 445.877  | 447.98   | 7.24252e+07 |  69.3792  |              1 |                0 |             1 |            1 |           0 |       2 |            1 |
+---------------------------+----------+----------+----------+----------+-------------+-----------+----------------+------------------+---------------+--------------+-------------+---------+--------------+
| 2023-07-14 00:00:00-04:00 | 448.897  | 449.773  | 446.914  | 447.701  | 6.97618e+07 |  76.2153  |              1 |                0 |             0 |            1 |           0 |       2 |            0 |
+---------------------------+----------+----------+----------+----------+-------------+-----------+----------------+------------------+---------------+--------------+-------------+---------+--------------+
| 2023-07-17 00:00:00-04:00 | 447.551  | 450.341  | 447.501  | 449.255  | 5.26802e+07 |  81.8659  |              1 |                0 |             1 |            1 |           0 |       2 |            0 |
+---------------------------+----------+----------+----------+----------+-------------+-----------+----------------+------------------+---------------+--------------+-------------+---------+--------------+
| 2023-07-18 00:00:00-04:00 | 448.917  | 453.261  | 448.468  | 452.594  | 8.07444e+07 |  81.0048  |              1 |                0 |             1 |            1 |           0 |       2 |            0 |
+---------------------------+----------+----------+----------+----------+-------------+-----------+----------------+------------------+---------------+--------------+-------------+---------+--------------+
| 2023-07-19 00:00:00-04:00 | 453.411  | 454.826  | 452.514  | 453.6    | 6.58917e+07 |  81.5075  |              1 |                0 |             1 |            1 |           0 |       2 |            0 |
+---------------------------+----------+----------+----------+----------+-------------+-----------+----------------+------------------+---------------+--------------+-------------+---------+--------------+
| 2023-07-20 00:00:00-04:00 | 452.574  | 453.5    | 449.853  | 450.591  | 7.05916e+07 |  72.5843  |              1 |                0 |             0 |            1 |           0 |       2 |            0 |
+---------------------------+----------+----------+----------+----------+-------------+-----------+----------------+------------------+---------------+--------------+-------------+---------+--------------+
| 2023-07-21 00:00:00-04:00 | 452.364  | 452.574  | 450.581  | 450.591  | 7.12454e+07 |  67.1285  |              0 |                0 |             0 |            1 |           0 |       1 |           -1 |
+---------------------------+----------+----------+----------+----------+-------------+-----------+----------------+------------------+---------------+--------------+-------------+---------+--------------+
| 2023-07-24 00:00:00-04:00 | 451.776  | 453.441  | 450.71   | 452.604  | 5.40234e+07 |  68.9341  |              0 |                0 |             1 |            1 |           0 |       1 |            0 |
+---------------------------+----------+----------+----------+----------+-------------+-----------+----------------+------------------+---------------+--------------+-------------+---------+--------------+
| 2023-07-25 00:00:00-04:00 | 452.324  | 455.135  | 452.275  | 453.839  | 5.51912e+07 |  71.9273  |              1 |                0 |             1 |            1 |           0 |       2 |            1 |
+---------------------------+----------+----------+----------+----------+-------------+-----------+----------------+------------------+---------------+--------------+-------------+---------+--------------+
| 2023-07-26 00:00:00-04:00 | 452.873  | 455.384  | 451.786  | 453.909  | 7.10529e+07 |  82.1239  |              1 |                0 |             1 |            1 |           0 |       2 |            0 |
+---------------------------+----------+----------+----------+----------+-------------+-----------+----------------+------------------+---------------+--------------+-------------+---------+--------------+
| 2023-07-27 00:00:00-04:00 | 457.407  | 457.825  | 449.963  | 450.9    | 9.21944e+07 |  76.2226  |              1 |                0 |             0 |            0 |           0 |       1 |           -1 |
+---------------------------+----------+----------+----------+----------+-------------+-----------+----------------+------------------+---------------+--------------+-------------+---------+--------------+
| 2023-07-28 00:00:00-04:00 | 454.278  | 456.171  | 450.9    | 455.314  | 8.00118e+07 |  78.8628  |              1 |                0 |             1 |            0 |           1 |       2 |            1 |
+---------------------------+----------+----------+----------+----------+-------------+-----------+----------------+------------------+---------------+--------------+-------------+---------+--------------+
| 2023-07-31 00:00:00-04:00 | 455.802  | 456.55   | 454.447  | 456.181  | 6.20404e+07 |  77.4043  |              1 |                0 |             1 |            0 |           1 |       2 |            0 |
+---------------------------+----------+----------+----------+----------+-------------+-----------+----------------+------------------+---------------+--------------+-------------+---------+--------------+
| 2023-08-01 00:00:00-04:00 | 454.666  | 455.643  | 453.889  | 454.876  | 5.52915e+07 |  70.3344  |              0 |                0 |             0 |            0 |           1 |       1 |           -1 |
+---------------------------+----------+----------+----------+----------+-------------+-----------+----------------+------------------+---------------+--------------+-------------+---------+--------------+
| 2023-08-02 00:00:00-04:00 | 451.657  | 451.926  | 447.771  | 448.548  | 9.39334e+07 |  50.9989  |              0 |                0 |             0 |            0 |           1 |       1 |            0 |
+---------------------------+----------+----------+----------+----------+-------------+-----------+----------------+------------------+---------------+--------------+-------------+---------+--------------+
| 2023-08-03 00:00:00-04:00 | 446.465  | 449.206  | 445.798  | 447.262  | 6.42761e+07 |  49.2553  |              0 |                0 |             0 |            0 |           1 |       1 |            0 |
+---------------------------+----------+----------+----------+----------+-------------+-----------+----------------+------------------+---------------+--------------+-------------+---------+--------------+
| 2023-08-04 00:00:00-04:00 | 449.136  | 451.308  | 444.701  | 445.239  | 1.00052e+08 |  43.2856  |              0 |                0 |             0 |            0 |           1 |       1 |            0 |
+---------------------------+----------+----------+----------+----------+-------------+-----------+----------------+------------------+---------------+--------------+-------------+---------+--------------+
| 2023-08-07 00:00:00-04:00 | 447.133  | 449.285  | 446.415  | 449.126  | 5.83575e+07 |  44.3063  |              0 |                0 |             1 |            0 |           1 |       1 |            0 |
+---------------------------+----------+----------+----------+----------+-------------+-----------+----------------+------------------+---------------+--------------+-------------+---------+--------------+
| 2023-08-08 00:00:00-04:00 | 446.505  | 449.116  | 443.705  | 447.173  | 7.13613e+07 |  39.7652  |              0 |                0 |             0 |            0 |           1 |       1 |            0 |
+---------------------------+----------+----------+----------+----------+-------------+-----------+----------------+------------------+---------------+--------------+-------------+---------+--------------+
| 2023-08-09 00:00:00-04:00 | 447.452  | 447.621  | 443.396  | 444.183  | 7.87896e+07 |  39.7905  |              0 |                0 |             0 |            0 |           1 |       1 |            0 |
+---------------------------+----------+----------+----------+----------+-------------+-----------+----------------+------------------+---------------+--------------+-------------+---------+--------------+
| 2023-08-10 00:00:00-04:00 | 446.615  | 450.112  | 443.137  | 444.343  | 9.30055e+07 |  40.0948  |              0 |                0 |             1 |            0 |           1 |       1 |            0 |
+---------------------------+----------+----------+----------+----------+-------------+-----------+----------------+------------------+---------------+--------------+-------------+---------+--------------+
| 2023-08-11 00:00:00-04:00 | 442.409  | 445.13   | 441.792  | 444.084  | 6.86646e+07 |  35.6976  |              0 |                0 |             0 |            0 |           1 |       1 |            0 |
+---------------------------+----------+----------+----------+----------+-------------+-----------+----------------+------------------+---------------+--------------+-------------+---------+--------------+
| 2023-08-14 00:00:00-04:00 | 443.137  | 446.535  | 442.818  | 446.535  | 4.78674e+07 |  38.2193  |              0 |                0 |             1 |            0 |           1 |       1 |            0 |
+---------------------------+----------+----------+----------+----------+-------------+-----------+----------------+------------------+---------------+--------------+-------------+---------+--------------+
| 2023-08-15 00:00:00-04:00 | 444.701  | 445.07   | 440.745  | 441.333  | 7.57075e+07 |  32.5979  |              0 |                0 |             0 |            0 |           1 |       1 |            0 |
+---------------------------+----------+----------+----------+----------+-------------+-----------+----------------+------------------+---------------+--------------+-------------+---------+--------------+
| 2023-08-16 00:00:00-04:00 | 440.905  | 442.619  | 437.985  | 438.095  | 8.01072e+07 |  32.3925  |              0 |                0 |             0 |            0 |           1 |       1 |            0 |
+---------------------------+----------+----------+----------+----------+-------------+-----------+----------------+------------------+---------------+--------------+-------------+---------+--------------+
| 2023-08-17 00:00:00-04:00 | 439.609  | 439.878  | 434.218  | 434.756  | 9.57113e+07 |  20.8698  |              0 |                0 |             0 |            0 |           1 |       1 |            0 |
+---------------------------+----------+----------+----------+----------+-------------+-----------+----------------+------------------+---------------+--------------+-------------+---------+--------------+
| 2023-08-18 00:00:00-04:00 | 431.847  | 436.032  | 431.488  | 434.966  | 9.87584e+07 |  19.3669  |              0 |                0 |             1 |            0 |           1 |       1 |            0 |
+---------------------------+----------+----------+----------+----------+-------------+-----------+----------------+------------------+---------------+--------------+-------------+---------+--------------+
| 2023-08-21 00:00:00-04:00 | 436.012  | 438.563  | 433.79   | 437.796  | 6.8719e+07  |  26.3781  |              0 |                0 |             1 |            0 |           1 |       1 |            0 |
+---------------------------+----------+----------+----------+----------+-------------+-----------+----------------+------------------+---------------+--------------+-------------+---------+--------------+
| 2023-08-22 00:00:00-04:00 | 439.629  | 439.629  | 436.032  | 436.61   | 6.50629e+07 |  30.7519  |              0 |                0 |             0 |            0 |           0 |       0 |           -1 |
+---------------------------+----------+----------+----------+----------+-------------+-----------+----------------+------------------+---------------+--------------+-------------+---------+--------------+
| 2023-08-23 00:00:00-04:00 | 437.706  | 442.111  | 437.557  | 441.473  | 6.8441e+07  |  41.6306  |              1 |                0 |             1 |            0 |           0 |       1 |            1 |
+---------------------------+----------+----------+----------+----------+-------------+-----------+----------------+------------------+---------------+--------------+-------------+---------+--------------+
| 2023-08-24 00:00:00-04:00 | 443.127  | 443.655  | 435.324  | 435.354  | 8.85173e+07 |  37.2231  |              0 |                0 |             0 |            0 |           0 |       0 |           -1 |
+---------------------------+----------+----------+----------+----------+-------------+-----------+----------------+------------------+---------------+--------------+-------------+---------+--------------+
| 2023-08-25 00:00:00-04:00 | 437.138  | 439.749  | 433.471  | 438.424  | 1.02325e+08 |  35.8684  |              0 |                0 |             1 |            0 |           0 |       0 |            0 |
+---------------------------+----------+----------+----------+----------+-------------+-----------+----------------+------------------+---------------+--------------+-------------+---------+--------------+
| 2023-08-28 00:00:00-04:00 | 440.686  | 441.841  | 438.424  | 441.204  | 6.15954e+07 |  42.2869  |              1 |                0 |             1 |            0 |           0 |       1 |            1 |
+---------------------------+----------+----------+----------+----------+-------------+-----------+----------------+------------------+---------------+--------------+-------------+---------+--------------+
| 2023-08-29 00:00:00-04:00 | 441.094  | 447.87   | 440.905  | 447.581  | 8.30819e+07 |  54.0374  |              1 |                0 |             1 |            1 |           0 |       2 |            1 |
+---------------------------+----------+----------+----------+----------+-------------+-----------+----------------+------------------+---------------+--------------+-------------+---------+--------------+
| 2023-08-30 00:00:00-04:00 | 447.93   | 450.082  | 447.203  | 449.425  | 6.90539e+07 |  55.806   |              1 |                0 |             1 |            1 |           0 |       2 |            0 |
+---------------------------+----------+----------+----------+----------+-------------+-----------+----------------+------------------+---------------+--------------+-------------+---------+--------------+
| 2023-08-31 00:00:00-04:00 | 450.062  | 451.238  | 448.578  | 448.767  | 6.60846e+07 |  55.3024  |              1 |                0 |             0 |            1 |           0 |       2 |            0 |
+---------------------------+----------+----------+----------+----------+-------------+-----------+----------------+------------------+---------------+--------------+-------------+---------+--------------+
| 2023-09-01 00:00:00-04:00 | 451.577  | 452.075  | 448.099  | 449.604  | 5.88757e+07 |  53.6066  |              1 |                0 |             1 |            1 |           1 |       3 |            1 |
+---------------------------+----------+----------+----------+----------+-------------+-----------+----------------+------------------+---------------+--------------+-------------+---------+--------------+
| 2023-09-05 00:00:00-04:00 | 449.146  | 449.475  | 447.591  | 447.661  | 5.51662e+07 |  58.0522  |              1 |                0 |             0 |            1 |           1 |       3 |            0 |
+---------------------------+----------+----------+----------+----------+-------------+-----------+----------------+------------------+---------------+--------------+-------------+---------+--------------+
| 2023-09-06 00:00:00-04:00 | 446.824  | 446.934  | 442.25   | 444.652  | 7.07585e+07 |  58.3928  |              1 |                0 |             0 |            1 |           1 |       3 |            0 |
+---------------------------+----------+----------+----------+----------+-------------+-----------+----------------+------------------+---------------+--------------+-------------+---------+--------------+
| 2023-09-07 00:00:00-04:00 | 441.552  | 443.984  | 441.194  | 443.286  | 7.03554e+07 |  61.4992  |              1 |                0 |             0 |            1 |           1 |       3 |            0 |
+---------------------------+----------+----------+----------+----------+-------------+-----------+----------------+------------------+---------------+--------------+-------------+---------+--------------+
| 2023-09-08 00:00:00-04:00 | 443.336  | 445.538  | 442.967  | 443.954  | 6.16597e+07 |  61.9692  |              1 |                0 |             1 |            1 |           0 |       2 |           -1 |
+---------------------------+----------+----------+----------+----------+-------------+-----------+----------------+------------------+---------------+--------------+-------------+---------+--------------+
| 2023-09-11 00:00:00-04:00 | 446.664  | 447.193  | 444.901  | 446.874  | 6.01801e+07 |  62.0599  |              1 |                0 |             1 |            1 |           0 |       2 |            0 |
+---------------------------+----------+----------+----------+----------+-------------+-----------+----------------+------------------+---------------+--------------+-------------+---------+--------------+
| 2023-09-12 00:00:00-04:00 | 445.379  | 446.953  | 443.824  | 444.422  | 6.75654e+07 |  60.041   |              1 |                0 |             0 |            1 |           1 |       3 |            1 |
+---------------------------+----------+----------+----------+----------+-------------+-----------+----------------+------------------+---------------+--------------+-------------+---------+--------------+
| 2023-09-13 00:00:00-04:00 | 444.652  | 446.136  | 443.516  | 444.941  | 6.01993e+07 |  55.0173  |              1 |                0 |             1 |            1 |           1 |       3 |            0 |
+---------------------------+----------+----------+----------+----------+-------------+-----------+----------------+------------------+---------------+--------------+-------------+---------+--------------+
| 2023-09-14 00:00:00-04:00 | 447.492  | 449.494  | 446.146  | 448.777  | 8.34308e+07 |  70.7934  |              1 |                0 |             1 |            1 |           1 |       3 |            0 |
+---------------------------+----------+----------+----------+----------+-------------+-----------+----------------+------------------+---------------+--------------+-------------+---------+--------------+
| 2023-09-15 00:00:00-04:00 | 447.14   | 447.48   | 442.92   | 443.37   | 1.11761e+08 |  57.1452  |              1 |                0 |             0 |            1 |           1 |       3 |            0 |
+---------------------------+----------+----------+----------+----------+-------------+-----------+----------------+------------------+---------------+--------------+-------------+---------+--------------+
| 2023-09-18 00:00:00-04:00 | 443.05   | 444.97   | 442.56   | 443.63   | 5.57522e+07 |  53.78    |              0 |                0 |             1 |            0 |           1 |       1 |           -2 |
+---------------------------+----------+----------+----------+----------+-------------+-----------+----------------+------------------+---------------+--------------+-------------+---------+--------------+
| 2023-09-19 00:00:00-04:00 | 442.68   | 443.29   | 439.94   | 442.71   | 6.65146e+07 |  40.856   |              0 |                0 |             0 |            0 |           1 |       1 |            0 |
+---------------------------+----------+----------+----------+----------+-------------+-----------+----------------+------------------+---------------+--------------+-------------+---------+--------------+
| 2023-09-20 00:00:00-04:00 | 444.01   | 444.44   | 438.43   | 438.64   | 8.25626e+07 |  31.3173  |              0 |                0 |             0 |            0 |           1 |       1 |            0 |
+---------------------------+----------+----------+----------+----------+-------------+-----------+----------------+------------------+---------------+--------------+-------------+---------+--------------+
| 2023-09-21 00:00:00-04:00 | 435.7    | 435.97   | 431.23   | 431.39   | 1.03976e+08 |  25.4943  |              0 |                0 |             0 |            0 |           1 |       1 |            0 |
+---------------------------+----------+----------+----------+----------+-------------+-----------+----------------+------------------+---------------+--------------+-------------+---------+--------------+
| 2023-09-22 00:00:00-04:00 | 432.45   | 434.1    | 429.99   | 430.42   | 1.0083e+08  |  23.0471  |              0 |                0 |             0 |            0 |           1 |       1 |            0 |
+---------------------------+----------+----------+----------+----------+-------------+-----------+----------------+------------------+---------------+--------------+-------------+---------+--------------+
| 2023-09-25 00:00:00-04:00 | 429.17   | 432.27   | 428.72   | 432.23   | 7.08745e+07 |  28.2387  |              0 |                0 |             1 |            0 |           1 |       1 |            0 |
+---------------------------+----------+----------+----------+----------+-------------+-----------+----------------+------------------+---------------+--------------+-------------+---------+--------------+
| 2023-09-26 00:00:00-04:00 | 429.09   | 429.82   | 425.02   | 425.88   | 9.61684e+07 |  25.8071  |              0 |                0 |             0 |            0 |           1 |       1 |            0 |
+---------------------------+----------+----------+----------+----------+-------------+-----------+----------------+------------------+---------------+--------------+-------------+---------+--------------+
| 2023-09-27 00:00:00-04:00 | 427.09   | 427.67   | 422.29   | 426.05   | 1.04706e+08 |  27.0795  |              0 |                0 |             1 |            0 |           1 |       1 |            0 |
+---------------------------+----------+----------+----------+----------+-------------+-----------+----------------+------------------+---------------+--------------+-------------+---------+--------------+
| 2023-09-28 00:00:00-04:00 | 425.48   | 430.25   | 424.87   | 428.52   | 9.22583e+07 |  30.4151  |              0 |                0 |             1 |            0 |           1 |       1 |            0 |
+---------------------------+----------+----------+----------+----------+-------------+-----------+----------------+------------------+---------------+--------------+-------------+---------+--------------+
| 2023-09-29 00:00:00-04:00 | 431.67   | 431.85   | 425.91   | 427.48   | 1.15078e+08 |  24.1575  |              0 |                0 |             0 |            0 |           1 |       1 |            0 |
+---------------------------+----------+----------+----------+----------+-------------+-----------+----------------+------------------+---------------+--------------+-------------+---------+--------------+
| 2023-10-02 00:00:00-04:00 | 426.62   | 428.6    | 424.46   | 427.31   | 8.37986e+07 |  25.7214  |              0 |                0 |             0 |            0 |           1 |       1 |            0 |
+---------------------------+----------+----------+----------+----------+-------------+-----------+----------------+------------------+---------------+--------------+-------------+---------+--------------+
| 2023-10-03 00:00:00-04:00 | 425.06   | 427.37   | 420.18   | 421.59   | 1.03761e+08 |  21.1318  |              0 |                0 |             0 |            0 |           0 |       0 |           -1 |
+---------------------------+----------+----------+----------+----------+-------------+-----------+----------------+------------------+---------------+--------------+-------------+---------+--------------+
| 2023-10-04 00:00:00-04:00 | 422.07   | 425.43   | 420.56   | 424.66   | 8.7453e+07  |  19.6083  |              0 |                0 |             1 |            0 |           0 |       0 |            0 |
+---------------------------+----------+----------+----------+----------+-------------+-----------+----------------+------------------+---------------+--------------+-------------+---------+--------------+
| 2023-10-05 00:00:00-04:00 | 424.36   | 425.37   | 421.17   | 424.5    | 7.01427e+07 |  22.5966  |              0 |                0 |             0 |            0 |           0 |       0 |            0 |
+---------------------------+----------+----------+----------+----------+-------------+-----------+----------------+------------------+---------------+--------------+-------------+---------+--------------+
| 2023-10-06 00:00:00-04:00 | 421.97   | 431.13   | 420.6    | 429.54   | 1.13203e+08 |  32.0326  |              1 |                0 |             1 |            0 |           0 |       1 |            1 |
+---------------------------+----------+----------+----------+----------+-------------+-----------+----------------+------------------+---------------+--------------+-------------+---------+--------------+
| 2023-10-09 00:00:00-04:00 | 427.58   | 432.88   | 427.01   | 432.29   | 8.03744e+07 |  37.3051  |              1 |                0 |             1 |            1 |           0 |       2 |            1 |
+---------------------------+----------+----------+----------+----------+-------------+-----------+----------------+------------------+---------------+--------------+-------------+---------+--------------+
| 2023-10-10 00:00:00-04:00 | 432.94   | 437.22   | 432.53   | 434.54   | 7.86073e+07 |  44.7731  |              1 |                0 |             1 |            1 |           0 |       2 |            0 |
+---------------------------+----------+----------+----------+----------+-------------+-----------+----------------+------------------+---------------+--------------+-------------+---------+--------------+
| 2023-10-11 00:00:00-04:00 | 435.64   | 436.58   | 433.18   | 436.32   | 6.24517e+07 |  57.3037  |              1 |                0 |             1 |            1 |           0 |       2 |            0 |
+---------------------------+----------+----------+----------+----------+-------------+-----------+----------------+------------------+---------------+--------------+-------------+---------+--------------+
| 2023-10-12 00:00:00-04:00 | 436.95   | 437.34   | 431.23   | 433.66   | 8.11542e+07 |  54.5711  |              1 |                0 |             0 |            1 |           0 |       2 |            0 |
+---------------------------+----------+----------+----------+----------+-------------+-----------+----------------+------------------+---------------+--------------+-------------+---------+--------------+
| 2023-10-13 00:00:00-04:00 | 435.21   | 436.45   | 429.88   | 431.5    | 9.51431e+07 |  48.9801  |              1 |                0 |             0 |            1 |           1 |       3 |            1 |
+---------------------------+----------+----------+----------+----------+-------------+-----------+----------------+------------------+---------------+--------------+-------------+---------+--------------+
| 2023-10-16 00:00:00-04:00 | 433.82   | 437.14   | 433.57   | 436.04   | 7.54332e+07 |  64.95    |              1 |                0 |             1 |            1 |           0 |       2 |           -1 |
+---------------------------+----------+----------+----------+----------+-------------+-----------+----------------+------------------+---------------+--------------+-------------+---------+--------------+
| 2023-10-17 00:00:00-04:00 | 432.81   | 438.14   | 432.45   | 436.02   | 7.53247e+07 |  64.7354  |              1 |                0 |             0 |            1 |           0 |       2 |            0 |
+---------------------------+----------+----------+----------+----------+-------------+-----------+----------------+------------------+---------------+--------------+-------------+---------+--------------+
| 2023-10-18 00:00:00-04:00 | 434.19   | 435.18   | 429.09   | 430.21   | 9.35598e+07 |  52.2733  |              1 |                0 |             0 |            1 |           0 |       2 |            0 |
+---------------------------+----------+----------+----------+----------+-------------+-----------+----------------+------------------+---------------+--------------+-------------+---------+--------------+
| 2023-10-19 00:00:00-04:00 | 430.95   | 432.82   | 425.73   | 426.43   | 1.21323e+08 |  48.6845  |              1 |                0 |             0 |            1 |           0 |       2 |            0 |
+---------------------------+----------+----------+----------+----------+-------------+-----------+----------------+------------------+---------------+--------------+-------------+---------+--------------+
| 2023-10-20 00:00:00-04:00 | 425.98   | 426.54   | 421.08   | 421.19   | 1.23846e+08 |  43.197   |              0 |                0 |             0 |            0 |           0 |       0 |           -2 |
+---------------------------+----------+----------+----------+----------+-------------+-----------+----------------+------------------+---------------+--------------+-------------+---------+--------------+

Still holding position
Buy Price:  421.19000244140625  Buy Date:  2023-10-20 00:00:00-04:00

  Buy Price  Buy Time                     Sell Price  Sell Time                       Profit
-----------  -------------------------  ------------  -------------------------  -----------
    90.7384  2000-01-05 00:00:00-05:00       89.2801  2000-01-06 00:00:00-05:00  -1.45832
    96.9388  2000-04-05 00:00:00-04:00       97.7815  2000-04-06 00:00:00-04:00   0.842705
    91.4563  2000-04-17 00:00:00-04:00       93.8727  2000-04-18 00:00:00-04:00   2.41637
    92.4309  2000-04-24 00:00:00-04:00       96.2687  2000-04-25 00:00:00-04:00   3.83778
    93.9105  2000-06-29 00:00:00-04:00       96.4546  2000-07-07 00:00:00-04:00   2.54415
    93.137   2000-07-31 00:00:00-04:00       96.4751  2000-08-07 00:00:00-04:00   3.33803
    68.2938  2003-07-09 00:00:00-04:00       68.063   2003-07-11 00:00:00-04:00  -0.230827
    69.3191  2003-09-15 00:00:00-04:00       70.3309  2003-09-16 00:00:00-04:00   1.01174
    68.7946  2003-09-29 00:00:00-04:00       69.8306  2003-10-02 00:00:00-04:00   1.03603
    70.4441  2003-10-23 00:00:00-04:00       72.2435  2003-11-03 00:00:00-05:00   1.79947
    71.6914  2003-11-10 00:00:00-05:00       71.671   2003-11-11 00:00:00-05:00  -0.0204468
    70.7371  2003-11-20 00:00:00-05:00       72.557   2003-11-28 00:00:00-05:00   1.8199
    77.2828  2004-02-04 00:00:00-05:00       79.4879  2004-02-11 00:00:00-05:00   2.20512
    78.8442  2004-02-13 00:00:00-05:00       79.5564  2004-02-17 00:00:00-05:00   0.712212
    78.3374  2004-02-24 00:00:00-05:00       78.6662  2004-02-25 00:00:00-05:00   0.328743
    78.7688  2004-02-27 00:00:00-05:00       79.5496  2004-03-01 00:00:00-05:00   0.780724
    79.0839  2004-03-02 00:00:00-05:00       79.4331  2004-03-04 00:00:00-05:00   0.349251
    75.224   2004-03-23 00:00:00-05:00       77.375   2004-03-29 00:00:00-05:00   2.15099
    76.9146  2004-04-20 00:00:00-04:00       78.5914  2004-04-23 00:00:00-04:00   1.67686
    75.4645  2004-05-21 00:00:00-04:00       75.7807  2004-05-24 00:00:00-04:00   0.316124
    75.0089  2004-07-26 00:00:00-04:00       75.7124  2004-07-27 00:00:00-04:00   0.703545
    76.7063  2004-09-27 00:00:00-04:00       78.7149  2004-10-01 00:00:00-04:00   2.00854
    76.1799  2004-10-22 00:00:00-04:00       78.1816  2004-10-27 00:00:00-04:00   2.00164
    82.2756  2004-11-24 00:00:00-05:00       82.8105  2004-12-06 00:00:00-05:00   0.534866
    82.0394  2004-12-07 00:00:00-05:00       82.8938  2004-12-10 00:00:00-05:00   0.854408
    84.0252  2004-12-21 00:00:00-05:00       84.2276  2004-12-22 00:00:00-05:00   0.202377
    84.116   2004-12-27 00:00:00-05:00       84.5766  2004-12-28 00:00:00-05:00   0.460602
    82.7759  2005-02-22 00:00:00-05:00       84.7511  2005-02-25 00:00:00-05:00   1.97519
    81.6507  2005-03-29 00:00:00-05:00       82.8068  2005-03-30 00:00:00-05:00   1.15611
    82.6526  2005-03-31 00:00:00-05:00       82.8138  2005-04-05 00:00:00-04:00   0.161156
    79.7378  2005-04-20 00:00:00-04:00       81.2863  2005-04-21 00:00:00-04:00   1.54849
    81.034   2005-04-27 00:00:00-04:00       81.1041  2005-04-29 00:00:00-04:00   0.0701065
    84.2221  2005-06-10 00:00:00-04:00       84.8458  2005-06-15 00:00:00-04:00   0.62365
    83.8445  2005-06-30 00:00:00-04:00       85.7862  2005-07-11 00:00:00-04:00   1.94168
    86.8063  2005-08-09 00:00:00-04:00       86.7641  2005-08-10 00:00:00-04:00  -0.0421906
    84.956   2005-08-26 00:00:00-04:00       86.2364  2005-08-31 00:00:00-04:00   1.28041
    86.0183  2005-09-02 00:00:00-04:00       87.0244  2005-09-06 00:00:00-04:00   1.00606
    85.7981  2005-09-23 00:00:00-04:00       86.66    2005-09-29 00:00:00-04:00   0.861931
    82.965   2005-10-13 00:00:00-04:00       84.1519  2005-10-17 00:00:00-04:00   1.18694
    83.2405  2005-10-18 00:00:00-04:00       84.6253  2005-10-19 00:00:00-04:00   1.38475
    83.1346  2005-10-20 00:00:00-04:00       84.7524  2005-10-24 00:00:00-04:00   1.61786
    89.0763  2005-12-07 00:00:00-05:00       90.2986  2005-12-14 00:00:00-05:00   1.22228
    89.3709  2005-12-20 00:00:00-05:00       89.9818  2005-12-22 00:00:00-05:00   0.610847
    88.9164  2005-12-29 00:00:00-05:00       89.9888  2006-01-03 00:00:00-05:00   1.07247
    90.4718  2006-01-05 00:00:00-05:00       91.2247  2006-01-06 00:00:00-05:00   0.752884
    89.8823  2006-01-24 00:00:00-05:00       91.2247  2006-01-30 00:00:00-05:00   1.34241
    89.932   2006-02-08 00:00:00-05:00       89.7829  2006-02-09 00:00:00-05:00  -0.149117
    91.0826  2006-03-08 00:00:00-05:00       92.4605  2006-03-14 00:00:00-05:00   1.37788
    92.5786  2006-03-31 00:00:00-05:00       93.4201  2006-04-05 00:00:00-04:00   0.841438
    91.9012  2006-04-12 00:00:00-04:00       93.199   2006-04-18 00:00:00-04:00   1.29781
    89.2557  2006-05-23 00:00:00-04:00       91.7943  2006-06-01 00:00:00-04:00   2.53857
    88.0648  2006-06-14 00:00:00-04:00       89.9331  2006-06-15 00:00:00-04:00   1.86829
    88.8767  2006-06-20 00:00:00-04:00       89.5356  2006-06-21 00:00:00-04:00   0.658928
    88.7907  2006-07-18 00:00:00-04:00       90.0226  2006-07-19 00:00:00-04:00   1.23193
    89.4067  2006-07-20 00:00:00-04:00       90.7174  2006-07-25 00:00:00-04:00   1.31071
    90.968   2006-08-11 00:00:00-04:00       92.1284  2006-08-15 00:00:00-04:00   1.16031
    93.0451  2006-09-07 00:00:00-04:00       94.6996  2006-09-13 00:00:00-04:00   1.65449
    94.5766  2006-09-22 00:00:00-04:00       96.0944  2006-09-26 00:00:00-04:00   1.51788
    98.3965  2006-11-02 00:00:00-05:00      100.727   2006-11-15 00:00:00-05:00   2.33073
   100.008   2006-11-28 00:00:00-05:00      101.094   2006-11-30 00:00:00-05:00   1.08627
   100.871   2006-12-01 00:00:00-05:00      101.641   2006-12-04 00:00:00-05:00   0.769707
   101.734   2006-12-08 00:00:00-05:00      102.029   2006-12-11 00:00:00-05:00   0.294937
   101.95    2006-12-12 00:00:00-05:00      102.957   2006-12-14 00:00:00-05:00   1.00715
   101.816   2006-12-22 00:00:00-05:00      102.873   2006-12-28 00:00:00-05:00   1.05616
   102.135   2007-01-08 00:00:00-05:00      103.618   2007-01-12 00:00:00-05:00   1.48295
   102.996   2007-01-22 00:00:00-05:00      103.299   2007-01-23 00:00:00-05:00   0.30378
   102.757   2007-01-29 00:00:00-05:00      103.292   2007-01-30 00:00:00-05:00   0.535301
   103.77    2007-02-12 00:00:00-05:00      105.332   2007-02-14 00:00:00-05:00   1.56253
   101.057   2007-03-06 00:00:00-05:00      101.838   2007-03-09 00:00:00-05:00   0.781227
   100.753   2007-03-14 00:00:00-04:00      101.821   2007-03-19 00:00:00-04:00   1.06779
   108.633   2007-05-10 00:00:00-04:00      110.841   2007-05-18 00:00:00-04:00   2.20786
   109.708   2007-05-24 00:00:00-04:00      111.349   2007-05-31 00:00:00-04:00   1.64135
   109.882   2007-06-11 00:00:00-04:00      111.015   2007-06-14 00:00:00-04:00   1.1329
   108.16    2007-06-26 00:00:00-04:00      109.699   2007-06-27 00:00:00-04:00   1.53896
   109.721   2007-06-29 00:00:00-04:00      110.713   2007-07-02 00:00:00-04:00   0.991959
   104.886   2007-08-03 00:00:00-04:00      107.781   2007-08-07 00:00:00-04:00   2.89561
   111.217   2007-10-23 00:00:00-04:00      112.953   2007-10-29 00:00:00-04:00   1.7368
   103.295   2007-11-26 00:00:00-05:00      107.824   2007-11-28 00:00:00-05:00   4.52901
   106.907   2007-12-18 00:00:00-05:00      109.132   2007-12-21 00:00:00-05:00   2.22502
    98.6193  2008-01-23 00:00:00-05:00       99.4518  2008-01-24 00:00:00-05:00   0.832512
    95.4882  2008-03-14 00:00:00-04:00       98.4498  2008-03-18 00:00:00-04:00   2.96168
    96.0113  2008-03-19 00:00:00-04:00       97.7897  2008-03-20 00:00:00-04:00   1.77839
    98.419   2008-04-14 00:00:00-04:00      101.321   2008-04-16 00:00:00-04:00   2.90231
   102.839   2008-05-09 00:00:00-04:00      105.527   2008-05-15 00:00:00-04:00   2.68756
   102.661   2008-05-27 00:00:00-04:00      103.653   2008-05-29 00:00:00-04:00   0.992157
    94.5137  2008-08-25 00:00:00-04:00       95.7117  2008-08-27 00:00:00-04:00   1.19798
    84.4119  2009-11-30 00:00:00-05:00       85.4177  2009-12-02 00:00:00-05:00   1.00581
    84.1585  2009-12-08 00:00:00-05:00       85.3102  2009-12-11 00:00:00-05:00   1.15171
    85.4945  2009-12-15 00:00:00-05:00       85.0748  2009-12-18 00:00:00-05:00  -0.419739
    85.9393  2009-12-21 00:00:00-05:00       86.2481  2009-12-22 00:00:00-05:00   0.308754
    90.6881  2010-03-31 00:00:00-04:00       92.0523  2010-04-05 00:00:00-04:00   1.36419
    92.0601  2010-04-08 00:00:00-04:00       92.6647  2010-04-09 00:00:00-04:00   0.60463
    92.8662  2010-04-19 00:00:00-04:00       93.8041  2010-04-22 00:00:00-04:00   0.937904
    86.239   2010-05-07 00:00:00-04:00       89.7812  2010-05-11 00:00:00-04:00   3.54227
    89.0627  2010-10-04 00:00:00-04:00       90.8558  2010-10-05 00:00:00-04:00   1.79301
    91.396   2010-10-19 00:00:00-04:00       92.2886  2010-10-20 00:00:00-04:00   0.892586
    92.4922  2010-10-21 00:00:00-04:00       92.6644  2010-10-22 00:00:00-04:00   0.172264
    92.9384  2010-10-25 00:00:00-04:00       93.9172  2010-11-03 00:00:00-04:00   0.978752
    92.5626  2010-11-17 00:00:00-05:00       94.1834  2010-11-19 00:00:00-05:00   1.62074
    93.0168  2010-11-26 00:00:00-05:00       95.9607  2010-12-02 00:00:00-05:00   2.94394
    98.9762  2010-12-31 00:00:00-05:00       99.9994  2011-01-03 00:00:00-05:00   1.02323
    99.9443  2011-01-10 00:00:00-05:00      101.77    2011-01-14 00:00:00-05:00   1.82607
   100.944   2011-01-19 00:00:00-05:00      103.226   2011-02-04 00:00:00-05:00   2.28259
   104.155   2011-02-25 00:00:00-05:00      104.801   2011-02-28 00:00:00-05:00   0.645393
   103.274   2011-03-02 00:00:00-05:00      104.265   2011-03-04 00:00:00-05:00   0.991692
   100.629   2011-03-17 00:00:00-04:00      102.56    2011-03-21 00:00:00-04:00   1.93121
   102.497   2011-03-23 00:00:00-04:00      103.477   2011-03-24 00:00:00-04:00   0.980225
   104.378   2011-04-15 00:00:00-04:00      105.754   2011-04-21 00:00:00-04:00   1.37546
   106.086   2011-05-06 00:00:00-04:00      106.497   2011-05-09 00:00:00-04:00   0.411041
   104.307   2011-05-24 00:00:00-04:00      105.54    2011-05-27 00:00:00-04:00   1.23321
   100.631   2011-06-16 00:00:00-04:00      102.838   2011-06-21 00:00:00-04:00   2.20689
   103.76    2011-07-18 00:00:00-04:00      105.381   2011-07-20 00:00:00-04:00   1.62061
    89.206   2011-08-10 00:00:00-04:00       95.8236  2011-08-15 00:00:00-04:00   6.61758
    87.783   2011-10-03 00:00:00-04:00       92.3985  2011-10-07 00:00:00-04:00   4.61553
    99.2739  2011-11-10 00:00:00-05:00      101.142   2011-11-11 00:00:00-05:00   1.86856
    92.9016  2011-11-25 00:00:00-05:00       99.8089  2011-11-30 00:00:00-05:00   6.90732
    96.665   2011-12-19 00:00:00-05:00      100.667   2011-12-22 00:00:00-05:00   4.00194
   105.569   2012-01-30 00:00:00-05:00      108.116   2012-02-03 00:00:00-05:00   2.54743
   108.639   2012-02-14 00:00:00-05:00      109.33    2012-02-16 00:00:00-05:00   0.691093
   109.314   2012-02-22 00:00:00-05:00      110.109   2012-02-29 00:00:00-05:00   0.79557
   108.285   2012-03-06 00:00:00-05:00      112.552   2012-03-13 00:00:00-04:00   4.26711
   113.183   2012-03-29 00:00:00-04:00      113.651   2012-03-30 00:00:00-04:00   0.468124
   110.689   2012-04-13 00:00:00-04:00      112.254   2012-04-17 00:00:00-04:00   1.56584
   111.342   2012-04-20 00:00:00-04:00      112.343   2012-04-25 00:00:00-04:00   1.00089
   106.516   2012-05-21 00:00:00-04:00      106.968   2012-05-24 00:00:00-04:00   0.452026
   103.392   2012-06-04 00:00:00-04:00      104.175   2012-06-05 00:00:00-04:00   0.782898
   108.317   2012-07-12 00:00:00-04:00      110.134   2012-07-13 00:00:00-04:00   1.81728
   108.658   2012-07-24 00:00:00-04:00      110.475   2012-07-26 00:00:00-04:00   1.81731
   113.98    2012-08-30 00:00:00-04:00      116.641   2012-09-06 00:00:00-04:00   2.66108
   117.427   2012-09-28 00:00:00-04:00      119.189   2012-10-04 00:00:00-04:00   1.76176
   116.929   2012-10-11 00:00:00-04:00      117.517   2012-10-15 00:00:00-04:00   0.587212
   115.29    2012-10-31 00:00:00-04:00      116.497   2012-11-01 00:00:00-04:00   1.20712
   110.682   2012-11-15 00:00:00-05:00      113.479   2012-11-19 00:00:00-05:00   2.7976
   116.28    2012-12-27 00:00:00-05:00      119.977   2013-01-02 00:00:00-05:00   3.6964
   122.835   2013-02-04 00:00:00-05:00      125.094   2013-02-14 00:00:00-05:00   2.25885
   122.391   2013-02-25 00:00:00-05:00      126.737   2013-03-05 00:00:00-05:00   4.34534
   127.358   2013-03-21 00:00:00-04:00      128.753   2013-04-01 00:00:00-04:00   1.39436
   128.596   2013-04-04 00:00:00-04:00      129.33    2013-04-09 00:00:00-04:00   0.734375
   127.177   2013-04-18 00:00:00-04:00      130.18    2013-04-23 00:00:00-04:00   3.00333
   133.059   2013-06-05 00:00:00-04:00      135.972   2013-06-10 00:00:00-04:00   2.91249
   133.455   2013-06-12 00:00:00-04:00      134.635   2013-06-14 00:00:00-04:00   1.17986
   133.606   2013-06-27 00:00:00-04:00      133.838   2013-07-01 00:00:00-04:00   0.232254
   139.835   2013-07-30 00:00:00-04:00      141.552   2013-08-01 00:00:00-04:00   1.71687
   136.169   2013-08-29 00:00:00-04:00      137.479   2013-09-04 00:00:00-04:00   1.31059
   137.924   2013-10-08 00:00:00-04:00      141.909   2013-10-11 00:00:00-04:00   3.98409
   145.801   2013-11-07 00:00:00-05:00      149.418   2013-11-14 00:00:00-05:00   3.61734
   148.751   2013-11-20 00:00:00-05:00      149.952   2013-11-21 00:00:00-05:00   1.20026
   149.802   2013-12-04 00:00:00-05:00      150.81    2013-12-06 00:00:00-05:00   1.00851
   148.451   2013-12-13 00:00:00-05:00      151.444   2013-12-18 00:00:00-05:00   2.99216
   152.257   2014-01-13 00:00:00-05:00      154.545   2014-01-16 00:00:00-05:00   2.28773
   146.978   2014-02-04 00:00:00-05:00      150.573   2014-02-07 00:00:00-05:00   3.59503
   154.746   2014-03-14 00:00:00-04:00      157.336   2014-03-20 00:00:00-04:00   2.5894
   155.69    2014-03-26 00:00:00-04:00      157.407   2014-03-31 00:00:00-04:00   1.71715
   152.778   2014-04-11 00:00:00-04:00      156.667   2014-04-16 00:00:00-04:00   3.88867
   158.283   2014-05-16 00:00:00-04:00      159.579   2014-05-22 00:00:00-04:00   1.29626
   163.535   2014-06-16 00:00:00-04:00      165.193   2014-06-18 00:00:00-04:00   1.65816
   164.665   2014-06-24 00:00:00-04:00      166.636   2014-07-01 00:00:00-04:00   1.97057
   166.712   2014-07-09 00:00:00-04:00      168.006   2014-07-24 00:00:00-04:00   1.29399
   161.561   2014-08-07 00:00:00-04:00      165.562   2014-08-14 00:00:00-04:00   4.00034
   168.412   2014-09-12 00:00:00-04:00      170.687   2014-09-18 00:00:00-04:00   2.27504
   158.408   2014-10-15 00:00:00-04:00      161.696   2014-10-20 00:00:00-04:00   3.28827
   174.833   2014-12-01 00:00:00-05:00      176.447   2014-12-04 00:00:00-05:00   1.61441
   169.522   2014-12-15 00:00:00-05:00      176.447   2014-12-19 00:00:00-05:00   6.92484
   170.039   2015-01-15 00:00:00-05:00      176.088   2015-01-22 00:00:00-05:00   6.04897
   172.576   2015-01-29 00:00:00-05:00      172.517   2015-02-02 00:00:00-05:00  -0.0597687
   174.721   2015-03-11 00:00:00-04:00      180.573   2015-03-20 00:00:00-04:00   5.85188
   176.531   2015-04-01 00:00:00-04:00      177.166   2015-04-02 00:00:00-04:00   0.635101
   178.487   2015-04-08 00:00:00-04:00      179.277   2015-04-09 00:00:00-04:00   0.789551
   178.539   2015-05-06 00:00:00-04:00      181.611   2015-05-08 00:00:00-04:00   3.07234
   180.744   2015-05-11 00:00:00-04:00      182.118   2015-05-14 00:00:00-04:00   1.37306
   178.891   2015-06-09 00:00:00-04:00      181.62    2015-06-11 00:00:00-04:00   2.72908
   180.23    2015-06-12 00:00:00-04:00      182.607   2015-06-18 00:00:00-04:00   2.3772
   176.38    2015-07-08 00:00:00-04:00      180.899   2015-07-13 00:00:00-04:00   4.5188
   178.329   2015-07-27 00:00:00-04:00      180.52    2015-07-28 00:00:00-04:00   2.19041
   179.33    2015-08-07 00:00:00-04:00      181.589   2015-08-10 00:00:00-04:00   2.25932
   179.951   2015-08-11 00:00:00-04:00      179.942   2015-08-13 00:00:00-04:00  -0.00863647
   161.496   2015-08-25 00:00:00-04:00      171.844   2015-08-27 00:00:00-04:00  10.3484
   166.084   2015-09-04 00:00:00-04:00      170.258   2015-09-08 00:00:00-04:00   4.17389
   163.072   2015-09-29 00:00:00-04:00      169.036   2015-10-02 00:00:00-04:00   5.96396
   175.572   2015-11-13 00:00:00-05:00      181.658   2015-11-27 00:00:00-05:00   6.08528
   175.884   2015-12-14 00:00:00-05:00      177.731   2015-12-15 00:00:00-05:00   1.84636
   174.42    2015-12-18 00:00:00-05:00      177.454   2015-12-22 00:00:00-05:00   3.03459
   162.796   2016-01-21 00:00:00-05:00      166.136   2016-01-22 00:00:00-05:00   3.33983
   159.456   2016-02-11 00:00:00-05:00      162.744   2016-02-12 00:00:00-05:00   3.28755
   178.142   2016-03-28 00:00:00-04:00      179.79    2016-03-29 00:00:00-04:00   1.64786
   178.764   2016-04-07 00:00:00-04:00      182.314   2016-04-13 00:00:00-04:00   3.54985
   179.658   2016-05-05 00:00:00-04:00      182.708   2016-05-10 00:00:00-04:00   3.05028
   179.606   2016-05-18 00:00:00-04:00      179.868   2016-05-23 00:00:00-04:00   0.262924
   181.958   2016-06-17 00:00:00-04:00      183.65    2016-06-21 00:00:00-04:00   1.69167
   175.861   2016-06-27 00:00:00-04:00      184.566   2016-06-30 00:00:00-04:00   8.7049
   189.914   2016-08-02 00:00:00-04:00      192.478   2016-08-12 00:00:00-04:00   2.56393
   192.037   2016-08-16 00:00:00-04:00      192.548   2016-08-19 00:00:00-04:00   0.511032
   192.073   2016-08-30 00:00:00-04:00      192.399   2016-09-02 00:00:00-04:00   0.325974
   189.676   2016-09-15 00:00:00-04:00      191.113   2016-09-21 00:00:00-04:00   1.43636
   188.066   2016-10-17 00:00:00-04:00      189.749   2016-10-19 00:00:00-04:00   1.68254
   189.395   2016-10-20 00:00:00-04:00      190.289   2016-10-24 00:00:00-04:00   0.894394
   184.878   2016-11-03 00:00:00-04:00      188.748   2016-11-07 00:00:00-05:00   3.86967
   199.837   2016-12-29 00:00:00-05:00      201.779   2017-01-12 00:00:00-05:00   1.94177
   202.669   2017-01-31 00:00:00-05:00      204.282   2017-02-03 00:00:00-05:00   1.61223
   210.98    2017-03-09 00:00:00-05:00      212.842   2017-03-15 00:00:00-04:00   1.86165
   209.214   2017-03-24 00:00:00-04:00      210.52    2017-03-28 00:00:00-04:00   1.30615
   210.717   2017-03-29 00:00:00-04:00      210.896   2017-03-31 00:00:00-04:00   0.178909
   209.223   2017-04-18 00:00:00-04:00      212.175   2017-04-24 00:00:00-04:00   2.95222
   211.817   2017-05-18 00:00:00-04:00      216.281   2017-05-25 00:00:00-04:00   4.4641
   218.08    2017-06-15 00:00:00-04:00      219.943   2017-06-19 00:00:00-04:00   1.86362
   216.249   2017-07-06 00:00:00-04:00      219.359   2017-07-12 00:00:00-04:00   3.11041
   222.011   2017-08-03 00:00:00-04:00      222.415   2017-08-04 00:00:00-04:00   0.404541
   218.361   2017-08-21 00:00:00-04:00      221.157   2017-08-30 00:00:00-04:00   2.79582
   231.379   2017-10-23 00:00:00-04:00      234.089   2017-11-08 00:00:00-05:00   2.71031
   231.677   2017-11-15 00:00:00-05:00      234.884   2017-11-21 00:00:00-05:00   3.20723
   234.677   2017-11-22 00:00:00-05:00      235.101   2017-11-27 00:00:00-05:00   0.424667
   242.323   2017-12-29 00:00:00-05:00      246.637   2018-01-04 00:00:00-05:00   4.31331
   237.456   2018-02-09 00:00:00-05:00      249.452   2018-02-23 00:00:00-05:00  11.9954
   234.733   2018-04-02 00:00:00-04:00      242.182   2018-04-05 00:00:00-04:00   7.44853
   236.784   2018-04-06 00:00:00-04:00      237.951   2018-04-09 00:00:00-04:00   1.16698
   239.957   2018-05-02 00:00:00-04:00      243.349   2018-05-07 00:00:00-04:00   3.39153
   245.263   2018-05-29 00:00:00-04:00      250.624   2018-06-04 00:00:00-04:00   5.3607
   248.077   2018-06-28 00:00:00-04:00      252.226   2018-07-06 00:00:00-04:00   4.14853
   257.638   2018-07-31 00:00:00-04:00      260.669   2018-08-06 00:00:00-04:00   3.03119
   259.991   2018-08-14 00:00:00-04:00      261.054   2018-08-17 00:00:00-04:00   1.06232
   261.722   2018-08-23 00:00:00-04:00      263.297   2018-08-24 00:00:00-04:00   1.5751
   263.38    2018-09-07 00:00:00-04:00      266.338   2018-09-13 00:00:00-04:00   2.95786
   266.384   2018-09-14 00:00:00-04:00      268.856   2018-09-20 00:00:00-04:00   2.4726
   242.733   2018-10-29 00:00:00-04:00      246.33    2018-10-30 00:00:00-04:00   3.59692
   242.172   2018-11-23 00:00:00-05:00      252.595   2018-11-28 00:00:00-05:00  10.4228
   216.835   2018-12-24 00:00:00-05:00      229.54    2018-12-27 00:00:00-05:00  12.7044
   254.467   2019-03-07 00:00:00-05:00      262.391   2019-03-18 00:00:00-04:00   7.92392
   259.334   2019-03-25 00:00:00-04:00      261.267   2019-03-26 00:00:00-04:00   1.93304
   271.425   2019-04-25 00:00:00-04:00      272.689   2019-04-26 00:00:00-04:00   1.26398
   263.386   2019-05-14 00:00:00-04:00      267.382   2019-05-16 00:00:00-04:00   3.99637
   255.83    2019-05-31 00:00:00-04:00      260.718   2019-06-04 00:00:00-04:00   4.88846
   279.077   2019-07-18 00:00:00-04:00      282.047   2019-07-26 00:00:00-04:00   2.96976
   268.935   2019-08-07 00:00:00-04:00      274.211   2019-08-08 00:00:00-04:00   5.27655
   265.834   2019-08-15 00:00:00-04:00      273.007   2019-08-19 00:00:00-04:00   7.17233
   269.794   2019-08-28 00:00:00-04:00      273.24    2019-08-29 00:00:00-04:00   3.44608
   270.702   2019-10-08 00:00:00-04:00      277.973   2019-10-11 00:00:00-04:00   7.27118
   291.099   2019-11-21 00:00:00-05:00      294.007   2019-11-25 00:00:00-05:00   2.90842
   290.423   2019-12-03 00:00:00-05:00      297.535   2019-12-12 00:00:00-05:00   7.11166
   304.278   2020-01-07 00:00:00-05:00      307.973   2020-01-09 00:00:00-05:00   3.6958
   307.087   2020-01-10 00:00:00-05:00      309.199   2020-01-13 00:00:00-05:00   2.11185
   303.335   2020-01-31 00:00:00-05:00      313.206   2020-02-07 00:00:00-05:00   9.87134
   211.439   2020-03-23 00:00:00-04:00      230.596   2020-03-24 00:00:00-04:00  19.157
   267.06    2020-05-13 00:00:00-04:00      279.769   2020-05-18 00:00:00-04:00  12.7081
   288.503   2020-06-12 00:00:00-04:00      295.682   2020-06-18 00:00:00-04:00   7.17914
   285.81    2020-06-26 00:00:00-04:00      295.783   2020-07-01 00:00:00-04:00   9.97305
   298.889   2020-07-07 00:00:00-04:00      301.175   2020-07-08 00:00:00-04:00   2.28607
   305.928   2020-07-28 00:00:00-04:00      309.69    2020-07-29 00:00:00-04:00   3.76254
   308.585   2020-07-30 00:00:00-04:00      311.024   2020-07-31 00:00:00-04:00   2.43848
   318.206   2020-09-11 00:00:00-04:00      322.397   2020-09-14 00:00:00-04:00   4.1911
   309.381   2020-09-24 00:00:00-04:00      319.604   2020-09-28 00:00:00-04:00  10.2234
   312.288   2020-10-30 00:00:00-04:00      328.546   2020-11-04 00:00:00-05:00  16.258
   348.744   2020-12-14 00:00:00-05:00      355.993   2020-12-17 00:00:00-05:00   7.24918
   353.304   2020-12-21 00:00:00-05:00      357.271   2020-12-30 00:00:00-05:00   3.96655
   354.197   2021-01-04 00:00:00-05:00      356.637   2021-01-05 00:00:00-05:00   2.43948
   358.769   2021-01-06 00:00:00-05:00      364.099   2021-01-07 00:00:00-05:00   5.33038
   360.834   2021-01-15 00:00:00-05:00      368.7     2021-01-20 00:00:00-05:00   7.866
   355.427   2021-01-29 00:00:00-05:00      370.909   2021-02-04 00:00:00-05:00  15.4821
   361.794   2021-03-04 00:00:00-05:00      374.165   2021-03-10 00:00:00-05:00  12.3704
   397.254   2021-04-22 00:00:00-04:00      404.76    2021-04-29 00:00:00-04:00   7.50623
   402.968   2021-05-03 00:00:00-04:00      403.806   2021-05-06 00:00:00-04:00   0.838257
   395.336   2021-05-13 00:00:00-04:00      400.385   2021-05-17 00:00:00-04:00   5.04913
   396.936   2021-05-18 00:00:00-04:00      403.902   2021-05-24 00:00:00-04:00   6.96671
   403.806   2021-05-26 00:00:00-04:00      404.018   2021-05-27 00:00:00-04:00   0.211975
   401.115   2021-06-18 00:00:00-04:00      412.416   2021-06-25 00:00:00-04:00  11.3011
   410.831   2021-07-19 00:00:00-04:00      426.347   2021-07-26 00:00:00-04:00  15.516
   423.031   2021-08-02 00:00:00-04:00      427.062   2021-08-05 00:00:00-04:00   4.03131
   424.568   2021-08-18 00:00:00-04:00      428.609   2021-08-20 00:00:00-04:00   4.04095
   431.413   2021-08-26 00:00:00-04:00      435.27    2021-08-27 00:00:00-04:00   3.85727
   420.546   2021-09-21 00:00:00-04:00      429.808   2021-09-23 00:00:00-04:00   9.26187
   415.706   2021-10-04 00:00:00-04:00      421.777   2021-10-06 00:00:00-04:00   6.07117
   453.326   2021-11-15 00:00:00-05:00      455.12    2021-11-16 00:00:00-05:00   1.79419
   454.014   2021-11-17 00:00:00-05:00      454.742   2021-11-19 00:00:00-05:00   0.727386
   443.599   2021-12-02 00:00:00-05:00      455.353   2021-12-08 00:00:00-05:00  11.7543
   452.279   2021-12-09 00:00:00-05:00      456.536   2021-12-10 00:00:00-05:00   4.25748
   421.78    2022-01-26 00:00:00-05:00      430.121   2022-01-28 00:00:00-05:00   8.34064
   416.836   2022-02-24 00:00:00-05:00      426.033   2022-02-25 00:00:00-05:00   9.19702
   383.025   2022-05-12 00:00:00-04:00      392.182   2022-05-13 00:00:00-04:00   9.15726
   380.379   2022-05-20 00:00:00-04:00      387.496   2022-05-23 00:00:00-04:00   7.11691
   358.716   2022-06-17 00:00:00-04:00      382.463   2022-06-24 00:00:00-04:00  23.747
   383.13    2022-09-06 00:00:00-04:00      398.661   2022-09-09 00:00:00-04:00  15.5307
   357.167   2022-09-29 00:00:00-04:00      360.928   2022-10-03 00:00:00-04:00   3.76074
   390.099   2022-12-08 00:00:00-05:00      392.767   2022-12-12 00:00:00-05:00   2.66806
   372.525   2022-12-28 00:00:00-05:00      379.231   2022-12-29 00:00:00-05:00   6.7056
   376.64    2023-01-03 00:00:00-05:00      383.82    2023-01-06 00:00:00-05:00   7.18027
   403.561   2023-02-10 00:00:00-05:00      408.11    2023-02-14 00:00:00-05:00   4.5495
   391.91    2023-02-28 00:00:00-05:00      399.753   2023-03-03 00:00:00-05:00   7.84293
   381.13    2023-03-13 00:00:00-04:00      387.43    2023-03-14 00:00:00-04:00   6.30011
   403.155   2023-04-25 00:00:00-04:00      412.934   2023-04-28 00:00:00-04:00   9.77905
   402.212   2023-05-04 00:00:00-04:00      410.035   2023-05-15 00:00:00-04:00   7.82324
   411.663   2023-05-25 00:00:00-04:00      416.995   2023-05-26 00:00:00-04:00   5.3313
   429.924   2023-06-26 00:00:00-04:00      441.722   2023-06-30 00:00:00-04:00  11.7984
   438.115   2023-07-06 00:00:00-04:00      444.452   2023-07-12 00:00:00-04:00   6.33762
   436.61    2023-08-22 00:00:00-04:00      441.473   2023-08-23 00:00:00-04:00   4.86285
   435.354   2023-08-24 00:00:00-04:00      441.204   2023-08-28 00:00:00-04:00   5.84937
   421.59    2023-10-03 00:00:00-04:00      429.54    2023-10-06 00:00:00-04:00   7.95001
Total Profit:  952.7438659667969