Trading Output for tqqq for the last 300 days
+---------+---------------------------+---------+---------+---------+---------+------------------+----------------+------------------+--------------+-------------+---------+--------------+
|   Index | Timestamp                 |    Open |    High |     Low |   Close |           Volume |   RSIEMA Cross |   SMA/VWAP Cross |   MACD Cross |   KNN EMA X |   Total |   Total Diff |
+=========+===========================+=========+=========+=========+=========+==================+================+==================+==============+=============+=========+==============+
|       0 | 2023-11-08 09:30:00-05:00 | 39.2071 | 39.38   | 39.11   | 39.375  |      5.67055e+06 |              0 |                1 |            0 |           0 |       1 |            0 |
+---------+---------------------------+---------+---------+---------+---------+------------------+----------------+------------------+--------------+-------------+---------+--------------+
|       1 | 2023-11-08 09:35:00-05:00 | 39.375  | 39.42   | 39.2    | 39.3683 |      2.58949e+06 |              0 |                1 |            0 |           0 |       1 |            0 |
+---------+---------------------------+---------+---------+---------+---------+------------------+----------------+------------------+--------------+-------------+---------+--------------+
|       2 | 2023-11-08 09:40:00-05:00 | 39.36   | 39.36   | 39.1603 | 39.195  |      1.85084e+06 |              0 |                1 |            0 |           0 |       1 |            0 |
+---------+---------------------------+---------+---------+---------+---------+------------------+----------------+------------------+--------------+-------------+---------+--------------+
|       3 | 2023-11-08 09:45:00-05:00 | 39.2    | 39.3299 | 39.17   | 39.26   |      1.43627e+06 |              0 |                1 |            0 |           0 |       1 |            0 |
+---------+---------------------------+---------+---------+---------+---------+------------------+----------------+------------------+--------------+-------------+---------+--------------+
|       4 | 2023-11-08 09:50:00-05:00 | 39.267  | 39.41   | 39.25   | 39.369  |      1.75709e+06 |              0 |                1 |            0 |           1 |       2 |            1 |
+---------+---------------------------+---------+---------+---------+---------+------------------+----------------+------------------+--------------+-------------+---------+--------------+
|       5 | 2023-11-08 09:55:00-05:00 | 39.37   | 39.43   | 39.17   | 39.2197 |      1.92837e+06 |              0 |                1 |            0 |           1 |       2 |            0 |
+---------+---------------------------+---------+---------+---------+---------+------------------+----------------+------------------+--------------+-------------+---------+--------------+
|       6 | 2023-11-08 10:00:00-05:00 | 39.22   | 39.2536 | 38.9001 | 38.965  |      2.5031e+06  |              0 |                1 |            0 |           1 |       2 |            0 |
+---------+---------------------------+---------+---------+---------+---------+------------------+----------------+------------------+--------------+-------------+---------+--------------+
|       7 | 2023-11-08 10:05:00-05:00 | 38.965  | 39.15   | 38.915  | 39.135  |      1.69953e+06 |              0 |                1 |            0 |           1 |       2 |            0 |
+---------+---------------------------+---------+---------+---------+---------+------------------+----------------+------------------+--------------+-------------+---------+--------------+
|       8 | 2023-11-08 10:10:00-05:00 | 39.1305 | 39.19   | 39.0242 | 39.045  |      1.46882e+06 |              0 |                1 |            0 |           1 |       2 |            0 |
+---------+---------------------------+---------+---------+---------+---------+------------------+----------------+------------------+--------------+-------------+---------+--------------+
|       9 | 2023-11-08 10:15:00-05:00 | 39.041  | 39.0599 | 38.96   | 39.045  |      1.39746e+06 |              0 |                1 |            0 |           1 |       2 |            0 |
+---------+---------------------------+---------+---------+---------+---------+------------------+----------------+------------------+--------------+-------------+---------+--------------+
|      10 | 2023-11-08 10:20:00-05:00 | 39.05   | 39.05   | 38.83   | 38.955  |      1.66701e+06 |              0 |                1 |            0 |           1 |       2 |            0 |
+---------+---------------------------+---------+---------+---------+---------+------------------+----------------+------------------+--------------+-------------+---------+--------------+
|      11 | 2023-11-08 10:25:00-05:00 | 38.9501 | 38.99   | 38.86   | 38.905  | 875633           |              0 |                1 |            0 |           1 |       2 |            0 |
+---------+---------------------------+---------+---------+---------+---------+------------------+----------------+------------------+--------------+-------------+---------+--------------+
|      12 | 2023-11-08 10:30:00-05:00 | 38.91   | 38.99   | 38.8632 | 38.94   |      1.05875e+06 |              0 |                1 |            0 |           1 |       2 |            0 |
+---------+---------------------------+---------+---------+---------+---------+------------------+----------------+------------------+--------------+-------------+---------+--------------+
|      13 | 2023-11-08 10:35:00-05:00 | 38.9399 | 38.995  | 38.83   | 38.86   |      1.53962e+06 |              0 |                1 |            0 |           1 |       2 |            0 |
+---------+---------------------------+---------+---------+---------+---------+------------------+----------------+------------------+--------------+-------------+---------+--------------+
|      14 | 2023-11-08 10:40:00-05:00 | 38.86   | 38.97   | 38.7901 | 38.955  |      1.76928e+06 |              1 |                1 |            0 |           1 |       3 |            1 |
+---------+---------------------------+---------+---------+---------+---------+------------------+----------------+------------------+--------------+-------------+---------+--------------+
|      15 | 2023-11-08 10:45:00-05:00 | 38.95   | 38.99   | 38.9015 | 38.9801 |      1.18772e+06 |              1 |                1 |            0 |           1 |       3 |            0 |
+---------+---------------------------+---------+---------+---------+---------+------------------+----------------+------------------+--------------+-------------+---------+--------------+
|      16 | 2023-11-08 10:50:00-05:00 | 38.98   | 38.99   | 38.83   | 38.8601 | 946647           |              1 |                1 |            0 |           1 |       3 |            0 |
+---------+---------------------------+---------+---------+---------+---------+------------------+----------------+------------------+--------------+-------------+---------+--------------+
|      17 | 2023-11-08 10:55:00-05:00 | 38.86   | 38.97   | 38.81   | 38.86   |      1.26811e+06 |              1 |                1 |            0 |           0 |       2 |           -1 |
+---------+---------------------------+---------+---------+---------+---------+------------------+----------------+------------------+--------------+-------------+---------+--------------+
|      18 | 2023-11-08 11:00:00-05:00 | 38.865  | 38.97   | 38.84   | 38.935  |      1.3686e+06  |              1 |                1 |            0 |           0 |       2 |            0 |
+---------+---------------------------+---------+---------+---------+---------+------------------+----------------+------------------+--------------+-------------+---------+--------------+
|      19 | 2023-11-08 11:05:00-05:00 | 38.94   | 38.97   | 38.805  | 38.84   | 842035           |              1 |                1 |            0 |           0 |       2 |            0 |
+---------+---------------------------+---------+---------+---------+---------+------------------+----------------+------------------+--------------+-------------+---------+--------------+
|      20 | 2023-11-08 11:10:00-05:00 | 38.84   | 38.96   | 38.835  | 38.955  |      1.03606e+06 |              1 |                1 |            0 |           0 |       2 |            0 |
+---------+---------------------------+---------+---------+---------+---------+------------------+----------------+------------------+--------------+-------------+---------+--------------+
|      21 | 2023-11-08 11:15:00-05:00 | 38.955  | 39.05   | 38.93   | 39.0151 |      1.65437e+06 |              1 |                1 |            1 |           1 |       4 |            2 |
+---------+---------------------------+---------+---------+---------+---------+------------------+----------------+------------------+--------------+-------------+---------+--------------+
|      22 | 2023-11-08 11:20:00-05:00 | 39.01   | 39.02   | 38.76   | 38.835  |      1.28354e+06 |              1 |                1 |            1 |           0 |       3 |           -1 |
+---------+---------------------------+---------+---------+---------+---------+------------------+----------------+------------------+--------------+-------------+---------+--------------+
|      23 | 2023-11-08 11:25:00-05:00 | 38.84   | 38.9313 | 38.81   | 38.89   |      1.00533e+06 |              1 |                1 |            1 |           0 |       3 |            0 |
+---------+---------------------------+---------+---------+---------+---------+------------------+----------------+------------------+--------------+-------------+---------+--------------+
|      24 | 2023-11-08 11:30:00-05:00 | 38.88   | 38.9852 | 38.845  | 38.91   |      1.70027e+06 |              1 |                1 |            1 |           0 |       3 |            0 |
+---------+---------------------------+---------+---------+---------+---------+------------------+----------------+------------------+--------------+-------------+---------+--------------+
|      25 | 2023-11-08 11:35:00-05:00 | 38.9178 | 39.0172 | 38.88   | 38.9187 |      1.24767e+06 |              1 |                1 |            1 |           0 |       3 |            0 |
+---------+---------------------------+---------+---------+---------+---------+------------------+----------------+------------------+--------------+-------------+---------+--------------+
|      26 | 2023-11-08 11:40:00-05:00 | 38.92   | 39.01   | 38.8801 | 39      | 971450           |              1 |                1 |            1 |           1 |       4 |            1 |
+---------+---------------------------+---------+---------+---------+---------+------------------+----------------+------------------+--------------+-------------+---------+--------------+
|      27 | 2023-11-08 11:45:00-05:00 | 39.0001 | 39.06   | 38.92   | 38.96   |      1.26518e+06 |              1 |                1 |            1 |           1 |       4 |            0 |
+---------+---------------------------+---------+---------+---------+---------+------------------+----------------+------------------+--------------+-------------+---------+--------------+
|      28 | 2023-11-08 11:50:00-05:00 | 38.9599 | 38.976  | 38.865  | 38.96   |      1.67567e+06 |              1 |                1 |            1 |           1 |       4 |            0 |
+---------+---------------------------+---------+---------+---------+---------+------------------+----------------+------------------+--------------+-------------+---------+--------------+
|      29 | 2023-11-08 11:55:00-05:00 | 38.95   | 38.9777 | 38.8    | 38.8169 | 888791           |              1 |                1 |            1 |           1 |       4 |            0 |
+---------+---------------------------+---------+---------+---------+---------+------------------+----------------+------------------+--------------+-------------+---------+--------------+
|      30 | 2023-11-08 12:00:00-05:00 | 38.81   | 38.8399 | 38.68   | 38.72   |      1.82713e+06 |              1 |                1 |            1 |           1 |       4 |            0 |
+---------+---------------------------+---------+---------+---------+---------+------------------+----------------+------------------+--------------+-------------+---------+--------------+
|      31 | 2023-11-08 12:05:00-05:00 | 38.715  | 38.74   | 38.43   | 38.52   |      2.43468e+06 |              0 |                1 |            0 |           1 |       2 |           -2 |
+---------+---------------------------+---------+---------+---------+---------+------------------+----------------+------------------+--------------+-------------+---------+--------------+
|      32 | 2023-11-08 12:10:00-05:00 | 38.52   | 38.66   | 38.48   | 38.595  |      1.56407e+06 |              0 |                1 |            0 |           1 |       2 |            0 |
+---------+---------------------------+---------+---------+---------+---------+------------------+----------------+------------------+--------------+-------------+---------+--------------+
|      33 | 2023-11-08 12:15:00-05:00 | 38.59   | 38.6699 | 38.56   | 38.6434 | 664678           |              1 |                1 |            0 |           0 |       2 |            0 |
+---------+---------------------------+---------+---------+---------+---------+------------------+----------------+------------------+--------------+-------------+---------+--------------+
|      34 | 2023-11-08 12:20:00-05:00 | 38.64   | 38.7    | 38.62   | 38.6639 | 791253           |              0 |                1 |            0 |           0 |       1 |           -1 |
+---------+---------------------------+---------+---------+---------+---------+------------------+----------------+------------------+--------------+-------------+---------+--------------+
|      35 | 2023-11-08 12:25:00-05:00 | 38.66   | 38.69   | 38.6    | 38.6447 | 845373           |              0 |                1 |            0 |           0 |       1 |            0 |
+---------+---------------------------+---------+---------+---------+---------+------------------+----------------+------------------+--------------+-------------+---------+--------------+
|      36 | 2023-11-08 12:30:00-05:00 | 38.6416 | 38.65   | 38.57   | 38.6499 | 850611           |              1 |                1 |            0 |           0 |       2 |            1 |
+---------+---------------------------+---------+---------+---------+---------+------------------+----------------+------------------+--------------+-------------+---------+--------------+
|      37 | 2023-11-08 12:35:00-05:00 | 38.64   | 38.78   | 38.6    | 38.7732 |      1.22004e+06 |              1 |                1 |            1 |           0 |       3 |            1 |
+---------+---------------------------+---------+---------+---------+---------+------------------+----------------+------------------+--------------+-------------+---------+--------------+
|      38 | 2023-11-08 12:40:00-05:00 | 38.77   | 38.785  | 38.7101 | 38.77   | 850091           |              1 |                1 |            1 |           0 |       3 |            0 |
+---------+---------------------------+---------+---------+---------+---------+------------------+----------------+------------------+--------------+-------------+---------+--------------+
|      39 | 2023-11-08 12:45:00-05:00 | 38.761  | 38.7951 | 38.7203 | 38.7623 | 787181           |              1 |                1 |            1 |           0 |       3 |            0 |
+---------+---------------------------+---------+---------+---------+---------+------------------+----------------+------------------+--------------+-------------+---------+--------------+
|      40 | 2023-11-08 12:50:00-05:00 | 38.76   | 38.77   | 38.71   | 38.755  | 351271           |              0 |                1 |            1 |           0 |       2 |           -1 |
+---------+---------------------------+---------+---------+---------+---------+------------------+----------------+------------------+--------------+-------------+---------+--------------+
|      41 | 2023-11-08 12:55:00-05:00 | 38.75   | 38.7699 | 38.6901 | 38.7599 | 599663           |              0 |                1 |            1 |           0 |       2 |            0 |
+---------+---------------------------+---------+---------+---------+---------+------------------+----------------+------------------+--------------+-------------+---------+--------------+
|      42 | 2023-11-08 13:00:00-05:00 | 38.7501 | 38.91   | 38.68   | 38.8697 |      2.32463e+06 |              1 |                1 |            1 |           0 |       3 |            1 |
+---------+---------------------------+---------+---------+---------+---------+------------------+----------------+------------------+--------------+-------------+---------+--------------+
|      43 | 2023-11-08 13:05:00-05:00 | 38.865  | 38.9665 | 38.86   | 38.9312 |      2.02058e+06 |              1 |                1 |            1 |           0 |       3 |            0 |
+---------+---------------------------+---------+---------+---------+---------+------------------+----------------+------------------+--------------+-------------+---------+--------------+
|      44 | 2023-11-08 13:10:00-05:00 | 38.9305 | 38.9399 | 38.8149 | 38.84   | 940967           |              1 |                1 |            1 |           0 |       3 |            0 |
+---------+---------------------------+---------+---------+---------+---------+------------------+----------------+------------------+--------------+-------------+---------+--------------+
|      45 | 2023-11-08 13:15:00-05:00 | 38.84   | 38.8853 | 38.79   | 38.8097 | 863210           |              1 |                1 |            1 |           0 |       3 |            0 |
+---------+---------------------------+---------+---------+---------+---------+------------------+----------------+------------------+--------------+-------------+---------+--------------+
|      46 | 2023-11-08 13:20:00-05:00 | 38.8099 | 38.92   | 38.74   | 38.9    |      1.23705e+06 |              1 |                1 |            1 |           0 |       3 |            0 |
+---------+---------------------------+---------+---------+---------+---------+------------------+----------------+------------------+--------------+-------------+---------+--------------+
|      47 | 2023-11-08 13:25:00-05:00 | 38.905  | 38.9799 | 38.87   | 38.953  | 984143           |              1 |                1 |            1 |           0 |       3 |            0 |
+---------+---------------------------+---------+---------+---------+---------+------------------+----------------+------------------+--------------+-------------+---------+--------------+
|      48 | 2023-11-08 13:30:00-05:00 | 38.96   | 38.995  | 38.94   | 38.9755 | 872836           |              1 |                1 |            1 |           0 |       3 |            0 |
+---------+---------------------------+---------+---------+---------+---------+------------------+----------------+------------------+--------------+-------------+---------+--------------+
|      49 | 2023-11-08 13:35:00-05:00 | 38.97   | 39.02   | 38.94   | 38.9843 |      1.14612e+06 |              1 |                1 |            1 |           0 |       3 |            0 |
+---------+---------------------------+---------+---------+---------+---------+------------------+----------------+------------------+--------------+-------------+---------+--------------+
|      50 | 2023-11-08 13:40:00-05:00 | 38.9801 | 39.03   | 38.9764 | 39.0101 | 577950           |              1 |                1 |            1 |           0 |       3 |            0 |
+---------+---------------------------+---------+---------+---------+---------+------------------+----------------+------------------+--------------+-------------+---------+--------------+
|      51 | 2023-11-08 13:45:00-05:00 | 39.0158 | 39.05   | 38.9701 | 39.005  | 670935           |              1 |                0 |            1 |           0 |       2 |           -1 |
+---------+---------------------------+---------+---------+---------+---------+------------------+----------------+------------------+--------------+-------------+---------+--------------+
|      52 | 2023-11-08 13:50:00-05:00 | 39      | 39.025  | 38.9501 | 39.005  | 570573           |              1 |                0 |            1 |           0 |       2 |            0 |
+---------+---------------------------+---------+---------+---------+---------+------------------+----------------+------------------+--------------+-------------+---------+--------------+
|      53 | 2023-11-08 13:55:00-05:00 | 39      | 39.01   | 38.94   | 38.9784 | 373446           |              1 |                0 |            1 |           0 |       2 |            0 |
+---------+---------------------------+---------+---------+---------+---------+------------------+----------------+------------------+--------------+-------------+---------+--------------+
|      54 | 2023-11-08 14:00:00-05:00 | 38.98   | 39.09   | 38.93   | 39.0631 |      1.13863e+06 |              1 |                0 |            1 |           0 |       2 |            0 |
+---------+---------------------------+---------+---------+---------+---------+------------------+----------------+------------------+--------------+-------------+---------+--------------+
|      55 | 2023-11-08 14:05:00-05:00 | 39.069  | 39.15   | 39.06   | 39.145  |      1.25405e+06 |              1 |                0 |            1 |           0 |       2 |            0 |
+---------+---------------------------+---------+---------+---------+---------+------------------+----------------+------------------+--------------+-------------+---------+--------------+
|      56 | 2023-11-08 14:10:00-05:00 | 39.1465 | 39.1499 | 39.08   | 39.0801 | 669487           |              0 |                0 |            1 |           0 |       1 |           -1 |
+---------+---------------------------+---------+---------+---------+---------+------------------+----------------+------------------+--------------+-------------+---------+--------------+
|      57 | 2023-11-08 14:15:00-05:00 | 39.09   | 39.1551 | 39.0825 | 39.1065 | 664901           |              0 |                0 |            1 |           0 |       1 |            0 |
+---------+---------------------------+---------+---------+---------+---------+------------------+----------------+------------------+--------------+-------------+---------+--------------+
|      58 | 2023-11-08 14:20:00-05:00 | 39.105  | 39.17   | 39.1    | 39.1401 | 512693           |              1 |                0 |            1 |           0 |       2 |            1 |
+---------+---------------------------+---------+---------+---------+---------+------------------+----------------+------------------+--------------+-------------+---------+--------------+
|      59 | 2023-11-08 14:25:00-05:00 | 39.14   | 39.16   | 39.1012 | 39.1452 | 561939           |              1 |                0 |            1 |           1 |       3 |            1 |
+---------+---------------------------+---------+---------+---------+---------+------------------+----------------+------------------+--------------+-------------+---------+--------------+
|      60 | 2023-11-08 14:30:00-05:00 | 39.145  | 39.1998 | 39.03   | 39.055  |      1.03552e+06 |              0 |                0 |            1 |           1 |       2 |           -1 |
+---------+---------------------------+---------+---------+---------+---------+------------------+----------------+------------------+--------------+-------------+---------+--------------+
|      61 | 2023-11-08 14:35:00-05:00 | 39.055  | 39.15   | 39.01   | 39.15   | 762025           |              0 |                0 |            1 |           1 |       2 |            0 |
+---------+---------------------------+---------+---------+---------+---------+------------------+----------------+------------------+--------------+-------------+---------+--------------+
|      62 | 2023-11-08 14:40:00-05:00 | 39.14   | 39.16   | 39.06   | 39.1201 | 565889           |              0 |                0 |            1 |           1 |       2 |            0 |
+---------+---------------------------+---------+---------+---------+---------+------------------+----------------+------------------+--------------+-------------+---------+--------------+
|      63 | 2023-11-08 14:45:00-05:00 | 39.12   | 39.1358 | 39.07   | 39.08   | 597044           |              0 |                0 |            1 |           1 |       2 |            0 |
+---------+---------------------------+---------+---------+---------+---------+------------------+----------------+------------------+--------------+-------------+---------+--------------+
|      64 | 2023-11-08 14:50:00-05:00 | 39.07   | 39.08   | 39.01   | 39.06   | 806108           |              0 |                0 |            0 |           1 |       1 |           -1 |
+---------+---------------------------+---------+---------+---------+---------+------------------+----------------+------------------+--------------+-------------+---------+--------------+
|      65 | 2023-11-08 14:55:00-05:00 | 39.06   | 39.07   | 38.91   | 38.94   |      1.01473e+06 |              0 |                0 |            0 |           1 |       1 |            0 |
+---------+---------------------------+---------+---------+---------+---------+------------------+----------------+------------------+--------------+-------------+---------+--------------+
|      66 | 2023-11-08 15:00:00-05:00 | 38.95   | 39.02   | 38.94   | 39.0101 | 740240           |              0 |                0 |            0 |           1 |       1 |            0 |
+---------+---------------------------+---------+---------+---------+---------+------------------+----------------+------------------+--------------+-------------+---------+--------------+
|      67 | 2023-11-08 15:05:00-05:00 | 39.015  | 39.04   | 38.97   | 38.9845 | 541993           |              0 |                0 |            0 |           0 |       0 |           -1 |
+---------+---------------------------+---------+---------+---------+---------+------------------+----------------+------------------+--------------+-------------+---------+--------------+
|      68 | 2023-11-08 15:10:00-05:00 | 38.99   | 39.04   | 38.94   | 39.025  | 577194           |              0 |                0 |            0 |           0 |       0 |            0 |
+---------+---------------------------+---------+---------+---------+---------+------------------+----------------+------------------+--------------+-------------+---------+--------------+
|      69 | 2023-11-08 15:15:00-05:00 | 39.03   | 39.0495 | 38.97   | 39.0101 | 626261           |              0 |                0 |            0 |           0 |       0 |            0 |
+---------+---------------------------+---------+---------+---------+---------+------------------+----------------+------------------+--------------+-------------+---------+--------------+
|      70 | 2023-11-08 15:20:00-05:00 | 39.0105 | 39.07   | 38.985  | 39.055  | 484124           |              0 |                0 |            0 |           0 |       0 |            0 |
+---------+---------------------------+---------+---------+---------+---------+------------------+----------------+------------------+--------------+-------------+---------+--------------+
|      71 | 2023-11-08 15:25:00-05:00 | 39.05   | 39.1    | 39.03   | 39.065  | 604596           |              0 |                0 |            0 |           0 |       0 |            0 |
+---------+---------------------------+---------+---------+---------+---------+------------------+----------------+------------------+--------------+-------------+---------+--------------+
|      72 | 2023-11-08 15:30:00-05:00 | 39.065  | 39.065  | 38.98   | 38.9838 | 616700           |              0 |                0 |            0 |           0 |       0 |            0 |
+---------+---------------------------+---------+---------+---------+---------+------------------+----------------+------------------+--------------+-------------+---------+--------------+
|      73 | 2023-11-08 15:35:00-05:00 | 38.9801 | 39.08   | 38.9801 | 39.0638 | 425356           |              0 |                0 |            0 |           0 |       0 |            0 |
+---------+---------------------------+---------+---------+---------+---------+------------------+----------------+------------------+--------------+-------------+---------+--------------+
|      74 | 2023-11-08 15:40:00-05:00 | 39.07   | 39.245  | 39.0627 | 39.2001 |      2.19319e+06 |              1 |                0 |            1 |           0 |       2 |            2 |
+---------+---------------------------+---------+---------+---------+---------+------------------+----------------+------------------+--------------+-------------+---------+--------------+
|      75 | 2023-11-08 15:45:00-05:00 | 39.2    | 39.23   | 39.15   | 39.15   | 927124           |              0 |                0 |            1 |           0 |       1 |           -1 |
+---------+---------------------------+---------+---------+---------+---------+------------------+----------------+------------------+--------------+-------------+---------+--------------+
|      76 | 2023-11-08 15:50:00-05:00 | 39.18   | 39.18   | 39.18   | 39.18   |      0           |              1 |                0 |            1 |           0 |       2 |            1 |
+---------+---------------------------+---------+---------+---------+---------+------------------+----------------+------------------+--------------+-------------+---------+--------------+

  Buy Price  Buy Time                     Sell Price  Sell Time                    Profit    Trade Length
-----------  -------------------------  ------------  -------------------------  --------  --------------
    38.9845  2023-11-08 15:05:00-05:00       39.2001  2023-11-08 15:40:00-05:00  0.215599               7
Total Profit: 0.21559906005859375 Median Trade Length: 7.0 Average Trade Length: 7.0
