Trading Output for cl=f for the last 300 days
+---------+---------------------------+--------+--------+-------+---------+----------+----------------+------------------+--------------+-------------+---------+--------------+
|   Index | Timestamp                 |   Open |   High |   Low |   Close |   Volume |   RSIEMA Cross |   SMA/VWAP Cross |   MACD Cross |   KNN EMA X |   Total |   Total Diff |
+=========+===========================+========+========+=======+=========+==========+================+==================+==============+=============+=========+==============+
|       0 | 2022-11-11 00:00:00-05:00 |  86.27 |  90.1  | 86.18 |   88.96 |   301664 |              0 |                1 |            0 |           0 |       1 |            0 |
+---------+---------------------------+--------+--------+-------+---------+----------+----------------+------------------+--------------+-------------+---------+--------------+
|       1 | 2022-11-14 00:00:00-05:00 |  89.02 |  89.84 | 85.15 |   85.87 |   315450 |              0 |                1 |            0 |           0 |       1 |            0 |
+---------+---------------------------+--------+--------+-------+---------+----------+----------------+------------------+--------------+-------------+---------+--------------+
|       2 | 2022-11-15 00:00:00-05:00 |  85.25 |  88.68 | 84.06 |   86.92 |   331709 |              0 |                1 |            0 |           0 |       1 |            0 |
+---------+---------------------------+--------+--------+-------+---------+----------+----------------+------------------+--------------+-------------+---------+--------------+
|       3 | 2022-11-16 00:00:00-05:00 |  86.89 |  87.51 | 84.2  |   85.59 |   225668 |              0 |                1 |            0 |           0 |       1 |            0 |
+---------+---------------------------+--------+--------+-------+---------+----------+----------------+------------------+--------------+-------------+---------+--------------+
|       4 | 2022-11-17 00:00:00-05:00 |  85.22 |  85.45 | 81.4  |   81.64 |   138476 |              0 |                1 |            0 |           1 |       2 |            1 |
+---------+---------------------------+--------+--------+-------+---------+----------+----------------+------------------+--------------+-------------+---------+--------------+
|       5 | 2022-11-18 00:00:00-05:00 |  82.09 |  82.64 | 77.24 |   80.08 |    96583 |              0 |                1 |            0 |           1 |       2 |            0 |
+---------+---------------------------+--------+--------+-------+---------+----------+----------------+------------------+--------------+-------------+---------+--------------+
|       6 | 2022-11-21 00:00:00-05:00 |  80.3  |  80.3  | 75.08 |   79.73 |   475104 |              0 |                1 |            0 |           1 |       2 |            0 |
+---------+---------------------------+--------+--------+-------+---------+----------+----------------+------------------+--------------+-------------+---------+--------------+
|       7 | 2022-11-22 00:00:00-05:00 |  80.22 |  82.36 | 79.85 |   80.95 |   269615 |              0 |                1 |            0 |           1 |       2 |            0 |
+---------+---------------------------+--------+--------+-------+---------+----------+----------------+------------------+--------------+-------------+---------+--------------+
|       8 | 2022-11-23 00:00:00-05:00 |  81.08 |  81.95 | 76.83 |   77.94 |   379145 |              0 |                1 |            0 |           1 |       2 |            0 |
+---------+---------------------------+--------+--------+-------+---------+----------+----------------+------------------+--------------+-------------+---------+--------------+
|       9 | 2022-11-25 00:00:00-05:00 |  77.51 |  79.9  | 76.22 |   76.28 |   266451 |              0 |                1 |            0 |           1 |       2 |            0 |
+---------+---------------------------+--------+--------+-------+---------+----------+----------------+------------------+--------------+-------------+---------+--------------+
|      10 | 2022-11-28 00:00:00-05:00 |  75.93 |  77.84 | 73.6  |   77.24 |   405033 |              0 |                1 |            0 |           0 |       1 |           -1 |
+---------+---------------------------+--------+--------+-------+---------+----------+----------------+------------------+--------------+-------------+---------+--------------+
|      11 | 2022-11-29 00:00:00-05:00 |  76.54 |  79.65 | 76.29 |   78.2  |   381869 |              0 |                1 |            0 |           0 |       1 |            0 |
+---------+---------------------------+--------+--------+-------+---------+----------+----------------+------------------+--------------+-------------+---------+--------------+
|      12 | 2022-11-30 00:00:00-05:00 |  79    |  81.38 | 78.4  |   80.55 |   287534 |              0 |                1 |            0 |           1 |       2 |            1 |
+---------+---------------------------+--------+--------+-------+---------+----------+----------------+------------------+--------------+-------------+---------+--------------+
|      13 | 2022-12-01 00:00:00-05:00 |  80.4  |  83.34 | 79.93 |   81.22 |   321432 |              0 |                1 |            0 |           1 |       2 |            0 |
+---------+---------------------------+--------+--------+-------+---------+----------+----------------+------------------+--------------+-------------+---------+--------------+
|      14 | 2022-12-02 00:00:00-05:00 |  81.47 |  82.22 | 79.65 |   79.98 |   280235 |              1 |                1 |            0 |           1 |       3 |            1 |
+---------+---------------------------+--------+--------+-------+---------+----------+----------------+------------------+--------------+-------------+---------+--------------+
|      15 | 2022-12-05 00:00:00-05:00 |  79.99 |  82.72 | 76.77 |   76.93 |   346657 |              1 |                1 |            0 |           1 |       3 |            0 |
+---------+---------------------------+--------+--------+-------+---------+----------+----------------+------------------+--------------+-------------+---------+--------------+
|      16 | 2022-12-06 00:00:00-05:00 |  77.35 |  77.88 | 73.41 |   74.25 |   380598 |              1 |                1 |            0 |           1 |       3 |            0 |
+---------+---------------------------+--------+--------+-------+---------+----------+----------------+------------------+--------------+-------------+---------+--------------+
|      17 | 2022-12-07 00:00:00-05:00 |  74.55 |  75.38 | 71.75 |   72.01 |   392236 |              1 |                1 |            0 |           1 |       3 |            0 |
+---------+---------------------------+--------+--------+-------+---------+----------+----------------+------------------+--------------+-------------+---------+--------------+
|      18 | 2022-12-08 00:00:00-05:00 |  72.38 |  75.44 | 71.12 |   71.46 |   474459 |              1 |                1 |            0 |           1 |       3 |            0 |
+---------+---------------------------+--------+--------+-------+---------+----------+----------------+------------------+--------------+-------------+---------+--------------+
|      19 | 2022-12-09 00:00:00-05:00 |  71.85 |  72.92 | 70.08 |   71.02 |   356722 |              1 |                1 |            0 |           0 |       2 |           -1 |
+---------+---------------------------+--------+--------+-------+---------+----------+----------------+------------------+--------------+-------------+---------+--------------+
|      20 | 2022-12-12 00:00:00-05:00 |  71.79 |  73.99 | 70.25 |   73.17 |   323553 |              1 |                1 |            0 |           0 |       2 |            0 |
+---------+---------------------------+--------+--------+-------+---------+----------+----------------+------------------+--------------+-------------+---------+--------------+
|      21 | 2022-12-13 00:00:00-05:00 |  73.29 |  76.37 | 73.21 |   75.39 |   352858 |              1 |                1 |            0 |           0 |       2 |            0 |
+---------+---------------------------+--------+--------+-------+---------+----------+----------------+------------------+--------------+-------------+---------+--------------+
|      22 | 2022-12-14 00:00:00-05:00 |  75.27 |  77.75 | 74.9  |   77.28 |   292488 |              1 |                1 |            1 |           0 |       3 |            1 |
+---------+---------------------------+--------+--------+-------+---------+----------+----------------+------------------+--------------+-------------+---------+--------------+
|      23 | 2022-12-15 00:00:00-05:00 |  77.37 |  77.77 | 75.33 |   76.11 |   224663 |              1 |                1 |            1 |           0 |       3 |            0 |
+---------+---------------------------+--------+--------+-------+---------+----------+----------------+------------------+--------------+-------------+---------+--------------+
|      24 | 2022-12-16 00:00:00-05:00 |  76.37 |  76.57 | 73.33 |   74.29 |    99205 |              1 |                1 |            1 |           0 |       3 |            0 |
+---------+---------------------------+--------+--------+-------+---------+----------+----------------+------------------+--------------+-------------+---------+--------------+
|      25 | 2022-12-19 00:00:00-05:00 |  74.5  |  76.41 | 73.81 |   75.19 |    69348 |              1 |                1 |            1 |           0 |       3 |            0 |
+---------+---------------------------+--------+--------+-------+---------+----------+----------------+------------------+--------------+-------------+---------+--------------+
|      26 | 2022-12-20 00:00:00-05:00 |  75.7  |  76.75 | 74.31 |   76.09 |   254792 |              1 |                1 |            1 |           0 |       3 |            0 |
+---------+---------------------------+--------+--------+-------+---------+----------+----------------+------------------+--------------+-------------+---------+--------------+
|      27 | 2022-12-21 00:00:00-05:00 |  75.99 |  78.61 | 75.8  |   78.29 |   234624 |              1 |                1 |            1 |           0 |       3 |            0 |
+---------+---------------------------+--------+--------+-------+---------+----------+----------------+------------------+--------------+-------------+---------+--------------+
|      28 | 2022-12-22 00:00:00-05:00 |  78.43 |  79.9  | 77.03 |   77.49 |   219142 |              1 |                1 |            1 |           0 |       3 |            0 |
+---------+---------------------------+--------+--------+-------+---------+----------+----------------+------------------+--------------+-------------+---------+--------------+
|      29 | 2022-12-23 00:00:00-05:00 |  78.18 |  80.33 | 77.98 |   79.56 |   237711 |              1 |                1 |            1 |           0 |       3 |            0 |
+---------+---------------------------+--------+--------+-------+---------+----------+----------------+------------------+--------------+-------------+---------+--------------+
|      30 | 2022-12-27 00:00:00-05:00 |  79.9  |  81.18 | 79.16 |   79.53 |   199601 |              1 |                0 |            1 |           0 |       2 |           -1 |
+---------+---------------------------+--------+--------+-------+---------+----------+----------------+------------------+--------------+-------------+---------+--------------+
|      31 | 2022-12-28 00:00:00-05:00 |  79.89 |  79.92 | 77.3  |   78.96 |   207717 |              1 |                0 |            1 |           1 |       3 |            1 |
+---------+---------------------------+--------+--------+-------+---------+----------+----------------+------------------+--------------+-------------+---------+--------------+
|      32 | 2022-12-29 00:00:00-05:00 |  78.82 |  78.82 | 76.79 |   78.4  |   199858 |              1 |                0 |            1 |           1 |       3 |            0 |
+---------+---------------------------+--------+--------+-------+---------+----------+----------------+------------------+--------------+-------------+---------+--------------+
|      33 | 2022-12-30 00:00:00-05:00 |  78.73 |  80.67 | 77.71 |   80.26 |   205909 |              1 |                0 |            1 |           1 |       3 |            0 |
+---------+---------------------------+--------+--------+-------+---------+----------+----------------+------------------+--------------+-------------+---------+--------------+
|      34 | 2023-01-03 00:00:00-05:00 |  80.57 |  81.5  | 76.6  |   76.93 |   338520 |              1 |                0 |            1 |           1 |       3 |            0 |
+---------+---------------------------+--------+--------+-------+---------+----------+----------------+------------------+--------------+-------------+---------+--------------+
|      35 | 2023-01-04 00:00:00-05:00 |  77.25 |  77.42 | 72.73 |   72.84 |   352434 |              0 |                1 |            1 |           1 |       3 |            0 |
+---------+---------------------------+--------+--------+-------+---------+----------+----------------+------------------+--------------+-------------+---------+--------------+
|      36 | 2023-01-05 00:00:00-05:00 |  73.25 |  74.92 | 72.46 |   73.67 |   300731 |              0 |                1 |            1 |           1 |       3 |            0 |
+---------+---------------------------+--------+--------+-------+---------+----------+----------------+------------------+--------------+-------------+---------+--------------+
|      37 | 2023-01-06 00:00:00-05:00 |  73.97 |  75.47 | 73.24 |   73.77 |   258128 |              0 |                1 |            0 |           0 |       1 |           -2 |
+---------+---------------------------+--------+--------+-------+---------+----------+----------------+------------------+--------------+-------------+---------+--------------+
|      38 | 2023-01-09 00:00:00-05:00 |  73.47 |  76.74 | 73.47 |   74.63 |   329290 |              1 |                1 |            0 |           0 |       2 |            1 |
+---------+---------------------------+--------+--------+-------+---------+----------+----------------+------------------+--------------+-------------+---------+--------------+
|      39 | 2023-01-10 00:00:00-05:00 |  74.86 |  75.92 | 73.84 |   75.12 |   307430 |              0 |                1 |            0 |           0 |       1 |           -1 |
+---------+---------------------------+--------+--------+-------+---------+----------+----------------+------------------+--------------+-------------+---------+--------------+
|      40 | 2023-01-11 00:00:00-05:00 |  74.78 |  77.84 | 74.31 |   77.41 |   350891 |              1 |                1 |            1 |           0 |       3 |            2 |
+---------+---------------------------+--------+--------+-------+---------+----------+----------------+------------------+--------------+-------------+---------+--------------+
|      41 | 2023-01-12 00:00:00-05:00 |  77.7  |  79.16 | 77.1  |   78.39 |   307705 |              0 |                1 |            1 |           0 |       2 |           -1 |
+---------+---------------------------+--------+--------+-------+---------+----------+----------------+------------------+--------------+-------------+---------+--------------+
|      42 | 2023-01-13 00:00:00-05:00 |  78.32 |  80.11 | 77.97 |   79.86 |   283539 |              1 |                1 |            1 |           0 |       3 |            1 |
+---------+---------------------------+--------+--------+-------+---------+----------+----------------+------------------+--------------+-------------+---------+--------------+
|      43 | 2023-01-17 00:00:00-05:00 |  80.1  |  81.23 | 78.53 |   80.18 |   312275 |              1 |                0 |            1 |           0 |       2 |           -1 |
+---------+---------------------------+--------+--------+-------+---------+----------+----------------+------------------+--------------+-------------+---------+--------------+
|      44 | 2023-01-18 00:00:00-05:00 |  80.97 |  82.38 | 78.94 |   79.48 |    92549 |              0 |                0 |            1 |           0 |       1 |           -1 |
+---------+---------------------------+--------+--------+-------+---------+----------+----------------+------------------+--------------+-------------+---------+--------------+
|      45 | 2023-01-19 00:00:00-05:00 |  79.14 |  81.18 | 78.13 |   80.33 |    58863 |              1 |                0 |            1 |           0 |       2 |            1 |
+---------+---------------------------+--------+--------+-------+---------+----------+----------------+------------------+--------------+-------------+---------+--------------+
|      46 | 2023-01-20 00:00:00-05:00 |  80.6  |  81.64 | 79.69 |   81.31 |   300145 |              1 |                0 |            1 |           0 |       2 |            0 |
+---------+---------------------------+--------+--------+-------+---------+----------+----------------+------------------+--------------+-------------+---------+--------------+
|      47 | 2023-01-23 00:00:00-05:00 |  81.79 |  82.64 | 81.05 |   81.62 |   297076 |              1 |                0 |            1 |           1 |       3 |            1 |
+---------+---------------------------+--------+--------+-------+---------+----------+----------------+------------------+--------------+-------------+---------+--------------+
|      48 | 2023-01-24 00:00:00-05:00 |  81.62 |  82.22 | 79.66 |   80.13 |   288207 |              1 |                0 |            1 |           1 |       3 |            0 |
+---------+---------------------------+--------+--------+-------+---------+----------+----------------+------------------+--------------+-------------+---------+--------------+
|      49 | 2023-01-25 00:00:00-05:00 |  80.26 |  81.23 | 79.45 |   80.15 |   297234 |              1 |                0 |            1 |           1 |       3 |            0 |
+---------+---------------------------+--------+--------+-------+---------+----------+----------------+------------------+--------------+-------------+---------+--------------+
|      50 | 2023-01-26 00:00:00-05:00 |  80.48 |  82.14 | 79.92 |   81.01 |   291060 |              1 |                0 |            1 |           1 |       3 |            0 |
+---------+---------------------------+--------+--------+-------+---------+----------+----------------+------------------+--------------+-------------+---------+--------------+
|      51 | 2023-01-27 00:00:00-05:00 |  81.22 |  82.48 | 79.04 |   79.68 |   367588 |              1 |                0 |            1 |           1 |       3 |            0 |
+---------+---------------------------+--------+--------+-------+---------+----------+----------------+------------------+--------------+-------------+---------+--------------+
|      52 | 2023-01-30 00:00:00-05:00 |  80.04 |  80.49 | 77.66 |   77.9  |   327426 |              0 |                0 |            1 |           1 |       2 |           -1 |
+---------+---------------------------+--------+--------+-------+---------+----------+----------------+------------------+--------------+-------------+---------+--------------+
|      53 | 2023-01-31 00:00:00-05:00 |  77.91 |  79.25 | 76.55 |   78.87 |   312734 |              1 |                0 |            1 |           1 |       3 |            1 |
+---------+---------------------------+--------+--------+-------+---------+----------+----------------+------------------+--------------+-------------+---------+--------------+
|      54 | 2023-02-01 00:00:00-05:00 |  79.06 |  79.73 | 76.05 |   76.41 |   360859 |              0 |                0 |            0 |           1 |       1 |           -2 |
+---------+---------------------------+--------+--------+-------+---------+----------+----------------+------------------+--------------+-------------+---------+--------------+
|      55 | 2023-02-02 00:00:00-05:00 |  76.79 |  77.24 | 74.97 |   75.88 |   339755 |              0 |                1 |            0 |           1 |       2 |            1 |
+---------+---------------------------+--------+--------+-------+---------+----------+----------------+------------------+--------------+-------------+---------+--------------+
|      56 | 2023-02-03 00:00:00-05:00 |  75.92 |  78    | 73.1  |   73.39 |   413414 |              0 |                1 |            0 |           0 |       1 |           -1 |
+---------+---------------------------+--------+--------+-------+---------+----------+----------------+------------------+--------------+-------------+---------+--------------+
|      57 | 2023-02-06 00:00:00-05:00 |  73.23 |  74.51 | 72.25 |   74.11 |   380028 |              0 |                1 |            0 |           0 |       1 |            0 |
+---------+---------------------------+--------+--------+-------+---------+----------+----------------+------------------+--------------+-------------+---------+--------------+
|      58 | 2023-02-07 00:00:00-05:00 |  74.57 |  77.6  | 74.35 |   77.14 |   408279 |              0 |                1 |            0 |           0 |       1 |            0 |
+---------+---------------------------+--------+--------+-------+---------+----------+----------------+------------------+--------------+-------------+---------+--------------+
|      59 | 2023-02-08 00:00:00-05:00 |  77.49 |  78.57 | 77.08 |   78.47 |   353468 |              0 |                1 |            0 |           0 |       1 |            0 |
+---------+---------------------------+--------+--------+-------+---------+----------+----------------+------------------+--------------+-------------+---------+--------------+
|      60 | 2023-02-09 00:00:00-05:00 |  78.45 |  78.84 | 76.52 |   78.06 |   324156 |              0 |                1 |            0 |           0 |       1 |            0 |
+---------+---------------------------+--------+--------+-------+---------+----------+----------------+------------------+--------------+-------------+---------+--------------+
|      61 | 2023-02-10 00:00:00-05:00 |  77.68 |  80.33 | 77.47 |   79.72 |   356062 |              0 |                1 |            1 |           0 |       2 |            1 |
+---------+---------------------------+--------+--------+-------+---------+----------+----------------+------------------+--------------+-------------+---------+--------------+
|      62 | 2023-02-13 00:00:00-05:00 |  79.94 |  80.62 | 78.45 |   80.14 |   301299 |              1 |                0 |            1 |           1 |       3 |            1 |
+---------+---------------------------+--------+--------+-------+---------+----------+----------------+------------------+--------------+-------------+---------+--------------+
|      63 | 2023-02-14 00:00:00-05:00 |  79.06 |  79.61 | 77.46 |   79.06 |   299938 |              0 |                0 |            1 |           1 |       2 |           -1 |
+---------+---------------------------+--------+--------+-------+---------+----------+----------------+------------------+--------------+-------------+---------+--------------+
|      64 | 2023-02-15 00:00:00-05:00 |  78.83 |  79.15 | 77.25 |   78.59 |   264486 |              0 |                0 |            1 |           1 |       2 |            0 |
+---------+---------------------------+--------+--------+-------+---------+----------+----------------+------------------+--------------+-------------+---------+--------------+
|      65 | 2023-02-16 00:00:00-05:00 |  78.54 |  79.54 | 77.92 |   78.49 |   117600 |              0 |                0 |            1 |           1 |       2 |            0 |
+---------+---------------------------+--------+--------+-------+---------+----------+----------------+------------------+--------------+-------------+---------+--------------+
|      66 | 2023-02-17 00:00:00-05:00 |  78.07 |  78.25 | 75.06 |   76.34 |    93267 |              0 |                0 |            0 |           1 |       1 |           -1 |
+---------+---------------------------+--------+--------+-------+---------+----------+----------------+------------------+--------------+-------------+---------+--------------+
|      67 | 2023-02-21 00:00:00-05:00 |  76.53 |  77.51 | 75.69 |   76.16 |   402351 |              0 |                1 |            0 |           1 |       2 |            1 |
+---------+---------------------------+--------+--------+-------+---------+----------+----------------+------------------+--------------+-------------+---------+--------------+
|      68 | 2023-02-22 00:00:00-05:00 |  76.11 |  76.55 | 73.8  |   73.95 |   332018 |              0 |                1 |            0 |           1 |       2 |            0 |
+---------+---------------------------+--------+--------+-------+---------+----------+----------------+------------------+--------------+-------------+---------+--------------+
|      69 | 2023-02-23 00:00:00-05:00 |  73.92 |  75.99 | 73.83 |   75.39 |   333838 |              1 |                1 |            0 |           0 |       2 |            0 |
+---------+---------------------------+--------+--------+-------+---------+----------+----------------+------------------+--------------+-------------+---------+--------------+
|      70 | 2023-02-24 00:00:00-05:00 |  75.6  |  76.63 | 74.09 |   76.32 |   329254 |              1 |                1 |            0 |           0 |       2 |            0 |
+---------+---------------------------+--------+--------+-------+---------+----------+----------------+------------------+--------------+-------------+---------+--------------+
|      71 | 2023-02-27 00:00:00-05:00 |  76.42 |  76.82 | 74.99 |   75.68 |   266091 |              1 |                1 |            0 |           0 |       2 |            0 |
+---------+---------------------------+--------+--------+-------+---------+----------+----------------+------------------+--------------+-------------+---------+--------------+
|      72 | 2023-02-28 00:00:00-05:00 |  75.76 |  77.83 | 75.55 |   77.05 |   300093 |              1 |                1 |            0 |           0 |       2 |            0 |
+---------+---------------------------+--------+--------+-------+---------+----------+----------------+------------------+--------------+-------------+---------+--------------+
|      73 | 2023-03-01 00:00:00-05:00 |  76.85 |  77.85 | 76.12 |   77.69 |   342121 |              0 |                1 |            0 |           0 |       1 |           -1 |
+---------+---------------------------+--------+--------+-------+---------+----------+----------------+------------------+--------------+-------------+---------+--------------+
|      74 | 2023-03-02 00:00:00-05:00 |  77.74 |  78.59 | 77.23 |   78.16 |   260331 |              1 |                1 |            1 |           0 |       3 |            2 |
+---------+---------------------------+--------+--------+-------+---------+----------+----------------+------------------+--------------+-------------+---------+--------------+
|      75 | 2023-03-03 00:00:00-05:00 |  77.89 |  79.9  | 75.83 |   79.68 |   374201 |              1 |                1 |            1 |           1 |       4 |            1 |
+---------+---------------------------+--------+--------+-------+---------+----------+----------------+------------------+--------------+-------------+---------+--------------+
|      76 | 2023-03-06 00:00:00-05:00 |  79.92 |  80.63 | 78.32 |   80.46 |   292351 |              1 |                0 |            1 |           1 |       3 |           -1 |
+---------+---------------------------+--------+--------+-------+---------+----------+----------------+------------------+--------------+-------------+---------+--------------+
|      77 | 2023-03-07 00:00:00-05:00 |  80.5  |  80.94 | 77.06 |   77.58 |   398241 |              0 |                0 |            1 |           1 |       2 |           -1 |
+---------+---------------------------+--------+--------+-------+---------+----------+----------------+------------------+--------------+-------------+---------+--------------+
|      78 | 2023-03-08 00:00:00-05:00 |  77.32 |  77.73 | 76.11 |   76.66 |   335930 |              0 |                0 |            1 |           1 |       2 |            0 |
+---------+---------------------------+--------+--------+-------+---------+----------+----------------+------------------+--------------+-------------+---------+--------------+
|      79 | 2023-03-09 00:00:00-05:00 |  76.5  |  78.06 | 75.43 |   75.72 |   349960 |              0 |                0 |            0 |           1 |       1 |           -1 |
+---------+---------------------------+--------+--------+-------+---------+----------+----------------+------------------+--------------+-------------+---------+--------------+
|      80 | 2023-03-10 00:00:00-05:00 |  75.65 |  77.11 | 74.77 |   76.68 |   371834 |              1 |                1 |            0 |           1 |       3 |            2 |
+---------+---------------------------+--------+--------+-------+---------+----------+----------------+------------------+--------------+-------------+---------+--------------+
|      81 | 2023-03-13 00:00:00-04:00 |  76.6  |  77.47 | 72.3  |   74.8  |   457423 |              0 |                1 |            0 |           1 |       2 |           -1 |
+---------+---------------------------+--------+--------+-------+---------+----------+----------------+------------------+--------------+-------------+---------+--------------+
|      82 | 2023-03-14 00:00:00-04:00 |  74.7  |  74.9  | 70.78 |   71.33 |   432858 |              0 |                1 |            0 |           1 |       2 |            0 |
+---------+---------------------------+--------+--------+-------+---------+----------+----------------+------------------+--------------+-------------+---------+--------------+
|      83 | 2023-03-15 00:00:00-04:00 |  71.56 |  72.56 | 65.65 |   67.61 |   555164 |              0 |                1 |            0 |           1 |       2 |            0 |
+---------+---------------------------+--------+--------+-------+---------+----------+----------------+------------------+--------------+-------------+---------+--------------+
|      84 | 2023-03-16 00:00:00-04:00 |  68.22 |  69.38 | 65.71 |   68.35 |   327120 |              0 |                1 |            0 |           1 |       2 |            0 |
+---------+---------------------------+--------+--------+-------+---------+----------+----------------+------------------+--------------+-------------+---------+--------------+
|      85 | 2023-03-17 00:00:00-04:00 |  68.26 |  69.64 | 65.17 |   66.74 |   152255 |              0 |                1 |            0 |           1 |       2 |            0 |
+---------+---------------------------+--------+--------+-------+---------+----------+----------------+------------------+--------------+-------------+---------+--------------+
|      86 | 2023-03-20 00:00:00-04:00 |  66.62 |  67.7  | 64.12 |   67.64 |    76873 |              0 |                1 |            0 |           0 |       1 |           -1 |
+---------+---------------------------+--------+--------+-------+---------+----------+----------------+------------------+--------------+-------------+---------+--------------+
|      87 | 2023-03-21 00:00:00-04:00 |  67.62 |  69.6  | 66.77 |   69.33 |   409495 |              0 |                1 |            0 |           0 |       1 |            0 |
+---------+---------------------------+--------+--------+-------+---------+----------+----------------+------------------+--------------+-------------+---------+--------------+
|      88 | 2023-03-22 00:00:00-04:00 |  69.48 |  71.31 | 68.89 |   70.9  |   337639 |              0 |                1 |            0 |           0 |       1 |            0 |
+---------+---------------------------+--------+--------+-------+---------+----------+----------------+------------------+--------------+-------------+---------+--------------+
|      89 | 2023-03-23 00:00:00-04:00 |  69.95 |  71.67 | 69.14 |   69.96 |   335241 |              0 |                1 |            0 |           0 |       1 |            0 |
+---------+---------------------------+--------+--------+-------+---------+----------+----------------+------------------+--------------+-------------+---------+--------------+
|      90 | 2023-03-24 00:00:00-04:00 |  69.51 |  70.38 | 66.82 |   69.26 |   380852 |              0 |                1 |            0 |           0 |       1 |            0 |
+---------+---------------------------+--------+--------+-------+---------+----------+----------------+------------------+--------------+-------------+---------+--------------+
|      91 | 2023-03-27 00:00:00-04:00 |  69.42 |  73.1  | 69.13 |   72.81 |   353598 |              1 |                1 |            0 |           0 |       2 |            1 |
+---------+---------------------------+--------+--------+-------+---------+----------+----------------+------------------+--------------+-------------+---------+--------------+
|      92 | 2023-03-28 00:00:00-04:00 |  72.86 |  73.93 | 72.19 |   73.2  |   328472 |              1 |                1 |            1 |           0 |       3 |            1 |
+---------+---------------------------+--------+--------+-------+---------+----------+----------------+------------------+--------------+-------------+---------+--------------+
|      93 | 2023-03-29 00:00:00-04:00 |  73.61 |  74.37 | 72.76 |   72.97 |   312669 |              1 |                1 |            1 |           0 |       3 |            0 |
+---------+---------------------------+--------+--------+-------+---------+----------+----------------+------------------+--------------+-------------+---------+--------------+
|      94 | 2023-03-30 00:00:00-04:00 |  72.98 |  74.63 | 72.61 |   74.37 |   269743 |              1 |                1 |            1 |           0 |       3 |            0 |
+---------+---------------------------+--------+--------+-------+---------+----------+----------------+------------------+--------------+-------------+---------+--------------+
|      95 | 2023-03-31 00:00:00-04:00 |  74.37 |  75.72 | 73.77 |   75.67 |   304361 |              1 |                1 |            1 |           0 |       3 |            0 |
+---------+---------------------------+--------+--------+-------+---------+----------+----------------+------------------+--------------+-------------+---------+--------------+
|      96 | 2023-04-03 00:00:00-04:00 |  80.1  |  81.69 | 79    |   80.42 |   547126 |              1 |                1 |            1 |           0 |       3 |            0 |
+---------+---------------------------+--------+--------+-------+---------+----------+----------------+------------------+--------------+-------------+---------+--------------+
|      97 | 2023-04-04 00:00:00-04:00 |  80.44 |  81.81 | 79.61 |   80.71 |   343570 |              1 |                0 |            1 |           0 |       2 |           -1 |
+---------+---------------------------+--------+--------+-------+---------+----------+----------------+------------------+--------------+-------------+---------+--------------+
|      98 | 2023-04-05 00:00:00-04:00 |  81.01 |  81.24 | 79.72 |   80.61 |   254974 |              1 |                0 |            1 |           0 |       2 |            0 |
+---------+---------------------------+--------+--------+-------+---------+----------+----------------+------------------+--------------+-------------+---------+--------------+
|      99 | 2023-04-06 00:00:00-04:00 |  80.37 |  80.96 | 79.65 |   80.7  |        0 |              1 |                0 |            1 |           0 |       2 |            0 |
+---------+---------------------------+--------+--------+-------+---------+----------+----------------+------------------+--------------+-------------+---------+--------------+
|     100 | 2023-04-10 00:00:00-04:00 |  80.5  |  81.22 | 79.61 |   79.74 |   264906 |              1 |                0 |            1 |           0 |       2 |            0 |
+---------+---------------------------+--------+--------+-------+---------+----------+----------------+------------------+--------------+-------------+---------+--------------+
|     101 | 2023-04-11 00:00:00-04:00 |  79.88 |  81.59 | 79.37 |   81.53 |   309683 |              1 |                0 |            1 |           0 |       2 |            0 |
+---------+---------------------------+--------+--------+-------+---------+----------+----------------+------------------+--------------+-------------+---------+--------------+
|     102 | 2023-04-12 00:00:00-04:00 |  81.44 |  83.53 | 81.28 |   83.26 |   356133 |              1 |                0 |            1 |           0 |       2 |            0 |
+---------+---------------------------+--------+--------+-------+---------+----------+----------------+------------------+--------------+-------------+---------+--------------+
|     103 | 2023-04-13 00:00:00-04:00 |  83.22 |  83.44 | 82.11 |   82.16 |   261230 |              1 |                0 |            1 |           1 |       3 |            1 |
+---------+---------------------------+--------+--------+-------+---------+----------+----------------+------------------+--------------+-------------+---------+--------------+
|     104 | 2023-04-14 00:00:00-04:00 |  82.4  |  83.12 | 81.76 |   82.52 |   275129 |              1 |                0 |            1 |           1 |       3 |            0 |
+---------+---------------------------+--------+--------+-------+---------+----------+----------------+------------------+--------------+-------------+---------+--------------+
|     105 | 2023-04-17 00:00:00-04:00 |  82.48 |  82.71 | 80.47 |   80.83 |   217048 |              1 |                0 |            1 |           1 |       3 |            0 |
+---------+---------------------------+--------+--------+-------+---------+----------+----------------+------------------+--------------+-------------+---------+--------------+
|     106 | 2023-04-18 00:00:00-04:00 |  81    |  81.48 | 79.87 |   80.86 |    96290 |              1 |                0 |            1 |           1 |       3 |            0 |
+---------+---------------------------+--------+--------+-------+---------+----------+----------------+------------------+--------------+-------------+---------+--------------+
|     107 | 2023-04-19 00:00:00-04:00 |  80.92 |  81.18 | 78.46 |   79.16 |    78310 |              0 |                0 |            1 |           1 |       2 |           -1 |
+---------+---------------------------+--------+--------+-------+---------+----------+----------------+------------------+--------------+-------------+---------+--------------+
|     108 | 2023-04-20 00:00:00-04:00 |  78.87 |  78.89 | 76.97 |   77.29 |   361413 |              0 |                0 |            0 |           1 |       1 |           -1 |
+---------+---------------------------+--------+--------+-------+---------+----------+----------------+------------------+--------------+-------------+---------+--------------+
|     109 | 2023-04-21 00:00:00-04:00 |  77.13 |  78.39 | 76.72 |   77.87 |   291114 |              0 |                0 |            0 |           1 |       1 |            0 |
+---------+---------------------------+--------+--------+-------+---------+----------+----------------+------------------+--------------+-------------+---------+--------------+
|     110 | 2023-04-24 00:00:00-04:00 |  77.97 |  79.18 | 76.72 |   78.76 |   306720 |              0 |                0 |            0 |           1 |       1 |            0 |
+---------+---------------------------+--------+--------+-------+---------+----------+----------------+------------------+--------------+-------------+---------+--------------+
|     111 | 2023-04-25 00:00:00-04:00 |  78.74 |  79.07 | 76.5  |   77.07 |   361646 |              0 |                0 |            0 |           1 |       1 |            0 |
+---------+---------------------------+--------+--------+-------+---------+----------+----------------+------------------+--------------+-------------+---------+--------------+
|     112 | 2023-04-26 00:00:00-04:00 |  77.08 |  77.93 | 74.05 |   74.3  |   497778 |              0 |                0 |            0 |           1 |       1 |            0 |
+---------+---------------------------+--------+--------+-------+---------+----------+----------------+------------------+--------------+-------------+---------+--------------+
|     113 | 2023-04-27 00:00:00-04:00 |  74.38 |  75.28 | 74.03 |   74.76 |   345880 |              0 |                1 |            0 |           1 |       2 |            1 |
+---------+---------------------------+--------+--------+-------+---------+----------+----------------+------------------+--------------+-------------+---------+--------------+
|     114 | 2023-04-28 00:00:00-04:00 |  74.91 |  76.92 | 73.93 |   76.78 |   328399 |              0 |                1 |            0 |           1 |       2 |            0 |
+---------+---------------------------+--------+--------+-------+---------+----------+----------------+------------------+--------------+-------------+---------+--------------+
|     115 | 2023-05-01 00:00:00-04:00 |  76.66 |  76.69 | 74.53 |   75.66 |   215017 |              0 |                1 |            0 |           1 |       2 |            0 |
+---------+---------------------------+--------+--------+-------+---------+----------+----------------+------------------+--------------+-------------+---------+--------------+
|     116 | 2023-05-02 00:00:00-04:00 |  75.76 |  76.11 | 71.42 |   71.66 |   417820 |              0 |                1 |            0 |           1 |       2 |            0 |
+---------+---------------------------+--------+--------+-------+---------+----------+----------------+------------------+--------------+-------------+---------+--------------+
|     117 | 2023-05-03 00:00:00-04:00 |  71.56 |  71.79 | 67.95 |   68.6  |   490523 |              0 |                1 |            0 |           1 |       2 |            0 |
+---------+---------------------------+--------+--------+-------+---------+----------+----------------+------------------+--------------+-------------+---------+--------------+
|     118 | 2023-05-04 00:00:00-04:00 |  68.16 |  69.84 | 63.64 |   68.56 |   412495 |              0 |                1 |            0 |           0 |       1 |           -1 |
+---------+---------------------------+--------+--------+-------+---------+----------+----------------+------------------+--------------+-------------+---------+--------------+
|     119 | 2023-05-05 00:00:00-04:00 |  68.7  |  71.81 | 68.48 |   71.34 |   330585 |              0 |                1 |            0 |           0 |       1 |            0 |
+---------+---------------------------+--------+--------+-------+---------+----------+----------------+------------------+--------------+-------------+---------+--------------+
|     120 | 2023-05-08 00:00:00-04:00 |  71.35 |  73.69 | 71.04 |   73.16 |   290076 |              0 |                1 |            0 |           0 |       1 |            0 |
+---------+---------------------------+--------+--------+-------+---------+----------+----------------+------------------+--------------+-------------+---------+--------------+
|     121 | 2023-05-09 00:00:00-04:00 |  72.84 |  73.78 | 71.34 |   73.71 |   317493 |              1 |                1 |            0 |           1 |       3 |            2 |
+---------+---------------------------+--------+--------+-------+---------+----------+----------------+------------------+--------------+-------------+---------+--------------+
|     122 | 2023-05-10 00:00:00-04:00 |  73.58 |  73.89 | 71.8  |   72.56 |   351506 |              1 |                1 |            0 |           1 |       3 |            0 |
+---------+---------------------------+--------+--------+-------+---------+----------+----------------+------------------+--------------+-------------+---------+--------------+
|     123 | 2023-05-11 00:00:00-04:00 |  72.77 |  73.5  | 70.63 |   70.87 |   365892 |              0 |                1 |            0 |           1 |       2 |           -1 |
+---------+---------------------------+--------+--------+-------+---------+----------+----------------+------------------+--------------+-------------+---------+--------------+
|     124 | 2023-05-12 00:00:00-04:00 |  71.42 |  71.78 | 69.93 |   70.04 |   275435 |              0 |                1 |            0 |           0 |       1 |           -1 |
+---------+---------------------------+--------+--------+-------+---------+----------+----------------+------------------+--------------+-------------+---------+--------------+
|     125 | 2023-05-15 00:00:00-04:00 |  70.04 |  71.69 | 69.41 |   71.11 |   259013 |              1 |                1 |            0 |           0 |       2 |            1 |
+---------+---------------------------+--------+--------+-------+---------+----------+----------------+------------------+--------------+-------------+---------+--------------+
|     126 | 2023-05-16 00:00:00-04:00 |  71.32 |  71.79 | 70.45 |   70.86 |   232328 |              1 |                1 |            0 |           0 |       2 |            0 |
+---------+---------------------------+--------+--------+-------+---------+----------+----------------+------------------+--------------+-------------+---------+--------------+
|     127 | 2023-05-17 00:00:00-04:00 |  70.6  |  73.26 | 70.04 |   72.83 |   273708 |              1 |                1 |            0 |           0 |       2 |            0 |
+---------+---------------------------+--------+--------+-------+---------+----------+----------------+------------------+--------------+-------------+---------+--------------+
|     128 | 2023-05-18 00:00:00-04:00 |  72.75 |  72.87 | 71.42 |   71.86 |    80864 |              0 |                1 |            0 |           0 |       1 |           -1 |
+---------+---------------------------+--------+--------+-------+---------+----------+----------------+------------------+--------------+-------------+---------+--------------+
|     129 | 2023-05-19 00:00:00-04:00 |  71.94 |  73.4  | 71.03 |   71.55 |    69949 |              1 |                1 |            1 |           0 |       3 |            2 |
+---------+---------------------------+--------+--------+-------+---------+----------+----------------+------------------+--------------+-------------+---------+--------------+
|     130 | 2023-05-22 00:00:00-04:00 |  71.7  |  72.36 | 70.55 |   71.99 |   263977 |              1 |                1 |            1 |           0 |       3 |            0 |
+---------+---------------------------+--------+--------+-------+---------+----------+----------------+------------------+--------------+-------------+---------+--------------+
|     131 | 2023-05-23 00:00:00-04:00 |  72.1  |  73.79 | 71.71 |   72.91 |   317586 |              1 |                1 |            1 |           0 |       3 |            0 |
+---------+---------------------------+--------+--------+-------+---------+----------+----------------+------------------+--------------+-------------+---------+--------------+
|     132 | 2023-05-24 00:00:00-04:00 |  73.77 |  74.73 | 73.13 |   74.34 |   386611 |              1 |                1 |            1 |           1 |       4 |            1 |
+---------+---------------------------+--------+--------+-------+---------+----------+----------------+------------------+--------------+-------------+---------+--------------+
|     133 | 2023-05-25 00:00:00-04:00 |  74.21 |  74.37 | 70.98 |   71.83 |   422637 |              1 |                1 |            1 |           1 |       4 |            0 |
+---------+---------------------------+--------+--------+-------+---------+----------+----------------+------------------+--------------+-------------+---------+--------------+
|     134 | 2023-05-26 00:00:00-04:00 |  71.89 |  73.05 | 71.49 |   72.67 |   261498 |              1 |                1 |            1 |           1 |       4 |            0 |
+---------+---------------------------+--------+--------+-------+---------+----------+----------------+------------------+--------------+-------------+---------+--------------+
|     135 | 2023-05-30 00:00:00-04:00 |  73.23 |  73.55 | 69.02 |   69.46 |   440862 |              0 |                1 |            1 |           1 |       3 |           -1 |
+---------+---------------------------+--------+--------+-------+---------+----------+----------------+------------------+--------------+-------------+---------+--------------+
|     136 | 2023-05-31 00:00:00-04:00 |  69.62 |  69.69 | 67.03 |   68.09 |   444787 |              0 |                1 |            0 |           0 |       1 |           -2 |
+---------+---------------------------+--------+--------+-------+---------+----------+----------------+------------------+--------------+-------------+---------+--------------+
|     137 | 2023-06-01 00:00:00-04:00 |  67.6  |  71.07 | 67.51 |   70.1  |   395393 |              1 |                1 |            0 |           0 |       2 |            1 |
+---------+---------------------------+--------+--------+-------+---------+----------+----------------+------------------+--------------+-------------+---------+--------------+
|     138 | 2023-06-02 00:00:00-04:00 |  70.21 |  72.17 | 70    |   71.74 |   322596 |              1 |                1 |            1 |           0 |       3 |            1 |
+---------+---------------------------+--------+--------+-------+---------+----------+----------------+------------------+--------------+-------------+---------+--------------+
|     139 | 2023-06-05 00:00:00-04:00 |  75.03 |  75.06 | 71.73 |   72.15 |   383943 |              1 |                1 |            1 |           0 |       3 |            0 |
+---------+---------------------------+--------+--------+-------+---------+----------+----------------+------------------+--------------+-------------+---------+--------------+
|     140 | 2023-06-06 00:00:00-04:00 |  71.99 |  72.33 | 70.13 |   71.74 |   314962 |              1 |                1 |            1 |           1 |       4 |            1 |
+---------+---------------------------+--------+--------+-------+---------+----------+----------------+------------------+--------------+-------------+---------+--------------+
|     141 | 2023-06-07 00:00:00-04:00 |  71.56 |  73.19 | 71.01 |   72.53 |   299127 |              1 |                1 |            1 |           1 |       4 |            0 |
+---------+---------------------------+--------+--------+-------+---------+----------+----------------+------------------+--------------+-------------+---------+--------------+
|     142 | 2023-06-08 00:00:00-04:00 |  72.47 |  73.28 | 69.03 |   71.29 |   485396 |              1 |                1 |            1 |           1 |       4 |            0 |
+---------+---------------------------+--------+--------+-------+---------+----------+----------------+------------------+--------------+-------------+---------+--------------+
|     143 | 2023-06-09 00:00:00-04:00 |  70.94 |  71.77 | 70.1  |   70.17 |   300724 |              0 |                1 |            1 |           1 |       3 |           -1 |
+---------+---------------------------+--------+--------+-------+---------+----------+----------------+------------------+--------------+-------------+---------+--------------+
|     144 | 2023-06-12 00:00:00-04:00 |  70.27 |  70.33 | 66.8  |   67.12 |   404769 |              0 |                1 |            0 |           1 |       2 |           -1 |
+---------+---------------------------+--------+--------+-------+---------+----------+----------------+------------------+--------------+-------------+---------+--------------+
|     145 | 2023-06-13 00:00:00-04:00 |  67.31 |  69.83 | 67.15 |   69.42 |   366354 |              0 |                1 |            0 |           0 |       1 |           -1 |
+---------+---------------------------+--------+--------+-------+---------+----------+----------------+------------------+--------------+-------------+---------+--------------+
|     146 | 2023-06-14 00:00:00-04:00 |  69.35 |  70.49 | 68.07 |   68.27 |   304449 |              0 |                1 |            0 |           0 |       1 |            0 |
+---------+---------------------------+--------+--------+-------+---------+----------+----------------+------------------+--------------+-------------+---------+--------------+
|     147 | 2023-06-15 00:00:00-04:00 |  68.7  |  70.96 | 67.97 |   70.62 |   115613 |              1 |                1 |            0 |           0 |       2 |            1 |
+---------+---------------------------+--------+--------+-------+---------+----------+----------------+------------------+--------------+-------------+---------+--------------+
|     148 | 2023-06-16 00:00:00-04:00 |  70.55 |  71.89 | 69.95 |   71.78 |    99185 |              1 |                1 |            1 |           0 |       3 |            1 |
+---------+---------------------------+--------+--------+-------+---------+----------+----------------+------------------+--------------+-------------+---------+--------------+
|     149 | 2023-06-20 00:00:00-04:00 |  71.45 |  72.09 | 69.65 |   70.5  |   430492 |              1 |                1 |            1 |           1 |       4 |            1 |
+---------+---------------------------+--------+--------+-------+---------+----------+----------------+------------------+--------------+-------------+---------+--------------+
|     150 | 2023-06-21 00:00:00-04:00 |  70.9  |  72.72 | 70.8  |   72.53 |   264656 |              1 |                1 |            1 |           1 |       4 |            0 |
+---------+---------------------------+--------+--------+-------+---------+----------+----------------+------------------+--------------+-------------+---------+--------------+
|     151 | 2023-06-22 00:00:00-04:00 |  72.43 |  72.65 | 68.93 |   69.51 |   421348 |              1 |                1 |            1 |           1 |       4 |            0 |
+---------+---------------------------+--------+--------+-------+---------+----------+----------------+------------------+--------------+-------------+---------+--------------+
|     152 | 2023-06-23 00:00:00-04:00 |  69.53 |  69.65 | 67.35 |   69.16 |   322475 |              0 |                1 |            1 |           1 |       3 |           -1 |
+---------+---------------------------+--------+--------+-------+---------+----------+----------------+------------------+--------------+-------------+---------+--------------+
|     153 | 2023-06-26 00:00:00-04:00 |  69.84 |  70.11 | 68.71 |   69.37 |   280116 |              0 |                1 |            1 |           1 |       3 |            0 |
+---------+---------------------------+--------+--------+-------+---------+----------+----------------+------------------+--------------+-------------+---------+--------------+
|     154 | 2023-06-27 00:00:00-04:00 |  69.49 |  70.15 | 67.5  |   67.7  |   384752 |              0 |                1 |            0 |           0 |       1 |           -2 |
+---------+---------------------------+--------+--------+-------+---------+----------+----------------+------------------+--------------+-------------+---------+--------------+
|     155 | 2023-06-28 00:00:00-04:00 |  68.01 |  69.73 | 67.05 |   69.56 |   368295 |              0 |                1 |            0 |           0 |       1 |            0 |
+---------+---------------------------+--------+--------+-------+---------+----------+----------------+------------------+--------------+-------------+---------+--------------+
|     156 | 2023-06-29 00:00:00-04:00 |  69.25 |  70.6  | 68.93 |   69.86 |   292865 |              1 |                1 |            1 |           0 |       3 |            2 |
+---------+---------------------------+--------+--------+-------+---------+----------+----------------+------------------+--------------+-------------+---------+--------------+
|     157 | 2023-06-30 00:00:00-04:00 |  69.82 |  71.04 | 69.53 |   70.64 |   299873 |              1 |                1 |            1 |           0 |       3 |            0 |
+---------+---------------------------+--------+--------+-------+---------+----------+----------------+------------------+--------------+-------------+---------+--------------+
|     158 | 2023-07-03 00:00:00-04:00 |  70.45 |  71.77 | 69.69 |   69.79 |   303479 |              1 |                1 |            1 |           0 |       3 |            0 |
+---------+---------------------------+--------+--------+-------+---------+----------+----------------+------------------+--------------+-------------+---------+--------------+
|     159 | 2023-07-05 00:00:00-04:00 |  70.15 |  72.17 | 69.9  |   71.79 |   456809 |              1 |                1 |            1 |           0 |       3 |            0 |
+---------+---------------------------+--------+--------+-------+---------+----------+----------------+------------------+--------------+-------------+---------+--------------+
|     160 | 2023-07-06 00:00:00-04:00 |  71.8  |  72.34 | 70.22 |   71.8  |   395381 |              1 |                1 |            1 |           0 |       3 |            0 |
+---------+---------------------------+--------+--------+-------+---------+----------+----------------+------------------+--------------+-------------+---------+--------------+
|     161 | 2023-07-07 00:00:00-04:00 |  71.89 |  73.92 | 71.19 |   73.86 |   362632 |              1 |                1 |            1 |           0 |       3 |            0 |
+---------+---------------------------+--------+--------+-------+---------+----------+----------------+------------------+--------------+-------------+---------+--------------+
|     162 | 2023-07-10 00:00:00-04:00 |  73.86 |  74.15 | 72.67 |   72.99 |   301014 |              1 |                1 |            1 |           0 |       3 |            0 |
+---------+---------------------------+--------+--------+-------+---------+----------+----------------+------------------+--------------+-------------+---------+--------------+
|     163 | 2023-07-11 00:00:00-04:00 |  73.19 |  74.96 | 72.98 |   74.83 |   326883 |              1 |                1 |            1 |           0 |       3 |            0 |
+---------+---------------------------+--------+--------+-------+---------+----------+----------------+------------------+--------------+-------------+---------+--------------+
|     164 | 2023-07-12 00:00:00-04:00 |  74.83 |  76.15 | 74.67 |   75.75 |   352887 |              1 |                1 |            1 |           0 |       3 |            0 |
+---------+---------------------------+--------+--------+-------+---------+----------+----------------+------------------+--------------+-------------+---------+--------------+
|     165 | 2023-07-13 00:00:00-04:00 |  75.85 |  77.33 | 75.32 |   76.89 |   379728 |              1 |                1 |            1 |           0 |       3 |            0 |
+---------+---------------------------+--------+--------+-------+---------+----------+----------------+------------------+--------------+-------------+---------+--------------+
|     166 | 2023-07-14 00:00:00-04:00 |  77.16 |  77.3  | 75.11 |   75.42 |   299576 |              1 |                0 |            1 |           0 |       2 |           -1 |
+---------+---------------------------+--------+--------+-------+---------+----------+----------------+------------------+--------------+-------------+---------+--------------+
|     167 | 2023-07-17 00:00:00-04:00 |  75.02 |  76.09 | 73.84 |   74.15 |   244785 |              1 |                0 |            1 |           0 |       2 |            0 |
+---------+---------------------------+--------+--------+-------+---------+----------+----------------+------------------+--------------+-------------+---------+--------------+
|     168 | 2023-07-18 00:00:00-04:00 |  74.18 |  75.96 | 73.88 |   75.75 |   125092 |              1 |                0 |            1 |           0 |       2 |            0 |
+---------+---------------------------+--------+--------+-------+---------+----------+----------------+------------------+--------------+-------------+---------+--------------+
|     169 | 2023-07-19 00:00:00-04:00 |  75.84 |  76.97 | 75.07 |   75.35 |    92920 |              1 |                0 |            1 |           0 |       2 |            0 |
+---------+---------------------------+--------+--------+-------+---------+----------+----------------+------------------+--------------+-------------+---------+--------------+
|     170 | 2023-07-20 00:00:00-04:00 |  75.35 |  76.15 | 74.72 |   75.63 |   340962 |              1 |                0 |            1 |           0 |       2 |            0 |
+---------+---------------------------+--------+--------+-------+---------+----------+----------------+------------------+--------------+-------------+---------+--------------+
|     171 | 2023-07-21 00:00:00-04:00 |  75.7  |  77.29 | 75.69 |   77.07 |   308106 |              1 |                0 |            1 |           0 |       2 |            0 |
+---------+---------------------------+--------+--------+-------+---------+----------+----------------+------------------+--------------+-------------+---------+--------------+
|     172 | 2023-07-24 00:00:00-04:00 |  77.01 |  79.28 | 76.44 |   78.74 |   368285 |              1 |                0 |            1 |           0 |       2 |            0 |
+---------+---------------------------+--------+--------+-------+---------+----------+----------------+------------------+--------------+-------------+---------+--------------+
|     173 | 2023-07-25 00:00:00-04:00 |  78.85 |  79.9  | 78.29 |   79.63 |   349600 |              1 |                0 |            1 |           0 |       2 |            0 |
+---------+---------------------------+--------+--------+-------+---------+----------+----------------+------------------+--------------+-------------+---------+--------------+
|     174 | 2023-07-26 00:00:00-04:00 |  79.34 |  79.77 | 78.55 |   78.78 |   322031 |              1 |                0 |            1 |           0 |       2 |            0 |
+---------+---------------------------+--------+--------+-------+---------+----------+----------------+------------------+--------------+-------------+---------+--------------+
|     175 | 2023-07-27 00:00:00-04:00 |  78.9  |  80.6  | 78.87 |   80.09 |   374358 |              1 |                0 |            1 |           0 |       2 |            0 |
+---------+---------------------------+--------+--------+-------+---------+----------+----------------+------------------+--------------+-------------+---------+--------------+
|     176 | 2023-07-28 00:00:00-04:00 |  79.84 |  80.71 | 79.07 |   80.58 |   299547 |              1 |                0 |            1 |           0 |       2 |            0 |
+---------+---------------------------+--------+--------+-------+---------+----------+----------------+------------------+--------------+-------------+---------+--------------+
|     177 | 2023-07-31 00:00:00-04:00 |  80.65 |  82    | 80.13 |   81.8  |   297270 |              1 |                0 |            1 |           0 |       2 |            0 |
+---------+---------------------------+--------+--------+-------+---------+----------+----------------+------------------+--------------+-------------+---------+--------------+
|     178 | 2023-08-01 00:00:00-04:00 |  81.73 |  82.22 | 80.59 |   81.37 |   307859 |              1 |                0 |            1 |           0 |       2 |            0 |
+---------+---------------------------+--------+--------+-------+---------+----------+----------------+------------------+--------------+-------------+---------+--------------+
|     179 | 2023-08-02 00:00:00-04:00 |  82.05 |  82.43 | 79.05 |   79.49 |   414825 |              0 |                0 |            1 |           0 |       1 |           -1 |
+---------+---------------------------+--------+--------+-------+---------+----------+----------------+------------------+--------------+-------------+---------+--------------+
|     180 | 2023-08-03 00:00:00-04:00 |  79.77 |  81.86 | 78.69 |   81.55 |   402641 |              1 |                0 |            1 |           0 |       2 |            1 |
+---------+---------------------------+--------+--------+-------+---------+----------+----------------+------------------+--------------+-------------+---------+--------------+
|     181 | 2023-08-04 00:00:00-04:00 |  81.73 |  83.24 | 81.51 |   82.82 |   320873 |              1 |                0 |            1 |           0 |       2 |            0 |
+---------+---------------------------+--------+--------+-------+---------+----------+----------------+------------------+--------------+-------------+---------+--------------+
|     182 | 2023-08-07 00:00:00-04:00 |  82.82 |  83.3  | 81.52 |   81.94 |   293036 |              1 |                0 |            1 |           0 |       2 |            0 |
+---------+---------------------------+--------+--------+-------+---------+----------+----------------+------------------+--------------+-------------+---------+--------------+
|     183 | 2023-08-08 00:00:00-04:00 |  82.53 |  83.08 | 79.9  |   82.92 |   424545 |              1 |                0 |            1 |           0 |       2 |            0 |
+---------+---------------------------+--------+--------+-------+---------+----------+----------------+------------------+--------------+-------------+---------+--------------+
|     184 | 2023-08-09 00:00:00-04:00 |  82.88 |  84.65 | 82.67 |   84.4  |   478140 |              1 |                0 |            1 |           1 |       3 |            1 |
+---------+---------------------------+--------+--------+-------+---------+----------+----------------+------------------+--------------+-------------+---------+--------------+
|     185 | 2023-08-10 00:00:00-04:00 |  84.25 |  84.89 | 82.58 |   82.82 |   362188 |              0 |                0 |            1 |           1 |       2 |           -1 |
+---------+---------------------------+--------+--------+-------+---------+----------+----------------+------------------+--------------+-------------+---------+--------------+
|     186 | 2023-08-11 00:00:00-04:00 |  82.83 |  83.81 | 82.23 |   83.19 |   331254 |              0 |                0 |            1 |           1 |       2 |            0 |
+---------+---------------------------+--------+--------+-------+---------+----------+----------------+------------------+--------------+-------------+---------+--------------+
|     187 | 2023-08-14 00:00:00-04:00 |  83.09 |  83.2  | 81.76 |   82.51 |   277352 |              0 |                0 |            0 |           1 |       1 |           -1 |
+---------+---------------------------+--------+--------+-------+---------+----------+----------------+------------------+--------------+-------------+---------+--------------+
|     188 | 2023-08-15 00:00:00-04:00 |  82.52 |  82.91 | 80.4  |   80.99 |   303207 |              0 |                0 |            0 |           1 |       1 |            0 |
+---------+---------------------------+--------+--------+-------+---------+----------+----------------+------------------+--------------+-------------+---------+--------------+
|     189 | 2023-08-16 00:00:00-04:00 |  81.23 |  81.43 | 79.05 |   79.38 |   325403 |              0 |                0 |            0 |           1 |       1 |            0 |
+---------+---------------------------+--------+--------+-------+---------+----------+----------------+------------------+--------------+-------------+---------+--------------+
|     190 | 2023-08-17 00:00:00-04:00 |  79.25 |  81.08 | 78.95 |   80.39 |   235581 |              0 |                0 |            0 |           1 |       1 |            0 |
+---------+---------------------------+--------+--------+-------+---------+----------+----------------+------------------+--------------+-------------+---------+--------------+
|     191 | 2023-08-18 00:00:00-04:00 |  80.04 |  81.61 | 79.59 |   81.25 |   128090 |              0 |                0 |            0 |           1 |       1 |            0 |
+---------+---------------------------+--------+--------+-------+---------+----------+----------------+------------------+--------------+-------------+---------+--------------+
|     192 | 2023-08-21 00:00:00-04:00 |  81.43 |  82.47 | 80.61 |   80.72 |   115874 |              0 |                0 |            0 |           1 |       1 |            0 |
+---------+---------------------------+--------+--------+-------+---------+----------+----------------+------------------+--------------+-------------+---------+--------------+
|     193 | 2023-08-22 00:00:00-04:00 |  80.8  |  80.99 | 80.1  |   80.35 |   287489 |              0 |                0 |            0 |           1 |       1 |            0 |
+---------+---------------------------+--------+--------+-------+---------+----------+----------------+------------------+--------------+-------------+---------+--------------+
|     194 | 2023-08-23 00:00:00-04:00 |  79.64 |  79.91 | 77.62 |   78.89 |   378146 |              0 |                0 |            0 |           1 |       1 |            0 |
+---------+---------------------------+--------+--------+-------+---------+----------+----------------+------------------+--------------+-------------+---------+--------------+
|     195 | 2023-08-24 00:00:00-04:00 |  78.57 |  79.28 | 77.59 |   79.05 |   349230 |              0 |                0 |            0 |           0 |       0 |           -1 |
+---------+---------------------------+--------+--------+-------+---------+----------+----------------+------------------+--------------+-------------+---------+--------------+
|     196 | 2023-08-25 00:00:00-04:00 |  78.88 |  80.45 | 78.14 |   79.83 |   411409 |              0 |                0 |            0 |           0 |       0 |            0 |
+---------+---------------------------+--------+--------+-------+---------+----------+----------------+------------------+--------------+-------------+---------+--------------+
|     197 | 2023-08-28 00:00:00-04:00 |  80.15 |  80.87 | 79.61 |   80.1  |   246584 |              0 |                0 |            0 |           0 |       0 |            0 |
+---------+---------------------------+--------+--------+-------+---------+----------+----------------+------------------+--------------+-------------+---------+--------------+
|     198 | 2023-08-29 00:00:00-04:00 |  79.98 |  81.41 | 79.34 |   81.16 |   284168 |              0 |                0 |            0 |           0 |       0 |            0 |
+---------+---------------------------+--------+--------+-------+---------+----------+----------------+------------------+--------------+-------------+---------+--------------+
|     199 | 2023-08-30 00:00:00-04:00 |  81.29 |  82.05 | 80.88 |   81.63 |   299418 |              0 |                0 |            0 |           0 |       0 |            0 |
+---------+---------------------------+--------+--------+-------+---------+----------+----------------+------------------+--------------+-------------+---------+--------------+
|     200 | 2023-08-31 00:00:00-04:00 |  81.7  |  83.69 | 81.48 |   83.63 |   368848 |              1 |                0 |            0 |           0 |       1 |            1 |
+---------+---------------------------+--------+--------+-------+---------+----------+----------------+------------------+--------------+-------------+---------+--------------+
|     201 | 2023-09-01 00:00:00-04:00 |  83.63 |  86.06 | 83.46 |   85.55 |   420461 |              1 |                0 |            1 |           0 |       2 |            1 |
+---------+---------------------------+--------+--------+-------+---------+----------+----------------+------------------+--------------+-------------+---------+--------------+
|     202 | 2023-09-05 00:00:00-04:00 |  86.06 |  88.07 | 85.02 |   86.69 |   452908 |              1 |                0 |            1 |           0 |       2 |            0 |
+---------+---------------------------+--------+--------+-------+---------+----------+----------------+------------------+--------------+-------------+---------+--------------+
|     203 | 2023-09-06 00:00:00-04:00 |  86.72 |  88.08 | 85.93 |   87.54 |   307115 |              1 |                0 |            1 |           0 |       2 |            0 |
+---------+---------------------------+--------+--------+-------+---------+----------+----------------+------------------+--------------+-------------+---------+--------------+
|     204 | 2023-09-07 00:00:00-04:00 |  87.54 |  87.74 | 86.39 |   86.87 |   270736 |              1 |                0 |            1 |           0 |       2 |            0 |
+---------+---------------------------+--------+--------+-------+---------+----------+----------------+------------------+--------------+-------------+---------+--------------+
|     205 | 2023-09-08 00:00:00-04:00 |  86.78 |  87.95 | 86.15 |   87.51 |   294437 |              1 |                0 |            1 |           0 |       2 |            0 |
+---------+---------------------------+--------+--------+-------+---------+----------+----------------+------------------+--------------+-------------+---------+--------------+
|     206 | 2023-09-11 00:00:00-04:00 |  87.4  |  88.15 | 86.71 |   87.29 |   292388 |              1 |                0 |            1 |           0 |       2 |            0 |
+---------+---------------------------+--------+--------+-------+---------+----------+----------------+------------------+--------------+-------------+---------+--------------+
|     207 | 2023-09-12 00:00:00-04:00 |  87.27 |  89.37 | 87.22 |   88.84 |   341137 |              1 |                0 |            1 |           0 |       2 |            0 |
+---------+---------------------------+--------+--------+-------+---------+----------+----------------+------------------+--------------+-------------+---------+--------------+
|     208 | 2023-09-13 00:00:00-04:00 |  88.75 |  89.64 | 88.29 |   88.52 |   345972 |              1 |                0 |            1 |           0 |       2 |            0 |
+---------+---------------------------+--------+--------+-------+---------+----------+----------------+------------------+--------------+-------------+---------+--------------+
|     209 | 2023-09-14 00:00:00-04:00 |  88.81 |  90.79 | 88.68 |   90.16 |   325270 |              1 |                0 |            1 |           0 |       2 |            0 |
+---------+---------------------------+--------+--------+-------+---------+----------+----------------+------------------+--------------+-------------+---------+--------------+
|     210 | 2023-09-15 00:00:00-04:00 |  90.67 |  91.23 | 89.22 |   90.77 |   315003 |              1 |                0 |            1 |           0 |       2 |            0 |
+---------+---------------------------+--------+--------+-------+---------+----------+----------------+------------------+--------------+-------------+---------+--------------+
|     211 | 2023-09-18 00:00:00-04:00 |  91.2  |  92.43 | 90.75 |   91.48 |   119258 |              1 |                0 |            1 |           0 |       2 |            0 |
+---------+---------------------------+--------+--------+-------+---------+----------+----------------+------------------+--------------+-------------+---------+--------------+
|     212 | 2023-09-19 00:00:00-04:00 |  92.22 |  93.74 | 91.07 |   91.2  |    94597 |              1 |                0 |            1 |           1 |       3 |            1 |
+---------+---------------------------+--------+--------+-------+---------+----------+----------------+------------------+--------------+-------------+---------+--------------+
|     213 | 2023-09-20 00:00:00-04:00 |  91.55 |  91.98 | 89.87 |   90.28 |   457854 |              1 |                0 |            1 |           1 |       3 |            0 |
+---------+---------------------------+--------+--------+-------+---------+----------+----------------+------------------+--------------+-------------+---------+--------------+
|     214 | 2023-09-21 00:00:00-04:00 |  89.3  |  90.98 | 88.37 |   89.63 |   351032 |              0 |                0 |            1 |           0 |       1 |           -2 |
+---------+---------------------------+--------+--------+-------+---------+----------+----------------+------------------+--------------+-------------+---------+--------------+
|     215 | 2023-09-22 00:00:00-04:00 |  89.62 |  91.33 | 89.31 |   90.03 |   402087 |              0 |                0 |            1 |           0 |       1 |            0 |
+---------+---------------------------+--------+--------+-------+---------+----------+----------------+------------------+--------------+-------------+---------+--------------+
|     216 | 2023-09-25 00:00:00-04:00 |  90.55 |  90.83 | 89.03 |   89.68 |   328369 |              0 |                0 |            0 |           0 |       0 |           -1 |
+---------+---------------------------+--------+--------+-------+---------+----------+----------------+------------------+--------------+-------------+---------+--------------+
|     217 | 2023-09-26 00:00:00-04:00 |  89.88 |  90.74 | 88.19 |   90.39 |   318016 |              0 |                0 |            0 |           0 |       0 |            0 |
+---------+---------------------------+--------+--------+-------+---------+----------+----------------+------------------+--------------+-------------+---------+--------------+
|     218 | 2023-09-27 00:00:00-04:00 |  90.53 |  94.17 | 90.4  |   93.68 |   504630 |              1 |                0 |            1 |           1 |       3 |            3 |
+---------+---------------------------+--------+--------+-------+---------+----------+----------------+------------------+--------------+-------------+---------+--------------+
|     219 | 2023-09-28 00:00:00-04:00 |  93.78 |  95.03 | 91.39 |   91.71 |   406709 |              0 |                0 |            0 |           1 |       1 |           -2 |
+---------+---------------------------+--------+--------+-------+---------+----------+----------------+------------------+--------------+-------------+---------+--------------+
|     220 | 2023-09-29 00:00:00-04:00 |  91.76 |  93.1  | 90.35 |   90.79 |   355782 |              0 |                0 |            0 |           1 |       1 |            0 |
+---------+---------------------------+--------+--------+-------+---------+----------+----------------+------------------+--------------+-------------+---------+--------------+
|     221 | 2023-10-02 00:00:00-04:00 |  90.82 |  91.88 | 88.46 |   88.82 |   334493 |              0 |                0 |            0 |           1 |       1 |            0 |
+---------+---------------------------+--------+--------+-------+---------+----------+----------------+------------------+--------------+-------------+---------+--------------+
|     222 | 2023-10-03 00:00:00-04:00 |  88.67 |  90.27 | 87.76 |   89.23 |   350659 |              0 |                0 |            0 |           1 |       1 |            0 |
+---------+---------------------------+--------+--------+-------+---------+----------+----------------+------------------+--------------+-------------+---------+--------------+
|     223 | 2023-10-04 00:00:00-04:00 |  89.42 |  89.59 | 84.16 |   84.22 |   459995 |              0 |                0 |            0 |           1 |       1 |            0 |
+---------+---------------------------+--------+--------+-------+---------+----------+----------------+------------------+--------------+-------------+---------+--------------+
|     224 | 2023-10-05 00:00:00-04:00 |  84.45 |  84.92 | 82.15 |   82.31 |   465997 |              0 |                0 |            0 |           1 |       1 |            0 |
+---------+---------------------------+--------+--------+-------+---------+----------+----------------+------------------+--------------+-------------+---------+--------------+
|     225 | 2023-10-06 00:00:00-04:00 |  82.28 |  83.28 | 81.5  |   82.79 |   461139 |              0 |                0 |            0 |           1 |       1 |            0 |
+---------+---------------------------+--------+--------+-------+---------+----------+----------------+------------------+--------------+-------------+---------+--------------+
|     226 | 2023-10-09 00:00:00-04:00 |  85.25 |  87.24 | 84.67 |   86.38 |   435037 |              0 |                0 |            0 |           1 |       1 |            0 |
+---------+---------------------------+--------+--------+-------+---------+----------+----------------+------------------+--------------+-------------+---------+--------------+
|     227 | 2023-10-10 00:00:00-04:00 |  86.43 |  86.74 | 85.12 |   85.97 |   337654 |              0 |                0 |            0 |           1 |       1 |            0 |
+---------+---------------------------+--------+--------+-------+---------+----------+----------------+------------------+--------------+-------------+---------+--------------+
|     228 | 2023-10-11 00:00:00-04:00 |  85.96 |  86.51 | 83.11 |   83.49 |   425395 |              0 |                0 |            0 |           0 |       0 |           -1 |
+---------+---------------------------+--------+--------+-------+---------+----------+----------------+------------------+--------------+-------------+---------+--------------+
|     229 | 2023-10-12 00:00:00-04:00 |  83.2  |  85.2  | 82.31 |   82.91 |   373492 |              0 |                0 |            0 |           0 |       0 |            0 |
+---------+---------------------------+--------+--------+-------+---------+----------+----------------+------------------+--------------+-------------+---------+--------------+
|     230 | 2023-10-13 00:00:00-04:00 |  83.51 |  87.83 | 83.35 |   87.69 |   356863 |              0 |                0 |            0 |           0 |       0 |            0 |
+---------+---------------------------+--------+--------+-------+---------+----------+----------------+------------------+--------------+-------------+---------+--------------+
|     231 | 2023-10-16 00:00:00-04:00 |  87.72 |  88.33 | 86.32 |   86.66 |   235780 |              0 |                0 |            0 |           0 |       0 |            0 |
+---------+---------------------------+--------+--------+-------+---------+----------+----------------+------------------+--------------+-------------+---------+--------------+
|     232 | 2023-10-17 00:00:00-04:00 |  87.06 |  87.75 | 85.6  |   86.66 |   197124 |              0 |                0 |            0 |           0 |       0 |            0 |
+---------+---------------------------+--------+--------+-------+---------+----------+----------------+------------------+--------------+-------------+---------+--------------+
|     233 | 2023-10-18 00:00:00-04:00 |  87.81 |  89.88 | 87.2  |   88.32 |    92797 |              0 |                0 |            0 |           0 |       0 |            0 |
+---------+---------------------------+--------+--------+-------+---------+----------+----------------+------------------+--------------+-------------+---------+--------------+
|     234 | 2023-10-19 00:00:00-04:00 |  88.24 |  90.68 | 86.6  |   89.37 |    72058 |              1 |                0 |            1 |           1 |       3 |            3 |
+---------+---------------------------+--------+--------+-------+---------+----------+----------------+------------------+--------------+-------------+---------+--------------+
|     235 | 2023-10-20 00:00:00-04:00 |  90.28 |  90.78 | 88.33 |   88.75 |   311917 |              1 |                0 |            1 |           1 |       3 |            0 |
+---------+---------------------------+--------+--------+-------+---------+----------+----------------+------------------+--------------+-------------+---------+--------------+
|     236 | 2023-10-23 00:00:00-04:00 |  88    |  88.29 | 85.35 |   85.49 |   315517 |              0 |                0 |            1 |           1 |       2 |           -1 |
+---------+---------------------------+--------+--------+-------+---------+----------+----------------+------------------+--------------+-------------+---------+--------------+
|     237 | 2023-10-24 00:00:00-04:00 |  86.15 |  86.3  | 82.94 |   83.74 |   370591 |              1 |                0 |            0 |           1 |       2 |            0 |
+---------+---------------------------+--------+--------+-------+---------+----------+----------------+------------------+--------------+-------------+---------+--------------+
|     238 | 2023-10-25 00:00:00-04:00 |  83.69 |  85.56 | 82.08 |   85.39 |   429459 |              1 |                0 |            0 |           1 |       2 |            0 |
+---------+---------------------------+--------+--------+-------+---------+----------+----------------+------------------+--------------+-------------+---------+--------------+
|     239 | 2023-10-26 00:00:00-04:00 |  85.37 |  85.59 | 82.56 |   83.21 |   341792 |              1 |                0 |            0 |           1 |       2 |            0 |
+---------+---------------------------+--------+--------+-------+---------+----------+----------------+------------------+--------------+-------------+---------+--------------+
|     240 | 2023-10-27 00:00:00-04:00 |  83.53 |  85.9  | 83.1  |   85.54 |   333760 |              1 |                0 |            0 |           1 |       2 |            0 |
+---------+---------------------------+--------+--------+-------+---------+----------+----------------+------------------+--------------+-------------+---------+--------------+
|     241 | 2023-10-30 00:00:00-04:00 |  85    |  85.3  | 81.82 |   82.31 |   356928 |              0 |                0 |            0 |           1 |       1 |           -1 |
+---------+---------------------------+--------+--------+-------+---------+----------+----------------+------------------+--------------+-------------+---------+--------------+
|     242 | 2023-10-31 00:00:00-04:00 |  82.59 |  83.37 | 80.74 |   81.02 |   346007 |              0 |                0 |            0 |           1 |       1 |            0 |
+---------+---------------------------+--------+--------+-------+---------+----------+----------------+------------------+--------------+-------------+---------+--------------+
|     243 | 2023-11-01 00:00:00-04:00 |  81.48 |  83.42 | 80.3  |   80.44 |   321592 |              0 |                0 |            0 |           0 |       0 |           -1 |
+---------+---------------------------+--------+--------+-------+---------+----------+----------------+------------------+--------------+-------------+---------+--------------+
|     244 | 2023-11-02 00:00:00-04:00 |  80.82 |  82.83 | 80.22 |   82.46 |   307122 |              0 |                0 |            0 |           0 |       0 |            0 |
+---------+---------------------------+--------+--------+-------+---------+----------+----------------+------------------+--------------+-------------+---------+--------------+
|     245 | 2023-11-03 00:00:00-04:00 |  82.58 |  83.6  | 80.1  |   80.51 |   457281 |              0 |                0 |            0 |           0 |       0 |            0 |
+---------+---------------------------+--------+--------+-------+---------+----------+----------------+------------------+--------------+-------------+---------+--------------+
|     246 | 2023-11-06 00:00:00-05:00 |  81.13 |  82.24 | 80.66 |   80.82 |   457281 |              0 |                0 |            0 |           0 |       0 |            0 |
+---------+---------------------------+--------+--------+-------+---------+----------+----------------+------------------+--------------+-------------+---------+--------------+
|     247 | 2023-11-07 00:00:00-05:00 |  80.93 |  81.05 | 78.23 |   78.23 |   198686 |              0 |                0 |            0 |           0 |       0 |            0 |
+---------+---------------------------+--------+--------+-------+---------+----------+----------------+------------------+--------------+-------------+---------+--------------+

Still holding position
Buy Price: 80.44000244140625 Buy Date: 2023-11-01 00:00:00-04:00

  Buy Price  Buy Time                     Sell Price  Sell Time                    Profit    Trade Length
-----------  -------------------------  ------------  -------------------------  --------  --------------
      79.05  2023-08-24 00:00:00-04:00         83.63  2023-08-31 00:00:00-04:00   4.57999               5
      89.68  2023-09-25 00:00:00-04:00         93.68  2023-09-27 00:00:00-04:00   4                     2
      83.49  2023-10-11 00:00:00-04:00         89.37  2023-10-19 00:00:00-04:00   5.88                  6
Total Profit: 14.459999084472656 Median Trade Length: 5.0 Average Trade Length: 4.333333333333333
