Trading Output for kc=f for the last 300 days
+---------+---------------------------+--------+--------+--------+---------+----------+----------------+------------------+--------------+-------------+---------+--------------+
|   Index | Timestamp                 |   Open |   High |    Low |   Close |   Volume |   RSIEMA Cross |   SMA/VWAP Cross |   MACD Cross |   KNN EMA X |   Total |   Total Diff |
+=========+===========================+========+========+========+=========+==========+================+==================+==============+=============+=========+==============+
|       0 | 2022-11-14 00:00:00-05:00 | 168.7  | 168.7  | 163.4  |  166.2  |    11888 |              0 |                1 |            0 |           0 |       1 |            0 |
+---------+---------------------------+--------+--------+--------+---------+----------+----------------+------------------+--------------+-------------+---------+--------------+
|       1 | 2022-11-15 00:00:00-05:00 | 166.15 | 167.7  | 154.1  |  156.75 |    12892 |              0 |                1 |            0 |           0 |       1 |            0 |
+---------+---------------------------+--------+--------+--------+---------+----------+----------------+------------------+--------------+-------------+---------+--------------+
|       2 | 2022-11-16 00:00:00-05:00 | 158.9  | 159.55 | 154.3  |  155.45 |     7028 |              0 |                1 |            0 |           0 |       1 |            0 |
+---------+---------------------------+--------+--------+--------+---------+----------+----------------+------------------+--------------+-------------+---------+--------------+
|       3 | 2022-11-17 00:00:00-05:00 | 154.9  | 156.15 | 150.6  |  152.7  |     6069 |              0 |                1 |            0 |           0 |       1 |            0 |
+---------+---------------------------+--------+--------+--------+---------+----------+----------------+------------------+--------------+-------------+---------+--------------+
|       4 | 2022-11-18 00:00:00-05:00 | 153.65 | 157.05 | 150.75 |  151.3  |     4246 |              0 |                1 |            0 |           0 |       1 |            0 |
+---------+---------------------------+--------+--------+--------+---------+----------+----------------+------------------+--------------+-------------+---------+--------------+
|       5 | 2022-11-21 00:00:00-05:00 | 151.5  | 159    | 150.45 |  157.5  |      303 |              0 |                1 |            0 |           0 |       1 |            0 |
+---------+---------------------------+--------+--------+--------+---------+----------+----------------+------------------+--------------+-------------+---------+--------------+
|       6 | 2022-11-22 00:00:00-05:00 | 160    | 162.25 | 160    |  161.8  |       14 |              0 |                1 |            0 |           0 |       1 |            0 |
+---------+---------------------------+--------+--------+--------+---------+----------+----------------+------------------+--------------+-------------+---------+--------------+
|       7 | 2022-11-23 00:00:00-05:00 | 163.85 | 163.85 | 160.2  |  160.1  |       19 |              0 |                1 |            0 |           0 |       1 |            0 |
+---------+---------------------------+--------+--------+--------+---------+----------+----------------+------------------+--------------+-------------+---------+--------------+
|       8 | 2022-11-25 00:00:00-05:00 | 162.3  | 162.3  | 162.3  |  163.55 |       14 |              0 |                0 |            0 |           0 |       0 |           -1 |
+---------+---------------------------+--------+--------+--------+---------+----------+----------------+------------------+--------------+-------------+---------+--------------+
|       9 | 2022-11-28 00:00:00-05:00 | 162.9  | 162.9  | 160.85 |  160.65 |        4 |              0 |                0 |            1 |           0 |       1 |            1 |
+---------+---------------------------+--------+--------+--------+---------+----------+----------------+------------------+--------------+-------------+---------+--------------+
|      10 | 2022-11-29 00:00:00-05:00 | 166.7  | 166.7  | 166.7  |  166.7  |        4 |              0 |                0 |            1 |           0 |       1 |            0 |
+---------+---------------------------+--------+--------+--------+---------+----------+----------------+------------------+--------------+-------------+---------+--------------+
|      11 | 2022-11-30 00:00:00-05:00 | 167.5  | 167.5  | 167.5  |  167.7  |        1 |              0 |                0 |            1 |           1 |       2 |            1 |
+---------+---------------------------+--------+--------+--------+---------+----------+----------------+------------------+--------------+-------------+---------+--------------+
|      12 | 2022-12-01 00:00:00-05:00 | 170    | 170.45 | 170    |  163.35 |        2 |              0 |                0 |            1 |           1 |       2 |            0 |
+---------+---------------------------+--------+--------+--------+---------+----------+----------------+------------------+--------------+-------------+---------+--------------+
|      13 | 2022-12-02 00:00:00-05:00 | 159.65 | 161.45 | 159.65 |  160.15 |       11 |              0 |                0 |            1 |           1 |       2 |            0 |
+---------+---------------------------+--------+--------+--------+---------+----------+----------------+------------------+--------------+-------------+---------+--------------+
|      14 | 2022-12-05 00:00:00-05:00 | 160.15 | 160.15 | 160.15 |  160.15 |        0 |              1 |                0 |            1 |           1 |       3 |            1 |
+---------+---------------------------+--------+--------+--------+---------+----------+----------------+------------------+--------------+-------------+---------+--------------+
|      15 | 2022-12-06 00:00:00-05:00 | 161.1  | 161.1  | 161.1  |  161.05 |        1 |              1 |                0 |            1 |           1 |       3 |            0 |
+---------+---------------------------+--------+--------+--------+---------+----------+----------------+------------------+--------------+-------------+---------+--------------+
|      16 | 2022-12-07 00:00:00-05:00 | 157.7  | 157.7  | 157.7  |  157.7  |        8 |              1 |                0 |            0 |           0 |       1 |           -2 |
+---------+---------------------------+--------+--------+--------+---------+----------+----------------+------------------+--------------+-------------+---------+--------------+
|      17 | 2022-12-08 00:00:00-05:00 | 158.5  | 158.5  | 157    |  156.9  |        8 |              1 |                0 |            0 |           0 |       1 |            0 |
+---------+---------------------------+--------+--------+--------+---------+----------+----------------+------------------+--------------+-------------+---------+--------------+
|      18 | 2022-12-09 00:00:00-05:00 | 158.5  | 158.5  | 157    |  157.75 |       35 |              1 |                0 |            0 |           0 |       1 |            0 |
+---------+---------------------------+--------+--------+--------+---------+----------+----------------+------------------+--------------+-------------+---------+--------------+
|      19 | 2022-12-12 00:00:00-05:00 | 156.3  | 156.5  | 155    |  166.35 |       20 |              1 |                0 |            1 |           0 |       2 |            1 |
+---------+---------------------------+--------+--------+--------+---------+----------+----------------+------------------+--------------+-------------+---------+--------------+
|      20 | 2022-12-13 00:00:00-05:00 | 165.5  | 165.5  | 165    |  167.15 |       29 |              1 |                0 |            1 |           0 |       2 |            0 |
+---------+---------------------------+--------+--------+--------+---------+----------+----------------+------------------+--------------+-------------+---------+--------------+
|      21 | 2022-12-14 00:00:00-05:00 | 167    | 169.6  | 166.5  |  168.3  |      104 |              1 |                0 |            1 |           0 |       2 |            0 |
+---------+---------------------------+--------+--------+--------+---------+----------+----------------+------------------+--------------+-------------+---------+--------------+
|      22 | 2022-12-15 00:00:00-05:00 | 171.5  | 171.5  | 171.5  |  171.5  |        2 |              1 |                0 |            1 |           0 |       2 |            0 |
+---------+---------------------------+--------+--------+--------+---------+----------+----------------+------------------+--------------+-------------+---------+--------------+
|      23 | 2022-12-16 00:00:00-05:00 | 164.15 | 164.15 | 164.15 |  164.15 |        0 |              1 |                0 |            1 |           0 |       2 |            0 |
+---------+---------------------------+--------+--------+--------+---------+----------+----------------+------------------+--------------+-------------+---------+--------------+
|      24 | 2022-12-19 00:00:00-05:00 | 164.05 | 164.05 | 164.05 |  164.05 |    12459 |              1 |                0 |            1 |           0 |       2 |            0 |
+---------+---------------------------+--------+--------+--------+---------+----------+----------------+------------------+--------------+-------------+---------+--------------+
|      25 | 2022-12-20 00:00:00-05:00 | 164.5  | 169.65 | 164.2  |  167.8  |    12859 |              1 |                0 |            1 |           0 |       2 |            0 |
+---------+---------------------------+--------+--------+--------+---------+----------+----------------+------------------+--------------+-------------+---------+--------------+
|      26 | 2022-12-21 00:00:00-05:00 | 168.5  | 170.35 | 167.1  |  169.35 |    10144 |              1 |                0 |            1 |           0 |       2 |            0 |
+---------+---------------------------+--------+--------+--------+---------+----------+----------------+------------------+--------------+-------------+---------+--------------+
|      27 | 2022-12-22 00:00:00-05:00 | 169.1  | 170.2  | 165.15 |  168.9  |    10468 |              1 |                0 |            1 |           0 |       2 |            0 |
+---------+---------------------------+--------+--------+--------+---------+----------+----------------+------------------+--------------+-------------+---------+--------------+
|      28 | 2022-12-23 00:00:00-05:00 | 168.9  | 172.65 | 168.8  |  172    |     9136 |              1 |                0 |            1 |           0 |       2 |            0 |
+---------+---------------------------+--------+--------+--------+---------+----------+----------------+------------------+--------------+-------------+---------+--------------+
|      29 | 2022-12-27 00:00:00-05:00 | 171    | 171    | 165.7  |  166.95 |    10951 |              1 |                0 |            1 |           0 |       2 |            0 |
+---------+---------------------------+--------+--------+--------+---------+----------+----------------+------------------+--------------+-------------+---------+--------------+
|      30 | 2022-12-28 00:00:00-05:00 | 166.75 | 174.95 | 166.7  |  173.55 |    16432 |              1 |                0 |            1 |           1 |       3 |            1 |
+---------+---------------------------+--------+--------+--------+---------+----------+----------------+------------------+--------------+-------------+---------+--------------+
|      31 | 2022-12-29 00:00:00-05:00 | 172.95 | 173.4  | 169.25 |  170.05 |    10617 |              1 |                0 |            1 |           1 |       3 |            0 |
+---------+---------------------------+--------+--------+--------+---------+----------+----------------+------------------+--------------+-------------+---------+--------------+
|      32 | 2022-12-30 00:00:00-05:00 | 169.1  | 172.45 | 165.15 |  167.3  |    13417 |              1 |                0 |            1 |           1 |       3 |            0 |
+---------+---------------------------+--------+--------+--------+---------+----------+----------------+------------------+--------------+-------------+---------+--------------+
|      33 | 2023-01-03 00:00:00-05:00 | 166.45 | 171.15 | 164.65 |  166.3  |    18913 |              0 |                0 |            1 |           1 |       2 |           -1 |
+---------+---------------------------+--------+--------+--------+---------+----------+----------------+------------------+--------------+-------------+---------+--------------+
|      34 | 2023-01-04 00:00:00-05:00 | 167.25 | 167.95 | 159.25 |  161.3  |    21948 |              0 |                0 |            0 |           1 |       1 |           -1 |
+---------+---------------------------+--------+--------+--------+---------+----------+----------------+------------------+--------------+-------------+---------+--------------+
|      35 | 2023-01-05 00:00:00-05:00 | 162.25 | 163.15 | 159.5  |  160.55 |    15424 |              0 |                0 |            0 |           1 |       1 |            0 |
+---------+---------------------------+--------+--------+--------+---------+----------+----------------+------------------+--------------+-------------+---------+--------------+
|      36 | 2023-01-06 00:00:00-05:00 | 160.1  | 162.55 | 157.15 |  158.3  |    16254 |              0 |                1 |            0 |           1 |       2 |            1 |
+---------+---------------------------+--------+--------+--------+---------+----------+----------------+------------------+--------------+-------------+---------+--------------+
|      37 | 2023-01-09 00:00:00-05:00 | 158.3  | 161.2  | 156.4  |  158.05 |    23893 |              0 |                1 |            0 |           1 |       2 |            0 |
+---------+---------------------------+--------+--------+--------+---------+----------+----------------+------------------+--------------+-------------+---------+--------------+
|      38 | 2023-01-10 00:00:00-05:00 | 157    | 158.05 | 149.1  |  150.9  |    36499 |              0 |                1 |            0 |           1 |       2 |            0 |
+---------+---------------------------+--------+--------+--------+---------+----------+----------------+------------------+--------------+-------------+---------+--------------+
|      39 | 2023-01-11 00:00:00-05:00 | 149.8  | 150.5  | 142.05 |  143.9  |    37941 |              0 |                1 |            0 |           1 |       2 |            0 |
+---------+---------------------------+--------+--------+--------+---------+----------+----------------+------------------+--------------+-------------+---------+--------------+
|      40 | 2023-01-12 00:00:00-05:00 | 143.9  | 150.75 | 143.9  |  149.4  |    30546 |              0 |                1 |            0 |           0 |       1 |           -1 |
+---------+---------------------------+--------+--------+--------+---------+----------+----------------+------------------+--------------+-------------+---------+--------------+
|      41 | 2023-01-13 00:00:00-05:00 | 150.55 | 152.35 | 147    |  151.7  |    23810 |              0 |                1 |            0 |           0 |       1 |            0 |
+---------+---------------------------+--------+--------+--------+---------+----------+----------------+------------------+--------------+-------------+---------+--------------+
|      42 | 2023-01-17 00:00:00-05:00 | 150.5  | 152.1  | 148.5  |  151.1  |    16457 |              0 |                1 |            0 |           0 |       1 |            0 |
+---------+---------------------------+--------+--------+--------+---------+----------+----------------+------------------+--------------+-------------+---------+--------------+
|      43 | 2023-01-18 00:00:00-05:00 | 151.55 | 156.05 | 151.5  |  155    |    18098 |              0 |                1 |            0 |           0 |       1 |            0 |
+---------+---------------------------+--------+--------+--------+---------+----------+----------------+------------------+--------------+-------------+---------+--------------+
|      44 | 2023-01-19 00:00:00-05:00 | 154.5  | 157.55 | 153.6  |  154.6  |    18129 |              0 |                1 |            0 |           0 |       1 |            0 |
+---------+---------------------------+--------+--------+--------+---------+----------+----------------+------------------+--------------+-------------+---------+--------------+
|      45 | 2023-01-20 00:00:00-05:00 | 154.45 | 155.4  | 151.85 |  154.8  |    12912 |              0 |                1 |            0 |           0 |       1 |            0 |
+---------+---------------------------+--------+--------+--------+---------+----------+----------------+------------------+--------------+-------------+---------+--------------+
|      46 | 2023-01-23 00:00:00-05:00 | 154.75 | 159.95 | 154.5  |  158.55 |    25536 |              1 |                1 |            0 |           0 |       2 |            1 |
+---------+---------------------------+--------+--------+--------+---------+----------+----------------+------------------+--------------+-------------+---------+--------------+
|      47 | 2023-01-24 00:00:00-05:00 | 158.95 | 161.25 | 156.85 |  159.85 |    21920 |              1 |                1 |            1 |           0 |       3 |            1 |
+---------+---------------------------+--------+--------+--------+---------+----------+----------------+------------------+--------------+-------------+---------+--------------+
|      48 | 2023-01-25 00:00:00-05:00 | 160    | 163.3  | 159.6  |  162.45 |    18753 |              1 |                1 |            1 |           0 |       3 |            0 |
+---------+---------------------------+--------+--------+--------+---------+----------+----------------+------------------+--------------+-------------+---------+--------------+
|      49 | 2023-01-26 00:00:00-05:00 | 162.65 | 167.75 | 162.45 |  167.15 |    24862 |              1 |                0 |            1 |           0 |       2 |           -1 |
+---------+---------------------------+--------+--------+--------+---------+----------+----------------+------------------+--------------+-------------+---------+--------------+
|      50 | 2023-01-27 00:00:00-05:00 | 167.1  | 170.15 | 165.95 |  169.9  |    26795 |              1 |                0 |            1 |           0 |       2 |            0 |
+---------+---------------------------+--------+--------+--------+---------+----------+----------------+------------------+--------------+-------------+---------+--------------+
|      51 | 2023-01-30 00:00:00-05:00 | 168    | 171.65 | 167.05 |  170.4  |    25647 |              1 |                0 |            1 |           0 |       2 |            0 |
+---------+---------------------------+--------+--------+--------+---------+----------+----------------+------------------+--------------+-------------+---------+--------------+
|      52 | 2023-01-31 00:00:00-05:00 | 170.05 | 182.8  | 169.85 |  181.75 |    46686 |              1 |                0 |            1 |           0 |       2 |            0 |
+---------+---------------------------+--------+--------+--------+---------+----------+----------------+------------------+--------------+-------------+---------+--------------+
|      53 | 2023-02-01 00:00:00-05:00 | 180.3  | 184.2  | 175.55 |  175.9  |    31812 |              1 |                0 |            1 |           0 |       2 |            0 |
+---------+---------------------------+--------+--------+--------+---------+----------+----------------+------------------+--------------+-------------+---------+--------------+
|      54 | 2023-02-02 00:00:00-05:00 | 177    | 181.35 | 176.55 |  177.9  |    20530 |              1 |                0 |            1 |           0 |       2 |            0 |
+---------+---------------------------+--------+--------+--------+---------+----------+----------------+------------------+--------------+-------------+---------+--------------+
|      55 | 2023-02-03 00:00:00-05:00 | 176.4  | 177.9  | 172.05 |  172.8  |    27217 |              1 |                0 |            1 |           0 |       2 |            0 |
+---------+---------------------------+--------+--------+--------+---------+----------+----------------+------------------+--------------+-------------+---------+--------------+
|      56 | 2023-02-06 00:00:00-05:00 | 172.55 | 176.95 | 171.25 |  175.7  |    24699 |              1 |                0 |            1 |           0 |       2 |            0 |
+---------+---------------------------+--------+--------+--------+---------+----------+----------------+------------------+--------------+-------------+---------+--------------+
|      57 | 2023-02-07 00:00:00-05:00 | 177.15 | 178.5  | 172.95 |  177.05 |    37402 |              1 |                0 |            1 |           0 |       2 |            0 |
+---------+---------------------------+--------+--------+--------+---------+----------+----------------+------------------+--------------+-------------+---------+--------------+
|      58 | 2023-02-08 00:00:00-05:00 | 177    | 177.6  | 174.3  |  175.6  |    28501 |              1 |                0 |            1 |           0 |       2 |            0 |
+---------+---------------------------+--------+--------+--------+---------+----------+----------------+------------------+--------------+-------------+---------+--------------+
|      59 | 2023-02-09 00:00:00-05:00 | 175.9  | 177.05 | 172.05 |  173.65 |    25230 |              1 |                0 |            1 |           0 |       2 |            0 |
+---------+---------------------------+--------+--------+--------+---------+----------+----------------+------------------+--------------+-------------+---------+--------------+
|      60 | 2023-02-10 00:00:00-05:00 | 174.7  | 177.2  | 174    |  174.75 |    26854 |              1 |                0 |            1 |           0 |       2 |            0 |
+---------+---------------------------+--------+--------+--------+---------+----------+----------------+------------------+--------------+-------------+---------+--------------+
|      61 | 2023-02-13 00:00:00-05:00 | 174.5  | 179.75 | 174    |  177.05 |    18227 |              1 |                0 |            1 |           0 |       2 |            0 |
+---------+---------------------------+--------+--------+--------+---------+----------+----------------+------------------+--------------+-------------+---------+--------------+
|      62 | 2023-02-14 00:00:00-05:00 | 178    | 184    | 177.55 |  183.55 |    13233 |              1 |                0 |            1 |           0 |       2 |            0 |
+---------+---------------------------+--------+--------+--------+---------+----------+----------------+------------------+--------------+-------------+---------+--------------+
|      63 | 2023-02-15 00:00:00-05:00 | 181.9  | 182.75 | 175.25 |  176.85 |    10888 |              0 |                0 |            1 |           0 |       1 |           -1 |
+---------+---------------------------+--------+--------+--------+---------+----------+----------------+------------------+--------------+-------------+---------+--------------+
|      64 | 2023-02-16 00:00:00-05:00 | 178.25 | 183.25 | 176.75 |  180.7  |     4543 |              0 |                0 |            1 |           0 |       1 |            0 |
+---------+---------------------------+--------+--------+--------+---------+----------+----------------+------------------+--------------+-------------+---------+--------------+
|      65 | 2023-02-17 00:00:00-05:00 | 180.85 | 189.85 | 179.95 |  188.7  |      315 |              0 |                0 |            1 |           0 |       1 |            0 |
+---------+---------------------------+--------+--------+--------+---------+----------+----------------+------------------+--------------+-------------+---------+--------------+
|      66 | 2023-02-21 00:00:00-05:00 | 188.3  | 197.3  | 188.3  |  194.45 |      123 |              0 |                0 |            1 |           0 |       1 |            0 |
+---------+---------------------------+--------+--------+--------+---------+----------+----------------+------------------+--------------+-------------+---------+--------------+
|      67 | 2023-02-22 00:00:00-05:00 | 194.55 | 199.75 | 194.55 |  199.5  |       42 |              1 |                0 |            1 |           0 |       2 |            1 |
+---------+---------------------------+--------+--------+--------+---------+----------+----------------+------------------+--------------+-------------+---------+--------------+
|      68 | 2023-02-23 00:00:00-05:00 | 197.7  | 197.7  | 193.25 |  193.65 |       38 |              0 |                0 |            1 |           1 |       2 |            0 |
+---------+---------------------------+--------+--------+--------+---------+----------+----------------+------------------+--------------+-------------+---------+--------------+
|      69 | 2023-02-24 00:00:00-05:00 | 192.9  | 192.9  | 190.25 |  191.2  |        7 |              1 |                0 |            1 |           1 |       3 |            1 |
+---------+---------------------------+--------+--------+--------+---------+----------+----------------+------------------+--------------+-------------+---------+--------------+
|      70 | 2023-02-27 00:00:00-05:00 | 189.9  | 189.9  | 189.75 |  190.7  |        2 |              0 |                0 |            1 |           1 |       2 |           -1 |
+---------+---------------------------+--------+--------+--------+---------+----------+----------------+------------------+--------------+-------------+---------+--------------+
|      71 | 2023-02-28 00:00:00-05:00 | 190.4  | 190.4  | 190.4  |  190.4  |       24 |              0 |                0 |            1 |           1 |       2 |            0 |
+---------+---------------------------+--------+--------+--------+---------+----------+----------------+------------------+--------------+-------------+---------+--------------+
|      72 | 2023-03-01 00:00:00-05:00 | 188    | 188    | 185    |  185.3  |       53 |              0 |                0 |            0 |           1 |       1 |           -1 |
+---------+---------------------------+--------+--------+--------+---------+----------+----------------+------------------+--------------+-------------+---------+--------------+
|      73 | 2023-03-02 00:00:00-05:00 | 183.95 | 183.95 | 183.95 |  183.95 |        0 |              0 |                0 |            0 |           1 |       1 |            0 |
+---------+---------------------------+--------+--------+--------+---------+----------+----------------+------------------+--------------+-------------+---------+--------------+
|      74 | 2023-03-03 00:00:00-05:00 | 181    | 181.7  | 180.4  |  180.8  |        6 |              0 |                0 |            0 |           1 |       1 |            0 |
+---------+---------------------------+--------+--------+--------+---------+----------+----------------+------------------+--------------+-------------+---------+--------------+
|      75 | 2023-03-06 00:00:00-05:00 | 180.8  | 182    | 180.6  |  182.45 |       11 |              0 |                0 |            0 |           1 |       1 |            0 |
+---------+---------------------------+--------+--------+--------+---------+----------+----------------+------------------+--------------+-------------+---------+--------------+
|      76 | 2023-03-07 00:00:00-05:00 | 182.15 | 182.15 | 182.15 |  184.55 |        4 |              0 |                0 |            0 |           1 |       1 |            0 |
+---------+---------------------------+--------+--------+--------+---------+----------+----------------+------------------+--------------+-------------+---------+--------------+
|      77 | 2023-03-08 00:00:00-05:00 | 180    | 180    | 179    |  179.55 |        9 |              0 |                0 |            0 |           1 |       1 |            0 |
+---------+---------------------------+--------+--------+--------+---------+----------+----------------+------------------+--------------+-------------+---------+--------------+
|      78 | 2023-03-09 00:00:00-05:00 | 178.15 | 182.1  | 177    |  178    |       52 |              0 |                0 |            0 |           1 |       1 |            0 |
+---------+---------------------------+--------+--------+--------+---------+----------+----------------+------------------+--------------+-------------+---------+--------------+
|      79 | 2023-03-10 00:00:00-05:00 | 180.05 | 182.35 | 180.05 |  182.25 |       25 |              0 |                0 |            0 |           0 |       0 |           -1 |
+---------+---------------------------+--------+--------+--------+---------+----------+----------------+------------------+--------------+-------------+---------+--------------+
|      80 | 2023-03-13 00:00:00-04:00 | 175    | 183.7  | 175    |  183.2  |        2 |              0 |                0 |            0 |           0 |       0 |            0 |
+---------+---------------------------+--------+--------+--------+---------+----------+----------------+------------------+--------------+-------------+---------+--------------+
|      81 | 2023-03-14 00:00:00-04:00 | 180.9  | 180.9  | 180.9  |  180.9  |        5 |              0 |                0 |            0 |           0 |       0 |            0 |
+---------+---------------------------+--------+--------+--------+---------+----------+----------------+------------------+--------------+-------------+---------+--------------+
|      82 | 2023-03-15 00:00:00-04:00 | 177.25 | 177.25 | 177.25 |  178.05 |        2 |              0 |                0 |            0 |           0 |       0 |            0 |
+---------+---------------------------+--------+--------+--------+---------+----------+----------------+------------------+--------------+-------------+---------+--------------+
|      83 | 2023-03-16 00:00:00-04:00 | 185.5  | 185.5  | 185.5  |  185.5  |        0 |              0 |                0 |            0 |           0 |       0 |            0 |
+---------+---------------------------+--------+--------+--------+---------+----------+----------------+------------------+--------------+-------------+---------+--------------+
|      84 | 2023-03-17 00:00:00-04:00 | 181.65 | 182.25 | 181.65 |  183    |       66 |              0 |                0 |            0 |           1 |       1 |            1 |
+---------+---------------------------+--------+--------+--------+---------+----------+----------------+------------------+--------------+-------------+---------+--------------+
|      85 | 2023-03-20 00:00:00-04:00 | 184.9  | 184.9  | 184.9  |  184.9  |        1 |              0 |                0 |            0 |           1 |       1 |            0 |
+---------+---------------------------+--------+--------+--------+---------+----------+----------------+------------------+--------------+-------------+---------+--------------+
|      86 | 2023-03-21 00:00:00-04:00 | 186.7  | 186.7  | 186.7  |  186.7  |    13969 |              1 |                0 |            0 |           1 |       2 |            1 |
+---------+---------------------------+--------+--------+--------+---------+----------+----------------+------------------+--------------+-------------+---------+--------------+
|      87 | 2023-03-22 00:00:00-04:00 | 179.55 | 181.1  | 176.7  |  178    |    13546 |              0 |                0 |            0 |           1 |       1 |           -1 |
+---------+---------------------------+--------+--------+--------+---------+----------+----------------+------------------+--------------+-------------+---------+--------------+
|      88 | 2023-03-23 00:00:00-04:00 | 178.75 | 179.4  | 173.9  |  174.3  |    14587 |              0 |                0 |            0 |           1 |       1 |            0 |
+---------+---------------------------+--------+--------+--------+---------+----------+----------------+------------------+--------------+-------------+---------+--------------+
|      89 | 2023-03-24 00:00:00-04:00 | 174.8  | 179.85 | 172.6  |  179.25 |    18107 |              1 |                0 |            0 |           1 |       2 |            1 |
+---------+---------------------------+--------+--------+--------+---------+----------+----------------+------------------+--------------+-------------+---------+--------------+
|      90 | 2023-03-27 00:00:00-04:00 | 178.5  | 184    | 175.95 |  176.9  |    23743 |              0 |                0 |            0 |           1 |       1 |           -1 |
+---------+---------------------------+--------+--------+--------+---------+----------+----------------+------------------+--------------+-------------+---------+--------------+
|      91 | 2023-03-28 00:00:00-04:00 | 177.5  | 178.7  | 173.5  |  173.75 |    19185 |              0 |                0 |            0 |           1 |       1 |            0 |
+---------+---------------------------+--------+--------+--------+---------+----------+----------------+------------------+--------------+-------------+---------+--------------+
|      92 | 2023-03-29 00:00:00-04:00 | 174.7  | 175.25 | 168.6  |  169.7  |    25133 |              0 |                0 |            0 |           1 |       1 |            0 |
+---------+---------------------------+--------+--------+--------+---------+----------+----------------+------------------+--------------+-------------+---------+--------------+
|      93 | 2023-03-30 00:00:00-04:00 | 171    | 172.5  | 168.15 |  169.8  |    27283 |              0 |                0 |            0 |           0 |       0 |           -1 |
+---------+---------------------------+--------+--------+--------+---------+----------+----------------+------------------+--------------+-------------+---------+--------------+
|      94 | 2023-03-31 00:00:00-04:00 | 170    | 171.7  | 166.15 |  170.5  |    32077 |              0 |                0 |            0 |           0 |       0 |            0 |
+---------+---------------------------+--------+--------+--------+---------+----------+----------------+------------------+--------------+-------------+---------+--------------+
|      95 | 2023-04-03 00:00:00-04:00 | 171.3  | 178.35 | 171.25 |  176.25 |    25785 |              1 |                0 |            0 |           0 |       1 |            1 |
+---------+---------------------------+--------+--------+--------+---------+----------+----------------+------------------+--------------+-------------+---------+--------------+
|      96 | 2023-04-04 00:00:00-04:00 | 176.1  | 177.45 | 173.1  |  174.85 |    17847 |              1 |                0 |            0 |           0 |       1 |            0 |
+---------+---------------------------+--------+--------+--------+---------+----------+----------------+------------------+--------------+-------------+---------+--------------+
|      97 | 2023-04-05 00:00:00-04:00 | 175.2  | 181.5  | 175.2  |  180.15 |    23598 |              1 |                0 |            0 |           0 |       1 |            0 |
+---------+---------------------------+--------+--------+--------+---------+----------+----------------+------------------+--------------+-------------+---------+--------------+
|      98 | 2023-04-06 00:00:00-04:00 | 179.55 | 184.55 | 177.95 |  183.6  |        0 |              1 |                0 |            1 |           0 |       2 |            1 |
+---------+---------------------------+--------+--------+--------+---------+----------+----------------+------------------+--------------+-------------+---------+--------------+
|      99 | 2023-04-10 00:00:00-04:00 | 183.6  | 186.8  | 181.6  |  182.6  |    22686 |              1 |                0 |            1 |           0 |       2 |            0 |
+---------+---------------------------+--------+--------+--------+---------+----------+----------------+------------------+--------------+-------------+---------+--------------+
|     100 | 2023-04-11 00:00:00-04:00 | 183.45 | 191.2  | 183    |  190.5  |    33560 |              1 |                0 |            1 |           0 |       2 |            0 |
+---------+---------------------------+--------+--------+--------+---------+----------+----------------+------------------+--------------+-------------+---------+--------------+
|     101 | 2023-04-12 00:00:00-04:00 | 188.9  | 191.35 | 187.6  |  190.25 |    27163 |              1 |                0 |            1 |           0 |       2 |            0 |
+---------+---------------------------+--------+--------+--------+---------+----------+----------------+------------------+--------------+-------------+---------+--------------+
|     102 | 2023-04-13 00:00:00-04:00 | 190    | 199.7  | 189.35 |  196.1  |    35204 |              1 |                0 |            1 |           0 |       2 |            0 |
+---------+---------------------------+--------+--------+--------+---------+----------+----------------+------------------+--------------+-------------+---------+--------------+
|     103 | 2023-04-14 00:00:00-04:00 | 195.65 | 199.65 | 192.85 |  193.4  |    11459 |              1 |                0 |            1 |           0 |       2 |            0 |
+---------+---------------------------+--------+--------+--------+---------+----------+----------------+------------------+--------------+-------------+---------+--------------+
|     104 | 2023-04-17 00:00:00-04:00 | 194    | 201.5  | 193.5  |  201    |     9534 |              1 |                0 |            1 |           0 |       2 |            0 |
+---------+---------------------------+--------+--------+--------+---------+----------+----------------+------------------+--------------+-------------+---------+--------------+
|     105 | 2023-04-18 00:00:00-04:00 | 201    | 206.95 | 198.35 |  205.25 |     9424 |              1 |                0 |            1 |           0 |       2 |            0 |
+---------+---------------------------+--------+--------+--------+---------+----------+----------------+------------------+--------------+-------------+---------+--------------+
|     106 | 2023-04-19 00:00:00-04:00 | 203.5  | 207.45 | 199.75 |  202.55 |     6866 |              1 |                0 |            1 |           1 |       3 |            1 |
+---------+---------------------------+--------+--------+--------+---------+----------+----------------+------------------+--------------+-------------+---------+--------------+
|     107 | 2023-04-20 00:00:00-04:00 | 199.2  | 199.65 | 194.75 |  195.9  |      230 |              1 |                0 |            1 |           1 |       3 |            0 |
+---------+---------------------------+--------+--------+--------+---------+----------+----------------+------------------+--------------+-------------+---------+--------------+
|     108 | 2023-04-21 00:00:00-04:00 | 197.15 | 197.15 | 193.5  |  194.2  |       81 |              1 |                0 |            1 |           1 |       3 |            0 |
+---------+---------------------------+--------+--------+--------+---------+----------+----------------+------------------+--------------+-------------+---------+--------------+
|     109 | 2023-04-24 00:00:00-04:00 | 196.35 | 196.85 | 195    |  196.75 |       10 |              1 |                0 |            1 |           1 |       3 |            0 |
+---------+---------------------------+--------+--------+--------+---------+----------+----------------+------------------+--------------+-------------+---------+--------------+
|     110 | 2023-04-25 00:00:00-04:00 | 191    | 192.25 | 191    |  192.45 |       13 |              0 |                0 |            1 |           1 |       2 |           -1 |
+---------+---------------------------+--------+--------+--------+---------+----------+----------------+------------------+--------------+-------------+---------+--------------+
|     111 | 2023-04-26 00:00:00-04:00 | 194.15 | 195.85 | 194.15 |  195.85 |       12 |              0 |                0 |            1 |           1 |       2 |            0 |
+---------+---------------------------+--------+--------+--------+---------+----------+----------------+------------------+--------------+-------------+---------+--------------+
|     112 | 2023-04-27 00:00:00-04:00 | 192.8  | 192.8  | 192.1  |  192.1  |       16 |              0 |                0 |            0 |           1 |       1 |           -1 |
+---------+---------------------------+--------+--------+--------+---------+----------+----------------+------------------+--------------+-------------+---------+--------------+
|     113 | 2023-04-28 00:00:00-04:00 | 189.5  | 190.35 | 189.1  |  189.85 |       40 |              0 |                0 |            0 |           1 |       1 |            0 |
+---------+---------------------------+--------+--------+--------+---------+----------+----------------+------------------+--------------+-------------+---------+--------------+
|     114 | 2023-05-01 00:00:00-04:00 | 188.25 | 188.25 | 187.1  |  189.25 |       13 |              0 |                0 |            0 |           1 |       1 |            0 |
+---------+---------------------------+--------+--------+--------+---------+----------+----------------+------------------+--------------+-------------+---------+--------------+
|     115 | 2023-05-02 00:00:00-04:00 | 188.1  | 188.75 | 187.9  |  190.65 |       22 |              0 |                0 |            0 |           1 |       1 |            0 |
+---------+---------------------------+--------+--------+--------+---------+----------+----------------+------------------+--------------+-------------+---------+--------------+
|     116 | 2023-05-03 00:00:00-04:00 | 188.1  | 188.1  | 185.85 |  189.2  |      138 |              0 |                0 |            0 |           1 |       1 |            0 |
+---------+---------------------------+--------+--------+--------+---------+----------+----------------+------------------+--------------+-------------+---------+--------------+
|     117 | 2023-05-04 00:00:00-04:00 | 188    | 188    | 184.5  |  186.4  |      137 |              0 |                0 |            0 |           1 |       1 |            0 |
+---------+---------------------------+--------+--------+--------+---------+----------+----------------+------------------+--------------+-------------+---------+--------------+
|     118 | 2023-05-05 00:00:00-04:00 | 191    | 191    | 191    |  191    |        1 |              0 |                0 |            0 |           1 |       1 |            0 |
+---------+---------------------------+--------+--------+--------+---------+----------+----------------+------------------+--------------+-------------+---------+--------------+
|     119 | 2023-05-08 00:00:00-04:00 | 186.9  | 186.9  | 186.9  |  186.9  |        1 |              0 |                0 |            0 |           1 |       1 |            0 |
+---------+---------------------------+--------+--------+--------+---------+----------+----------------+------------------+--------------+-------------+---------+--------------+
|     120 | 2023-05-09 00:00:00-04:00 | 187.7  | 189.3  | 184.55 |  188    |       17 |              0 |                0 |            0 |           1 |       1 |            0 |
+---------+---------------------------+--------+--------+--------+---------+----------+----------------+------------------+--------------+-------------+---------+--------------+
|     121 | 2023-05-10 00:00:00-04:00 | 189.3  | 189.3  | 189.3  |  187.45 |        1 |              0 |                0 |            0 |           0 |       0 |           -1 |
+---------+---------------------------+--------+--------+--------+---------+----------+----------------+------------------+--------------+-------------+---------+--------------+
|     122 | 2023-05-11 00:00:00-04:00 | 186    | 186.1  | 185.5  |  185.8  |       10 |              0 |                0 |            0 |           0 |       0 |            0 |
+---------+---------------------------+--------+--------+--------+---------+----------+----------------+------------------+--------------+-------------+---------+--------------+
|     123 | 2023-05-12 00:00:00-04:00 | 185    | 186.75 | 185    |  186    |       34 |              0 |                0 |            0 |           0 |       0 |            0 |
+---------+---------------------------+--------+--------+--------+---------+----------+----------------+------------------+--------------+-------------+---------+--------------+
|     124 | 2023-05-15 00:00:00-04:00 | 192.45 | 192.45 | 192.45 |  193.05 |        7 |              1 |                0 |            0 |           0 |       1 |            1 |
+---------+---------------------------+--------+--------+--------+---------+----------+----------------+------------------+--------------+-------------+---------+--------------+
|     125 | 2023-05-16 00:00:00-04:00 | 196    | 196.55 | 196    |  190.35 |        5 |              0 |                0 |            0 |           0 |       0 |           -1 |
+---------+---------------------------+--------+--------+--------+---------+----------+----------------+------------------+--------------+-------------+---------+--------------+
|     126 | 2023-05-17 00:00:00-04:00 | 189.5  | 189.5  | 189.5  |  189.85 |        3 |              1 |                0 |            0 |           0 |       1 |            1 |
+---------+---------------------------+--------+--------+--------+---------+----------+----------------+------------------+--------------+-------------+---------+--------------+
|     127 | 2023-05-18 00:00:00-04:00 | 190.45 | 190.45 | 190.45 |  190.45 |    12733 |              1 |                0 |            0 |           1 |       2 |            1 |
+---------+---------------------------+--------+--------+--------+---------+----------+----------------+------------------+--------------+-------------+---------+--------------+
|     128 | 2023-05-19 00:00:00-04:00 | 186.2  | 194.4  | 186.2  |  192    |    23734 |              1 |                0 |            0 |           1 |       2 |            0 |
+---------+---------------------------+--------+--------+--------+---------+----------+----------------+------------------+--------------+-------------+---------+--------------+
|     129 | 2023-05-22 00:00:00-04:00 | 191    | 193.75 | 186.55 |  189.2  |    22894 |              1 |                0 |            0 |           1 |       2 |            0 |
+---------+---------------------------+--------+--------+--------+---------+----------+----------------+------------------+--------------+-------------+---------+--------------+
|     130 | 2023-05-23 00:00:00-04:00 | 189.25 | 190.3  | 185.7  |  187.45 |    16809 |              1 |                0 |            0 |           1 |       2 |            0 |
+---------+---------------------------+--------+--------+--------+---------+----------+----------------+------------------+--------------+-------------+---------+--------------+
|     131 | 2023-05-24 00:00:00-04:00 | 188.05 | 189.4  | 186.6  |  188    |    13608 |              1 |                0 |            0 |           1 |       2 |            0 |
+---------+---------------------------+--------+--------+--------+---------+----------+----------------+------------------+--------------+-------------+---------+--------------+
|     132 | 2023-05-25 00:00:00-04:00 | 188.2  | 188.4  | 181.65 |  182.7  |    24475 |              0 |                0 |            0 |           1 |       1 |           -1 |
+---------+---------------------------+--------+--------+--------+---------+----------+----------------+------------------+--------------+-------------+---------+--------------+
|     133 | 2023-05-26 00:00:00-04:00 | 182.8  | 184.8  | 180.3  |  181.6  |        0 |              0 |                0 |            0 |           1 |       1 |            0 |
+---------+---------------------------+--------+--------+--------+---------+----------+----------------+------------------+--------------+-------------+---------+--------------+
|     134 | 2023-05-30 00:00:00-04:00 | 180.05 | 181.75 | 175.9  |  177.1  |    27463 |              0 |                0 |            0 |           1 |       1 |            0 |
+---------+---------------------------+--------+--------+--------+---------+----------+----------------+------------------+--------------+-------------+---------+--------------+
|     135 | 2023-05-31 00:00:00-04:00 | 177.15 | 179.8  | 175.55 |  178.65 |    24936 |              0 |                0 |            0 |           0 |       0 |           -1 |
+---------+---------------------------+--------+--------+--------+---------+----------+----------------+------------------+--------------+-------------+---------+--------------+
|     136 | 2023-06-01 00:00:00-04:00 | 179.65 | 184.7  | 179.5  |  183.05 |    22533 |              1 |                0 |            0 |           0 |       1 |            1 |
+---------+---------------------------+--------+--------+--------+---------+----------+----------------+------------------+--------------+-------------+---------+--------------+
|     137 | 2023-06-02 00:00:00-04:00 | 183.3  | 187.8  | 179.05 |  180.3  |    27027 |              0 |                0 |            0 |           0 |       0 |           -1 |
+---------+---------------------------+--------+--------+--------+---------+----------+----------------+------------------+--------------+-------------+---------+--------------+
|     138 | 2023-06-05 00:00:00-04:00 | 179.95 | 183.7  | 179.35 |  183.1  |    18231 |              0 |                0 |            0 |           0 |       0 |            0 |
+---------+---------------------------+--------+--------+--------+---------+----------+----------------+------------------+--------------+-------------+---------+--------------+
|     139 | 2023-06-06 00:00:00-04:00 | 183.1  | 184.9  | 181.55 |  182.6  |    19024 |              0 |                0 |            0 |           0 |       0 |            0 |
+---------+---------------------------+--------+--------+--------+---------+----------+----------------+------------------+--------------+-------------+---------+--------------+
|     140 | 2023-06-07 00:00:00-04:00 | 183.6  | 186.6  | 182.65 |  185.4  |    28687 |              1 |                0 |            0 |           0 |       1 |            1 |
+---------+---------------------------+--------+--------+--------+---------+----------+----------------+------------------+--------------+-------------+---------+--------------+
|     141 | 2023-06-08 00:00:00-04:00 | 186.2  | 196.15 | 184.6  |  194.85 |    34152 |              1 |                0 |            1 |           0 |       2 |            1 |
+---------+---------------------------+--------+--------+--------+---------+----------+----------------+------------------+--------------+-------------+---------+--------------+
|     142 | 2023-06-09 00:00:00-04:00 | 196.6  | 196.6  | 188.8  |  190.65 |    38480 |              1 |                0 |            1 |           1 |       3 |            1 |
+---------+---------------------------+--------+--------+--------+---------+----------+----------------+------------------+--------------+-------------+---------+--------------+
|     143 | 2023-06-12 00:00:00-04:00 | 190.25 | 192.4  | 185.05 |  185.55 |    18584 |              1 |                0 |            1 |           1 |       3 |            0 |
+---------+---------------------------+--------+--------+--------+---------+----------+----------------+------------------+--------------+-------------+---------+--------------+
|     144 | 2023-06-13 00:00:00-04:00 | 185.7  | 186.75 | 181.9  |  182.75 |    12746 |              1 |                0 |            1 |           1 |       3 |            0 |
+---------+---------------------------+--------+--------+--------+---------+----------+----------------+------------------+--------------+-------------+---------+--------------+
|     145 | 2023-06-14 00:00:00-04:00 | 182.55 | 184.75 | 181.25 |  184.4  |     7870 |              1 |                0 |            1 |           1 |       3 |            0 |
+---------+---------------------------+--------+--------+--------+---------+----------+----------------+------------------+--------------+-------------+---------+--------------+
|     146 | 2023-06-15 00:00:00-04:00 | 184.75 | 188.05 | 184.7  |  187    |     9257 |              1 |                0 |            1 |           1 |       3 |            0 |
+---------+---------------------------+--------+--------+--------+---------+----------+----------------+------------------+--------------+-------------+---------+--------------+
|     147 | 2023-06-16 00:00:00-04:00 | 187.7  | 188.3  | 184.3  |  184.9  |        0 |              1 |                0 |            1 |           1 |       3 |            0 |
+---------+---------------------------+--------+--------+--------+---------+----------+----------------+------------------+--------------+-------------+---------+--------------+
|     148 | 2023-06-20 00:00:00-04:00 | 185.1  | 185.75 | 176.4  |  177.45 |    11003 |              1 |                0 |            0 |           1 |       2 |           -1 |
+---------+---------------------------+--------+--------+--------+---------+----------+----------------+------------------+--------------+-------------+---------+--------------+
|     149 | 2023-06-21 00:00:00-04:00 | 178.9  | 178.95 | 168.95 |  172    |     2928 |              0 |                0 |            0 |           1 |       1 |           -1 |
+---------+---------------------------+--------+--------+--------+---------+----------+----------------+------------------+--------------+-------------+---------+--------------+
|     150 | 2023-06-22 00:00:00-04:00 | 173.7  | 173.95 | 169.6  |  171.7  |       66 |              0 |                0 |            0 |           1 |       1 |            0 |
+---------+---------------------------+--------+--------+--------+---------+----------+----------------+------------------+--------------+-------------+---------+--------------+
|     151 | 2023-06-23 00:00:00-04:00 | 167.9  | 168.9  | 166.5  |  168.05 |      112 |              0 |                0 |            0 |           1 |       1 |            0 |
+---------+---------------------------+--------+--------+--------+---------+----------+----------------+------------------+--------------+-------------+---------+--------------+
|     152 | 2023-06-26 00:00:00-04:00 | 168    | 169.15 | 166.5  |  167.95 |       16 |              0 |                1 |            0 |           1 |       2 |            1 |
+---------+---------------------------+--------+--------+--------+---------+----------+----------------+------------------+--------------+-------------+---------+--------------+
|     153 | 2023-06-27 00:00:00-04:00 | 168.35 | 169.35 | 165.55 |  169.45 |       16 |              0 |                1 |            0 |           1 |       2 |            0 |
+---------+---------------------------+--------+--------+--------+---------+----------+----------------+------------------+--------------+-------------+---------+--------------+
|     154 | 2023-06-28 00:00:00-04:00 | 170.45 | 170.8  | 165    |  165.65 |       45 |              0 |                1 |            0 |           1 |       2 |            0 |
+---------+---------------------------+--------+--------+--------+---------+----------+----------------+------------------+--------------+-------------+---------+--------------+
|     155 | 2023-06-29 00:00:00-04:00 | 165    | 165.55 | 162.1  |  163.6  |       10 |              0 |                1 |            0 |           1 |       2 |            0 |
+---------+---------------------------+--------+--------+--------+---------+----------+----------------+------------------+--------------+-------------+---------+--------------+
|     156 | 2023-06-30 00:00:00-04:00 | 165.9  | 165.9  | 165.75 |  161    |        4 |              0 |                1 |            0 |           1 |       2 |            0 |
+---------+---------------------------+--------+--------+--------+---------+----------+----------------+------------------+--------------+-------------+---------+--------------+
|     157 | 2023-07-03 00:00:00-04:00 | 165.2  | 165.2  | 165.2  |  162.5  |        1 |              0 |                1 |            0 |           1 |       2 |            0 |
+---------+---------------------------+--------+--------+--------+---------+----------+----------------+------------------+--------------+-------------+---------+--------------+
|     158 | 2023-07-05 00:00:00-04:00 | 162.25 | 162.25 | 162.25 |  161.05 |       10 |              0 |                1 |            0 |           1 |       2 |            0 |
+---------+---------------------------+--------+--------+--------+---------+----------+----------------+------------------+--------------+-------------+---------+--------------+
|     159 | 2023-07-06 00:00:00-04:00 | 159.95 | 165.3  | 159.25 |  162.35 |       49 |              0 |                1 |            0 |           1 |       2 |            0 |
+---------+---------------------------+--------+--------+--------+---------+----------+----------------+------------------+--------------+-------------+---------+--------------+
|     160 | 2023-07-07 00:00:00-04:00 | 165    | 165    | 165    |  162.8  |        1 |              0 |                1 |            0 |           1 |       2 |            0 |
+---------+---------------------------+--------+--------+--------+---------+----------+----------------+------------------+--------------+-------------+---------+--------------+
|     161 | 2023-07-10 00:00:00-04:00 | 163.55 | 163.65 | 163.55 |  161.75 |        2 |              0 |                1 |            0 |           1 |       2 |            0 |
+---------+---------------------------+--------+--------+--------+---------+----------+----------------+------------------+--------------+-------------+---------+--------------+
|     162 | 2023-07-11 00:00:00-04:00 | 159.15 | 159.5  | 158    |  159.3  |       49 |              0 |                1 |            0 |           1 |       2 |            0 |
+---------+---------------------------+--------+--------+--------+---------+----------+----------------+------------------+--------------+-------------+---------+--------------+
|     163 | 2023-07-12 00:00:00-04:00 | 158.75 | 158.75 | 158.75 |  158.75 |        0 |              0 |                1 |            0 |           1 |       2 |            0 |
+---------+---------------------------+--------+--------+--------+---------+----------+----------------+------------------+--------------+-------------+---------+--------------+
|     164 | 2023-07-13 00:00:00-04:00 | 160.7  | 160.7  | 160.7  |  159.35 |        1 |              0 |                1 |            0 |           1 |       2 |            0 |
+---------+---------------------------+--------+--------+--------+---------+----------+----------------+------------------+--------------+-------------+---------+--------------+
|     165 | 2023-07-14 00:00:00-04:00 | 162.45 | 162.45 | 161.75 |  161.95 |       82 |              1 |                1 |            1 |           1 |       4 |            2 |
+---------+---------------------------+--------+--------+--------+---------+----------+----------------+------------------+--------------+-------------+---------+--------------+
|     166 | 2023-07-17 00:00:00-04:00 | 158.05 | 158.05 | 155.5  |  154.75 |        2 |              1 |                1 |            0 |           1 |       3 |           -1 |
+---------+---------------------------+--------+--------+--------+---------+----------+----------------+------------------+--------------+-------------+---------+--------------+
|     167 | 2023-07-18 00:00:00-04:00 | 155.25 | 155.25 | 155.25 |  155.25 |        0 |              0 |                1 |            0 |           0 |       1 |           -2 |
+---------+---------------------------+--------+--------+--------+---------+----------+----------------+------------------+--------------+-------------+---------+--------------+
|     168 | 2023-07-19 00:00:00-04:00 | 152.35 | 152.4  | 152.3  |  152.45 |    16087 |              1 |                1 |            0 |           0 |       2 |            1 |
+---------+---------------------------+--------+--------+--------+---------+----------+----------------+------------------+--------------+-------------+---------+--------------+
|     169 | 2023-07-20 00:00:00-04:00 | 155.5  | 160    | 155.25 |  158.05 |    19005 |              1 |                1 |            1 |           0 |       3 |            1 |
+---------+---------------------------+--------+--------+--------+---------+----------+----------------+------------------+--------------+-------------+---------+--------------+
|     170 | 2023-07-21 00:00:00-04:00 | 158.55 | 162.1  | 156.5  |  161.85 |    18695 |              1 |                1 |            1 |           0 |       3 |            0 |
+---------+---------------------------+--------+--------+--------+---------+----------+----------------+------------------+--------------+-------------+---------+--------------+
|     171 | 2023-07-24 00:00:00-04:00 | 161.15 | 165.45 | 161.05 |  163    |    20332 |              1 |                1 |            1 |           0 |       3 |            0 |
+---------+---------------------------+--------+--------+--------+---------+----------+----------------+------------------+--------------+-------------+---------+--------------+
|     172 | 2023-07-25 00:00:00-04:00 | 162.4  | 163.85 | 161.3  |  161.85 |    15908 |              1 |                1 |            1 |           0 |       3 |            0 |
+---------+---------------------------+--------+--------+--------+---------+----------+----------------+------------------+--------------+-------------+---------+--------------+
|     173 | 2023-07-26 00:00:00-04:00 | 161.3  | 163.85 | 159.25 |  163.15 |    15696 |              1 |                1 |            1 |           0 |       3 |            0 |
+---------+---------------------------+--------+--------+--------+---------+----------+----------------+------------------+--------------+-------------+---------+--------------+
|     174 | 2023-07-27 00:00:00-04:00 | 164.4  | 164.9  | 160.05 |  161.45 |    16873 |              1 |                1 |            1 |           0 |       3 |            0 |
+---------+---------------------------+--------+--------+--------+---------+----------+----------------+------------------+--------------+-------------+---------+--------------+
|     175 | 2023-07-28 00:00:00-04:00 | 161.3  | 161.9  | 157.35 |  157.9  |    14783 |              1 |                1 |            1 |           0 |       3 |            0 |
+---------+---------------------------+--------+--------+--------+---------+----------+----------------+------------------+--------------+-------------+---------+--------------+
|     176 | 2023-07-31 00:00:00-04:00 | 157.9  | 166    | 157.9  |  164.65 |    23117 |              1 |                1 |            1 |           0 |       3 |            0 |
+---------+---------------------------+--------+--------+--------+---------+----------+----------------+------------------+--------------+-------------+---------+--------------+
|     177 | 2023-08-01 00:00:00-04:00 | 165.1  | 167.4  | 162.05 |  164.55 |    20153 |              1 |                1 |            1 |           0 |       3 |            0 |
+---------+---------------------------+--------+--------+--------+---------+----------+----------------+------------------+--------------+-------------+---------+--------------+
|     178 | 2023-08-02 00:00:00-04:00 | 164.55 | 167.95 | 162.75 |  166.95 |    22311 |              1 |                1 |            1 |           1 |       4 |            1 |
+---------+---------------------------+--------+--------+--------+---------+----------+----------------+------------------+--------------+-------------+---------+--------------+
|     179 | 2023-08-03 00:00:00-04:00 | 166.35 | 168.3  | 164    |  164.75 |    17790 |              1 |                1 |            1 |           1 |       4 |            0 |
+---------+---------------------------+--------+--------+--------+---------+----------+----------------+------------------+--------------+-------------+---------+--------------+
|     180 | 2023-08-04 00:00:00-04:00 | 164    | 165    | 161    |  161.35 |    20244 |              1 |                1 |            1 |           1 |       4 |            0 |
+---------+---------------------------+--------+--------+--------+---------+----------+----------------+------------------+--------------+-------------+---------+--------------+
|     181 | 2023-08-07 00:00:00-04:00 | 161.15 | 164.9  | 160.05 |  163.95 |    27408 |              1 |                1 |            1 |           1 |       4 |            0 |
+---------+---------------------------+--------+--------+--------+---------+----------+----------------+------------------+--------------+-------------+---------+--------------+
|     182 | 2023-08-08 00:00:00-04:00 | 162.15 | 162.9  | 159.55 |  161.35 |    25992 |              1 |                1 |            1 |           1 |       4 |            0 |
+---------+---------------------------+--------+--------+--------+---------+----------+----------------+------------------+--------------+-------------+---------+--------------+
|     183 | 2023-08-09 00:00:00-04:00 | 161.85 | 162.4  | 160    |  160.75 |    26488 |              1 |                1 |            1 |           1 |       4 |            0 |
+---------+---------------------------+--------+--------+--------+---------+----------+----------------+------------------+--------------+-------------+---------+--------------+
|     184 | 2023-08-10 00:00:00-04:00 | 160.55 | 163.6  | 159.2  |  159.9  |    28310 |              0 |                1 |            1 |           1 |       3 |           -1 |
+---------+---------------------------+--------+--------+--------+---------+----------+----------------+------------------+--------------+-------------+---------+--------------+
|     185 | 2023-08-11 00:00:00-04:00 | 159.05 | 159.45 | 156    |  157.8  |    27615 |              0 |                1 |            1 |           1 |       3 |            0 |
+---------+---------------------------+--------+--------+--------+---------+----------+----------------+------------------+--------------+-------------+---------+--------------+
|     186 | 2023-08-14 00:00:00-04:00 | 157.5  | 158.3  | 150.7  |  151.1  |    21142 |              0 |                1 |            0 |           1 |       2 |           -1 |
+---------+---------------------------+--------+--------+--------+---------+----------+----------------+------------------+--------------+-------------+---------+--------------+
|     187 | 2023-08-15 00:00:00-04:00 | 150.85 | 151.3  | 148    |  149.25 |    11857 |              0 |                1 |            0 |           1 |       2 |            0 |
+---------+---------------------------+--------+--------+--------+---------+----------+----------------+------------------+--------------+-------------+---------+--------------+
|     188 | 2023-08-16 00:00:00-04:00 | 149.75 | 150.75 | 147.75 |  148.9  |     8371 |              0 |                1 |            0 |           1 |       2 |            0 |
+---------+---------------------------+--------+--------+--------+---------+----------+----------------+------------------+--------------+-------------+---------+--------------+
|     189 | 2023-08-17 00:00:00-04:00 | 148.95 | 150.05 | 145.8  |  147    |     4999 |              0 |                1 |            0 |           1 |       2 |            0 |
+---------+---------------------------+--------+--------+--------+---------+----------+----------------+------------------+--------------+-------------+---------+--------------+
|     190 | 2023-08-18 00:00:00-04:00 | 146.95 | 149.4  | 145.05 |  147.45 |     4867 |              0 |                1 |            0 |           1 |       2 |            0 |
+---------+---------------------------+--------+--------+--------+---------+----------+----------------+------------------+--------------+-------------+---------+--------------+
|     191 | 2023-08-21 00:00:00-04:00 | 147.6  | 151.8  | 147.15 |  147.55 |     6154 |              0 |                1 |            0 |           0 |       1 |           -1 |
+---------+---------------------------+--------+--------+--------+---------+----------+----------------+------------------+--------------+-------------+---------+--------------+
|     192 | 2023-08-22 00:00:00-04:00 | 147.9  | 150.4  | 146.1  |  146.6  |     4495 |              0 |                1 |            0 |           0 |       1 |            0 |
+---------+---------------------------+--------+--------+--------+---------+----------+----------------+------------------+--------------+-------------+---------+--------------+
|     193 | 2023-08-23 00:00:00-04:00 | 148.65 | 152.85 | 148.1  |  152.95 |     1085 |              0 |                1 |            0 |           0 |       1 |            0 |
+---------+---------------------------+--------+--------+--------+---------+----------+----------------+------------------+--------------+-------------+---------+--------------+
|     194 | 2023-08-24 00:00:00-04:00 | 153.8  | 154.25 | 151.4  |  153    |       52 |              1 |                1 |            0 |           0 |       2 |            1 |
+---------+---------------------------+--------+--------+--------+---------+----------+----------------+------------------+--------------+-------------+---------+--------------+
|     195 | 2023-08-25 00:00:00-04:00 | 154    | 154    | 154    |  151.75 |        3 |              0 |                1 |            1 |           0 |       2 |            0 |
+---------+---------------------------+--------+--------+--------+---------+----------+----------------+------------------+--------------+-------------+---------+--------------+
|     196 | 2023-08-28 00:00:00-04:00 | 152.95 | 153.25 | 152.5  |  151.8  |        8 |              0 |                1 |            1 |           0 |       2 |            0 |
+---------+---------------------------+--------+--------+--------+---------+----------+----------------+------------------+--------------+-------------+---------+--------------+
|     197 | 2023-08-29 00:00:00-04:00 | 152.35 | 153.05 | 149.85 |  151.35 |       41 |              0 |                1 |            1 |           0 |       2 |            0 |
+---------+---------------------------+--------+--------+--------+---------+----------+----------------+------------------+--------------+-------------+---------+--------------+
|     198 | 2023-08-30 00:00:00-04:00 | 150    | 153.7  | 150    |  153.35 |       21 |              1 |                1 |            1 |           0 |       3 |            1 |
+---------+---------------------------+--------+--------+--------+---------+----------+----------------+------------------+--------------+-------------+---------+--------------+
|     199 | 2023-08-31 00:00:00-04:00 | 153.65 | 153.65 | 153    |  152.7  |       57 |              1 |                1 |            1 |           1 |       4 |            1 |
+---------+---------------------------+--------+--------+--------+---------+----------+----------------+------------------+--------------+-------------+---------+--------------+
|     200 | 2023-09-01 00:00:00-04:00 | 151.5  | 151.5  | 151.1  |  150.95 |        0 |              1 |                1 |            1 |           1 |       4 |            0 |
+---------+---------------------------+--------+--------+--------+---------+----------+----------------+------------------+--------------+-------------+---------+--------------+
|     201 | 2023-09-05 00:00:00-04:00 | 147.95 | 152.5  | 147.95 |  151.4  |       28 |              1 |                1 |            1 |           1 |       4 |            0 |
+---------+---------------------------+--------+--------+--------+---------+----------+----------------+------------------+--------------+-------------+---------+--------------+
|     202 | 2023-09-06 00:00:00-04:00 | 151.75 | 151.75 | 151.75 |  151.75 |        0 |              1 |                1 |            1 |           1 |       4 |            0 |
+---------+---------------------------+--------+--------+--------+---------+----------+----------------+------------------+--------------+-------------+---------+--------------+
|     203 | 2023-09-07 00:00:00-04:00 | 147.4  | 147.4  | 147.4  |  147.4  |       20 |              1 |                1 |            1 |           1 |       4 |            0 |
+---------+---------------------------+--------+--------+--------+---------+----------+----------------+------------------+--------------+-------------+---------+--------------+
|     204 | 2023-09-08 00:00:00-04:00 | 146.25 | 146.25 | 146.25 |  146.25 |        0 |              1 |                1 |            1 |           0 |       3 |           -1 |
+---------+---------------------------+--------+--------+--------+---------+----------+----------------+------------------+--------------+-------------+---------+--------------+
|     205 | 2023-09-11 00:00:00-04:00 | 151.55 | 151.55 | 151.55 |  151.55 |       20 |              1 |                1 |            1 |           0 |       3 |            0 |
+---------+---------------------------+--------+--------+--------+---------+----------+----------------+------------------+--------------+-------------+---------+--------------+
|     206 | 2023-09-12 00:00:00-04:00 | 151.55 | 151.55 | 148.35 |  150.7  |        6 |              1 |                1 |            1 |           0 |       3 |            0 |
+---------+---------------------------+--------+--------+--------+---------+----------+----------------+------------------+--------------+-------------+---------+--------------+
|     207 | 2023-09-13 00:00:00-04:00 | 151.55 | 151.55 | 151.55 |  151.05 |       60 |              0 |                1 |            1 |           0 |       2 |           -1 |
+---------+---------------------------+--------+--------+--------+---------+----------+----------------+------------------+--------------+-------------+---------+--------------+
|     208 | 2023-09-14 00:00:00-04:00 | 153.1  | 153.1  | 153.1  |  153.1  |       23 |              1 |                1 |            1 |           0 |       3 |            1 |
+---------+---------------------------+--------+--------+--------+---------+----------+----------------+------------------+--------------+-------------+---------+--------------+
|     209 | 2023-09-15 00:00:00-04:00 | 158.25 | 158.25 | 158.25 |  158.25 |        0 |              1 |                1 |            1 |           0 |       3 |            0 |
+---------+---------------------------+--------+--------+--------+---------+----------+----------------+------------------+--------------+-------------+---------+--------------+
|     210 | 2023-09-18 00:00:00-04:00 | 158.7  | 158.7  | 158.7  |  158.7  |        0 |              1 |                1 |            1 |           0 |       3 |            0 |
+---------+---------------------------+--------+--------+--------+---------+----------+----------------+------------------+--------------+-------------+---------+--------------+
|     211 | 2023-09-19 00:00:00-04:00 | 162.5  | 173.5  | 162.5  |  167.5  |    28898 |              1 |                1 |            1 |           1 |       4 |            1 |
+---------+---------------------------+--------+--------+--------+---------+----------+----------------+------------------+--------------+-------------+---------+--------------+
|     212 | 2023-09-20 00:00:00-04:00 | 160.4  | 161.65 | 157.65 |  158.2  |    17552 |              1 |                1 |            1 |           1 |       4 |            0 |
+---------+---------------------------+--------+--------+--------+---------+----------+----------------+------------------+--------------+-------------+---------+--------------+
|     213 | 2023-09-21 00:00:00-04:00 | 158    | 158.75 | 154.5  |  154.85 |    17108 |              0 |                1 |            1 |           1 |       3 |           -1 |
+---------+---------------------------+--------+--------+--------+---------+----------+----------------+------------------+--------------+-------------+---------+--------------+
|     214 | 2023-09-22 00:00:00-04:00 | 154.75 | 155.7  | 150.05 |  151.15 |    19795 |              0 |                1 |            1 |           1 |       3 |            0 |
+---------+---------------------------+--------+--------+--------+---------+----------+----------------+------------------+--------------+-------------+---------+--------------+
|     215 | 2023-09-25 00:00:00-04:00 | 150.3  | 152.1  | 148.15 |  148.8  |    20313 |              0 |                1 |            1 |           1 |       3 |            0 |
+---------+---------------------------+--------+--------+--------+---------+----------+----------------+------------------+--------------+-------------+---------+--------------+
|     216 | 2023-09-26 00:00:00-04:00 | 148.8  | 152.15 | 148.45 |  150.85 |    19691 |              0 |                1 |            0 |           1 |       2 |           -1 |
+---------+---------------------------+--------+--------+--------+---------+----------+----------------+------------------+--------------+-------------+---------+--------------+
|     217 | 2023-09-27 00:00:00-04:00 | 150.45 | 150.5  | 147.55 |  149.25 |    20447 |              0 |                1 |            0 |           1 |       2 |            0 |
+---------+---------------------------+--------+--------+--------+---------+----------+----------------+------------------+--------------+-------------+---------+--------------+
|     218 | 2023-09-28 00:00:00-04:00 | 148.95 | 150.25 | 146.45 |  147.2  |    20343 |              0 |                1 |            0 |           1 |       2 |            0 |
+---------+---------------------------+--------+--------+--------+---------+----------+----------------+------------------+--------------+-------------+---------+--------------+
|     219 | 2023-09-29 00:00:00-04:00 | 147    | 147.5  | 144.95 |  146.15 |    21782 |              0 |                1 |            0 |           1 |       2 |            0 |
+---------+---------------------------+--------+--------+--------+---------+----------+----------------+------------------+--------------+-------------+---------+--------------+
|     220 | 2023-10-02 00:00:00-04:00 | 146    | 151.4  | 145.8  |  149.1  |    23829 |              0 |                1 |            0 |           1 |       2 |            0 |
+---------+---------------------------+--------+--------+--------+---------+----------+----------------+------------------+--------------+-------------+---------+--------------+
|     221 | 2023-10-03 00:00:00-04:00 | 149.15 | 149.9  | 147.25 |  148.75 |    13623 |              0 |                1 |            0 |           1 |       2 |            0 |
+---------+---------------------------+--------+--------+--------+---------+----------+----------------+------------------+--------------+-------------+---------+--------------+
|     222 | 2023-10-04 00:00:00-04:00 | 147.9  | 148.95 | 145.9  |  146.35 |    15834 |              0 |                1 |            0 |           1 |       2 |            0 |
+---------+---------------------------+--------+--------+--------+---------+----------+----------------+------------------+--------------+-------------+---------+--------------+
|     223 | 2023-10-05 00:00:00-04:00 | 146.05 | 147.5  | 145    |  145.4  |    13753 |              0 |                1 |            0 |           1 |       2 |            0 |
+---------+---------------------------+--------+--------+--------+---------+----------+----------------+------------------+--------------+-------------+---------+--------------+
|     224 | 2023-10-06 00:00:00-04:00 | 145.4  | 146.8  | 144.45 |  146.05 |    16599 |              0 |                1 |            0 |           0 |       1 |           -1 |
+---------+---------------------------+--------+--------+--------+---------+----------+----------------+------------------+--------------+-------------+---------+--------------+
|     225 | 2023-10-09 00:00:00-04:00 | 146.05 | 147.9  | 144.8  |  146.05 |    15684 |              0 |                1 |            0 |           0 |       1 |            0 |
+---------+---------------------------+--------+--------+--------+---------+----------+----------------+------------------+--------------+-------------+---------+--------------+
|     226 | 2023-10-10 00:00:00-04:00 | 145.7  | 148.4  | 143.7  |  147.5  |    26185 |              0 |                1 |            0 |           0 |       1 |            0 |
+---------+---------------------------+--------+--------+--------+---------+----------+----------------+------------------+--------------+-------------+---------+--------------+
|     227 | 2023-10-11 00:00:00-04:00 | 147.65 | 149.4  | 146.1  |  147.7  |    16438 |              0 |                1 |            0 |           0 |       1 |            0 |
+---------+---------------------------+--------+--------+--------+---------+----------+----------------+------------------+--------------+-------------+---------+--------------+
|     228 | 2023-10-12 00:00:00-04:00 | 147.85 | 149.9  | 147.05 |  149.3  |    19475 |              1 |                1 |            1 |           0 |       3 |            2 |
+---------+---------------------------+--------+--------+--------+---------+----------+----------------+------------------+--------------+-------------+---------+--------------+
|     229 | 2023-10-13 00:00:00-04:00 | 149.3  | 155.65 | 149.2  |  154.9  |    35239 |              1 |                1 |            1 |           0 |       3 |            0 |
+---------+---------------------------+--------+--------+--------+---------+----------+----------------+------------------+--------------+-------------+---------+--------------+
|     230 | 2023-10-16 00:00:00-04:00 | 154.9  | 156.15 | 152.1  |  154.15 |    24903 |              1 |                1 |            1 |           0 |       3 |            0 |
+---------+---------------------------+--------+--------+--------+---------+----------+----------------+------------------+--------------+-------------+---------+--------------+
|     231 | 2023-10-17 00:00:00-04:00 | 154    | 157.95 | 152.45 |  157.05 |    26996 |              1 |                1 |            1 |           0 |       3 |            0 |
+---------+---------------------------+--------+--------+--------+---------+----------+----------------+------------------+--------------+-------------+---------+--------------+
|     232 | 2023-10-18 00:00:00-04:00 | 157.15 | 159.5  | 156.65 |  158.05 |    25576 |              1 |                1 |            1 |           0 |       3 |            0 |
+---------+---------------------------+--------+--------+--------+---------+----------+----------------+------------------+--------------+-------------+---------+--------------+
|     233 | 2023-10-19 00:00:00-04:00 | 158.15 | 164.4  | 158.15 |  163.95 |    36623 |              1 |                1 |            1 |           0 |       3 |            0 |
+---------+---------------------------+--------+--------+--------+---------+----------+----------------+------------------+--------------+-------------+---------+--------------+
|     234 | 2023-10-20 00:00:00-04:00 | 163.4  | 166.8  | 162.25 |  165.25 |    37014 |              1 |                1 |            1 |           0 |       3 |            0 |
+---------+---------------------------+--------+--------+--------+---------+----------+----------------+------------------+--------------+-------------+---------+--------------+
|     235 | 2023-10-23 00:00:00-04:00 | 163.25 | 167    | 163.25 |  165.85 |    24142 |              1 |                1 |            1 |           0 |       3 |            0 |
+---------+---------------------------+--------+--------+--------+---------+----------+----------------+------------------+--------------+-------------+---------+--------------+
|     236 | 2023-10-24 00:00:00-04:00 | 165.6  | 168.85 | 165.05 |  168.15 |    21855 |              1 |                1 |            1 |           1 |       4 |            1 |
+---------+---------------------------+--------+--------+--------+---------+----------+----------------+------------------+--------------+-------------+---------+--------------+
|     237 | 2023-10-25 00:00:00-04:00 | 167.75 | 169.05 | 160.95 |  162.3  |    30189 |              1 |                1 |            1 |           1 |       4 |            0 |
+---------+---------------------------+--------+--------+--------+---------+----------+----------------+------------------+--------------+-------------+---------+--------------+
|     238 | 2023-10-26 00:00:00-04:00 | 161.55 | 163.6  | 160.3  |  161.2  |    17692 |              1 |                1 |            1 |           1 |       4 |            0 |
+---------+---------------------------+--------+--------+--------+---------+----------+----------------+------------------+--------------+-------------+---------+--------------+
|     239 | 2023-10-27 00:00:00-04:00 | 161.2  | 163.25 | 160.2  |  160.95 |    13025 |              1 |                1 |            1 |           0 |       3 |           -1 |
+---------+---------------------------+--------+--------+--------+---------+----------+----------------+------------------+--------------+-------------+---------+--------------+
|     240 | 2023-10-30 00:00:00-04:00 | 160.05 | 161.15 | 158.6  |  159.1  |    19461 |              0 |                1 |            1 |           0 |       2 |           -1 |
+---------+---------------------------+--------+--------+--------+---------+----------+----------------+------------------+--------------+-------------+---------+--------------+
|     241 | 2023-10-31 00:00:00-04:00 | 159.05 | 167.55 | 158.8  |  167.3  |    29746 |              1 |                1 |            1 |           0 |       3 |            1 |
+---------+---------------------------+--------+--------+--------+---------+----------+----------------+------------------+--------------+-------------+---------+--------------+
|     242 | 2023-11-01 00:00:00-04:00 | 166    | 167.15 | 158.75 |  159.8  |    29115 |              0 |                1 |            1 |           0 |       2 |           -1 |
+---------+---------------------------+--------+--------+--------+---------+----------+----------------+------------------+--------------+-------------+---------+--------------+
|     243 | 2023-11-02 00:00:00-04:00 | 160.7  | 166.8  | 160    |  165.35 |    24719 |              0 |                1 |            1 |           0 |       2 |            0 |
+---------+---------------------------+--------+--------+--------+---------+----------+----------------+------------------+--------------+-------------+---------+--------------+
|     244 | 2023-11-03 00:00:00-04:00 | 166.5  | 171.35 | 166.1  |  170.9  |    22293 |              0 |                1 |            1 |           0 |       2 |            0 |
+---------+---------------------------+--------+--------+--------+---------+----------+----------------+------------------+--------------+-------------+---------+--------------+
|     245 | 2023-11-06 00:00:00-05:00 | 170.25 | 174.1  | 168.45 |  173.7  |    23506 |              0 |                1 |            1 |           0 |       2 |            0 |
+---------+---------------------------+--------+--------+--------+---------+----------+----------------+------------------+--------------+-------------+---------+--------------+
|     246 | 2023-11-07 00:00:00-05:00 | 173.4  | 173.65 | 169.15 |  170.75 |    23506 |              0 |                0 |            1 |           0 |       1 |           -1 |
+---------+---------------------------+--------+--------+--------+---------+----------+----------------+------------------+--------------+-------------+---------+--------------+
|     247 | 2023-11-08 00:00:00-05:00 | 169.5  | 172.25 | 169.5  |  170.5  |     2519 |              0 |                0 |            1 |           0 |       1 |            0 |
+---------+---------------------------+--------+--------+--------+---------+----------+----------------+------------------+--------------+-------------+---------+--------------+

  Buy Price  Buy Time                     Sell Price  Sell Time                    Profit    Trade Length
-----------  -------------------------  ------------  -------------------------  --------  --------------
     163.55  2022-11-25 00:00:00-05:00        160.65  2022-11-28 00:00:00-05:00  -2.90001               1
     182.25  2023-03-10 00:00:00-05:00        183     2023-03-17 00:00:00-04:00   0.75                  5
     169.8   2023-03-30 00:00:00-04:00        176.25  2023-04-03 00:00:00-04:00   6.45                  2
     187.45  2023-05-10 00:00:00-04:00        193.05  2023-05-15 00:00:00-04:00   5.60001               3
     190.35  2023-05-16 00:00:00-04:00        189.85  2023-05-17 00:00:00-04:00  -0.5                   1
     178.65  2023-05-31 00:00:00-04:00        183.05  2023-06-01 00:00:00-04:00   4.40001               1
     180.3   2023-06-02 00:00:00-04:00        185.4   2023-06-07 00:00:00-04:00   5.09999               3
Total Profit: 18.899993896484375 Median Trade Length: 2.0 Average Trade Length: 2.2857142857142856
