Trading Output for soxl for the last 300 days
+---------+---------------------------+---------+---------+---------+---------+------------------+----------------+------------------+--------------+-------------+---------+--------------+
|   Index | Timestamp                 |    Open |    High |     Low |   Close |           Volume |   RSIEMA Cross |   SMA/VWAP Cross |   MACD Cross |   KNN EMA X |   Total |   Total Diff |
+=========+===========================+=========+=========+=========+=========+==================+================+==================+==============+=============+=========+==============+
|       0 | 2023-11-08 09:30:00-05:00 | 18.66   | 18.75   | 18.49   | 18.7496 |      3.67746e+06 |              0 |                1 |            0 |           0 |       1 |            0 |
+---------+---------------------------+---------+---------+---------+---------+------------------+----------------+------------------+--------------+-------------+---------+--------------+
|       1 | 2023-11-08 09:35:00-05:00 | 18.745  | 18.8999 | 18.7    | 18.8802 |      1.86898e+06 |              0 |                1 |            1 |           0 |       2 |            1 |
+---------+---------------------------+---------+---------+---------+---------+------------------+----------------+------------------+--------------+-------------+---------+--------------+
|       2 | 2023-11-08 09:40:00-05:00 | 18.88   | 18.9    | 18.76   | 18.7982 |      1.56855e+06 |              0 |                1 |            1 |           0 |       2 |            0 |
+---------+---------------------------+---------+---------+---------+---------+------------------+----------------+------------------+--------------+-------------+---------+--------------+
|       3 | 2023-11-08 09:45:00-05:00 | 18.8    | 18.9    | 18.72   | 18.74   |      1.71056e+06 |              0 |                1 |            1 |           0 |       2 |            0 |
+---------+---------------------------+---------+---------+---------+---------+------------------+----------------+------------------+--------------+-------------+---------+--------------+
|       4 | 2023-11-08 09:50:00-05:00 | 18.745  | 18.96   | 18.7401 | 18.899  |      1.2864e+06  |              0 |                0 |            1 |           1 |       2 |            0 |
+---------+---------------------------+---------+---------+---------+---------+------------------+----------------+------------------+--------------+-------------+---------+--------------+
|       5 | 2023-11-08 09:55:00-05:00 | 18.9    | 18.91   | 18.65   | 18.715  |      1.13033e+06 |              0 |                0 |            1 |           1 |       2 |            0 |
+---------+---------------------------+---------+---------+---------+---------+------------------+----------------+------------------+--------------+-------------+---------+--------------+
|       6 | 2023-11-08 10:00:00-05:00 | 18.72   | 18.73   | 18.5    | 18.52   |      1.31437e+06 |              0 |                1 |            0 |           1 |       2 |            0 |
+---------+---------------------------+---------+---------+---------+---------+------------------+----------------+------------------+--------------+-------------+---------+--------------+
|       7 | 2023-11-08 10:05:00-05:00 | 18.52   | 18.67   | 18.49   | 18.655  |      1.01882e+06 |              0 |                1 |            0 |           1 |       2 |            0 |
+---------+---------------------------+---------+---------+---------+---------+------------------+----------------+------------------+--------------+-------------+---------+--------------+
|       8 | 2023-11-08 10:10:00-05:00 | 18.6504 | 18.68   | 18.55   | 18.5799 | 733908           |              0 |                1 |            0 |           1 |       2 |            0 |
+---------+---------------------------+---------+---------+---------+---------+------------------+----------------+------------------+--------------+-------------+---------+--------------+
|       9 | 2023-11-08 10:15:00-05:00 | 18.57   | 18.6442 | 18.53   | 18.6003 | 632445           |              0 |                1 |            0 |           1 |       2 |            0 |
+---------+---------------------------+---------+---------+---------+---------+------------------+----------------+------------------+--------------+-------------+---------+--------------+
|      10 | 2023-11-08 10:20:00-05:00 | 18.605  | 18.6199 | 18.49   | 18.5392 | 720078           |              0 |                1 |            0 |           1 |       2 |            0 |
+---------+---------------------------+---------+---------+---------+---------+------------------+----------------+------------------+--------------+-------------+---------+--------------+
|      11 | 2023-11-08 10:25:00-05:00 | 18.535  | 18.55   | 18.49   | 18.5299 | 503021           |              0 |                1 |            0 |           1 |       2 |            0 |
+---------+---------------------------+---------+---------+---------+---------+------------------+----------------+------------------+--------------+-------------+---------+--------------+
|      12 | 2023-11-08 10:30:00-05:00 | 18.52   | 18.6    | 18.505  | 18.5963 | 650314           |              0 |                1 |            0 |           1 |       2 |            0 |
+---------+---------------------------+---------+---------+---------+---------+------------------+----------------+------------------+--------------+-------------+---------+--------------+
|      13 | 2023-11-08 10:35:00-05:00 | 18.59   | 18.61   | 18.49   | 18.4952 | 820921           |              0 |                1 |            0 |           1 |       2 |            0 |
+---------+---------------------------+---------+---------+---------+---------+------------------+----------------+------------------+--------------+-------------+---------+--------------+
|      14 | 2023-11-08 10:40:00-05:00 | 18.495  | 18.5099 | 18.42   | 18.49   |      1.12426e+06 |              1 |                1 |            0 |           1 |       3 |            1 |
+---------+---------------------------+---------+---------+---------+---------+------------------+----------------+------------------+--------------+-------------+---------+--------------+
|      15 | 2023-11-08 10:45:00-05:00 | 18.4903 | 18.51   | 18.46   | 18.5    | 661849           |              1 |                1 |            0 |           1 |       3 |            0 |
+---------+---------------------------+---------+---------+---------+---------+------------------+----------------+------------------+--------------+-------------+---------+--------------+
|      16 | 2023-11-08 10:50:00-05:00 | 18.5    | 18.5012 | 18.43   | 18.45   | 670233           |              1 |                1 |            0 |           1 |       3 |            0 |
+---------+---------------------------+---------+---------+---------+---------+------------------+----------------+------------------+--------------+-------------+---------+--------------+
|      17 | 2023-11-08 10:55:00-05:00 | 18.4599 | 18.5296 | 18.42   | 18.4424 | 696656           |              1 |                1 |            0 |           0 |       2 |           -1 |
+---------+---------------------------+---------+---------+---------+---------+------------------+----------------+------------------+--------------+-------------+---------+--------------+
|      18 | 2023-11-08 11:00:00-05:00 | 18.45   | 18.51   | 18.4198 | 18.4895 | 617875           |              1 |                1 |            0 |           0 |       2 |            0 |
+---------+---------------------------+---------+---------+---------+---------+------------------+----------------+------------------+--------------+-------------+---------+--------------+
|      19 | 2023-11-08 11:05:00-05:00 | 18.49   | 18.505  | 18.4165 | 18.43   | 416596           |              1 |                1 |            0 |           0 |       2 |            0 |
+---------+---------------------------+---------+---------+---------+---------+------------------+----------------+------------------+--------------+-------------+---------+--------------+
|      20 | 2023-11-08 11:10:00-05:00 | 18.425  | 18.51   | 18.425  | 18.4979 | 479799           |              1 |                1 |            0 |           0 |       2 |            0 |
+---------+---------------------------+---------+---------+---------+---------+------------------+----------------+------------------+--------------+-------------+---------+--------------+
|      21 | 2023-11-08 11:15:00-05:00 | 18.495  | 18.5699 | 18.47   | 18.56   | 612032           |              1 |                1 |            1 |           0 |       3 |            1 |
+---------+---------------------------+---------+---------+---------+---------+------------------+----------------+------------------+--------------+-------------+---------+--------------+
|      22 | 2023-11-08 11:20:00-05:00 | 18.56   | 18.58   | 18.49   | 18.53   | 719128           |              1 |                1 |            1 |           0 |       3 |            0 |
+---------+---------------------------+---------+---------+---------+---------+------------------+----------------+------------------+--------------+-------------+---------+--------------+
|      23 | 2023-11-08 11:25:00-05:00 | 18.54   | 18.54   | 18.48   | 18.51   | 293965           |              1 |                1 |            1 |           0 |       3 |            0 |
+---------+---------------------------+---------+---------+---------+---------+------------------+----------------+------------------+--------------+-------------+---------+--------------+
|      24 | 2023-11-08 11:30:00-05:00 | 18.51   | 18.61   | 18.5    | 18.57   |      1.09566e+06 |              1 |                1 |            1 |           0 |       3 |            0 |
+---------+---------------------------+---------+---------+---------+---------+------------------+----------------+------------------+--------------+-------------+---------+--------------+
|      25 | 2023-11-08 11:35:00-05:00 | 18.5722 | 18.67   | 18.572  | 18.6201 | 943512           |              1 |                1 |            1 |           0 |       3 |            0 |
+---------+---------------------------+---------+---------+---------+---------+------------------+----------------+------------------+--------------+-------------+---------+--------------+
|      26 | 2023-11-08 11:40:00-05:00 | 18.62   | 18.665  | 18.58   | 18.6401 | 990500           |              1 |                1 |            1 |           0 |       3 |            0 |
+---------+---------------------------+---------+---------+---------+---------+------------------+----------------+------------------+--------------+-------------+---------+--------------+
|      27 | 2023-11-08 11:45:00-05:00 | 18.645  | 18.7    | 18.63   | 18.64   | 560501           |              1 |                1 |            1 |           1 |       4 |            1 |
+---------+---------------------------+---------+---------+---------+---------+------------------+----------------+------------------+--------------+-------------+---------+--------------+
|      28 | 2023-11-08 11:50:00-05:00 | 18.65   | 18.6583 | 18.6    | 18.645  |      1.02736e+06 |              1 |                1 |            1 |           1 |       4 |            0 |
+---------+---------------------------+---------+---------+---------+---------+------------------+----------------+------------------+--------------+-------------+---------+--------------+
|      29 | 2023-11-08 11:55:00-05:00 | 18.64   | 18.6699 | 18.56   | 18.5636 | 642131           |              1 |                1 |            1 |           1 |       4 |            0 |
+---------+---------------------------+---------+---------+---------+---------+------------------+----------------+------------------+--------------+-------------+---------+--------------+
|      30 | 2023-11-08 12:00:00-05:00 | 18.561  | 18.59   | 18.5032 | 18.5142 |      1.11576e+06 |              1 |                1 |            1 |           1 |       4 |            0 |
+---------+---------------------------+---------+---------+---------+---------+------------------+----------------+------------------+--------------+-------------+---------+--------------+
|      31 | 2023-11-08 12:05:00-05:00 | 18.52   | 18.52   | 18.281  | 18.375  |      1.4528e+06  |              0 |                1 |            0 |           1 |       2 |           -2 |
+---------+---------------------------+---------+---------+---------+---------+------------------+----------------+------------------+--------------+-------------+---------+--------------+
|      32 | 2023-11-08 12:10:00-05:00 | 18.375  | 18.455  | 18.36   | 18.41   | 821206           |              0 |                1 |            0 |           1 |       2 |            0 |
+---------+---------------------------+---------+---------+---------+---------+------------------+----------------+------------------+--------------+-------------+---------+--------------+
|      33 | 2023-11-08 12:15:00-05:00 | 18.4    | 18.4684 | 18.3889 | 18.44   | 335502           |              1 |                1 |            0 |           0 |       2 |            0 |
+---------+---------------------------+---------+---------+---------+---------+------------------+----------------+------------------+--------------+-------------+---------+--------------+
|      34 | 2023-11-08 12:20:00-05:00 | 18.4601 | 18.47   | 18.42   | 18.4591 | 212634           |              0 |                1 |            0 |           0 |       1 |           -1 |
+---------+---------------------------+---------+---------+---------+---------+------------------+----------------+------------------+--------------+-------------+---------+--------------+
|      35 | 2023-11-08 12:25:00-05:00 | 18.4599 | 18.47   | 18.43   | 18.46   | 231571           |              0 |                1 |            0 |           0 |       1 |            0 |
+---------+---------------------------+---------+---------+---------+---------+------------------+----------------+------------------+--------------+-------------+---------+--------------+
|      36 | 2023-11-08 12:30:00-05:00 | 18.455  | 18.478  | 18.4299 | 18.47   | 288546           |              0 |                1 |            0 |           0 |       1 |            0 |
+---------+---------------------------+---------+---------+---------+---------+------------------+----------------+------------------+--------------+-------------+---------+--------------+
|      37 | 2023-11-08 12:35:00-05:00 | 18.46   | 18.54   | 18.4399 | 18.53   | 267205           |              1 |                1 |            1 |           0 |       3 |            2 |
+---------+---------------------------+---------+---------+---------+---------+------------------+----------------+------------------+--------------+-------------+---------+--------------+
|      38 | 2023-11-08 12:40:00-05:00 | 18.52   | 18.5299 | 18.47   | 18.501  | 321690           |              0 |                1 |            1 |           0 |       2 |           -1 |
+---------+---------------------------+---------+---------+---------+---------+------------------+----------------+------------------+--------------+-------------+---------+--------------+
|      39 | 2023-11-08 12:45:00-05:00 | 18.501  | 18.53   | 18.475  | 18.525  | 242067           |              0 |                1 |            1 |           0 |       2 |            0 |
+---------+---------------------------+---------+---------+---------+---------+------------------+----------------+------------------+--------------+-------------+---------+--------------+
|      40 | 2023-11-08 12:50:00-05:00 | 18.525  | 18.55   | 18.5    | 18.5381 | 229818           |              0 |                1 |            1 |           0 |       2 |            0 |
+---------+---------------------------+---------+---------+---------+---------+------------------+----------------+------------------+--------------+-------------+---------+--------------+
|      41 | 2023-11-08 12:55:00-05:00 | 18.535  | 18.54   | 18.4817 | 18.51   | 169541           |              0 |                1 |            1 |           0 |       2 |            0 |
+---------+---------------------------+---------+---------+---------+---------+------------------+----------------+------------------+--------------+-------------+---------+--------------+
|      42 | 2023-11-08 13:00:00-05:00 | 18.5    | 18.61   | 18.46   | 18.565  |      1.03823e+06 |              0 |                1 |            1 |           0 |       2 |            0 |
+---------+---------------------------+---------+---------+---------+---------+------------------+----------------+------------------+--------------+-------------+---------+--------------+
|      43 | 2023-11-08 13:05:00-05:00 | 18.568  | 18.64   | 18.565  | 18.6197 | 532630           |              1 |                1 |            1 |           0 |       3 |            1 |
+---------+---------------------------+---------+---------+---------+---------+------------------+----------------+------------------+--------------+-------------+---------+--------------+
|      44 | 2023-11-08 13:10:00-05:00 | 18.6106 | 18.619  | 18.5201 | 18.525  |      3.76322e+07 |              1 |                1 |            1 |           0 |       3 |            0 |
+---------+---------------------------+---------+---------+---------+---------+------------------+----------------+------------------+--------------+-------------+---------+--------------+
|      45 | 2023-11-08 13:15:00-05:00 | 18.53   | 18.56   | 18.5    | 18.51   | 395016           |              1 |                1 |            1 |           0 |       3 |            0 |
+---------+---------------------------+---------+---------+---------+---------+------------------+----------------+------------------+--------------+-------------+---------+--------------+
|      46 | 2023-11-08 13:20:00-05:00 | 18.519  | 18.59   | 18.47   | 18.5801 | 540047           |              1 |                1 |            1 |           0 |       3 |            0 |
+---------+---------------------------+---------+---------+---------+---------+------------------+----------------+------------------+--------------+-------------+---------+--------------+
|      47 | 2023-11-08 13:25:00-05:00 | 18.58   | 18.62   | 18.5699 | 18.6001 | 300591           |              1 |                1 |            1 |           0 |       3 |            0 |
+---------+---------------------------+---------+---------+---------+---------+------------------+----------------+------------------+--------------+-------------+---------+--------------+
|      48 | 2023-11-08 13:30:00-05:00 | 18.608  | 18.63   | 18.59   | 18.6025 | 350484           |              1 |                1 |            1 |           0 |       3 |            0 |
+---------+---------------------------+---------+---------+---------+---------+------------------+----------------+------------------+--------------+-------------+---------+--------------+
|      49 | 2023-11-08 13:35:00-05:00 | 18.605  | 18.65   | 18.6    | 18.619  | 337518           |              1 |                0 |            1 |           0 |       2 |           -1 |
+---------+---------------------------+---------+---------+---------+---------+------------------+----------------+------------------+--------------+-------------+---------+--------------+
|      50 | 2023-11-08 13:40:00-05:00 | 18.615  | 18.6385 | 18.61   | 18.62   | 264790           |              1 |                0 |            1 |           0 |       2 |            0 |
+---------+---------------------------+---------+---------+---------+---------+------------------+----------------+------------------+--------------+-------------+---------+--------------+
|      51 | 2023-11-08 13:45:00-05:00 | 18.615  | 18.65   | 18.605  | 18.635  | 204928           |              1 |                0 |            1 |           0 |       2 |            0 |
+---------+---------------------------+---------+---------+---------+---------+------------------+----------------+------------------+--------------+-------------+---------+--------------+
|      52 | 2023-11-08 13:50:00-05:00 | 18.64   | 18.67   | 18.61   | 18.645  | 401705           |              1 |                0 |            1 |           0 |       2 |            0 |
+---------+---------------------------+---------+---------+---------+---------+------------------+----------------+------------------+--------------+-------------+---------+--------------+
|      53 | 2023-11-08 13:55:00-05:00 | 18.641  | 18.66   | 18.61   | 18.63   | 290099           |              1 |                0 |            1 |           0 |       2 |            0 |
+---------+---------------------------+---------+---------+---------+---------+------------------+----------------+------------------+--------------+-------------+---------+--------------+
|      54 | 2023-11-08 14:00:00-05:00 | 18.63   | 18.695  | 18.61   | 18.68   | 414073           |              1 |                0 |            1 |           0 |       2 |            0 |
+---------+---------------------------+---------+---------+---------+---------+------------------+----------------+------------------+--------------+-------------+---------+--------------+
|      55 | 2023-11-08 14:05:00-05:00 | 18.68   | 18.74   | 18.6728 | 18.73   | 459965           |              1 |                0 |            1 |           0 |       2 |            0 |
+---------+---------------------------+---------+---------+---------+---------+------------------+----------------+------------------+--------------+-------------+---------+--------------+
|      56 | 2023-11-08 14:10:00-05:00 | 18.72   | 18.73   | 18.65   | 18.66   | 466658           |              0 |                0 |            1 |           1 |       2 |            0 |
+---------+---------------------------+---------+---------+---------+---------+------------------+----------------+------------------+--------------+-------------+---------+--------------+
|      57 | 2023-11-08 14:15:00-05:00 | 18.66   | 18.71   | 18.66   | 18.665  | 280059           |              0 |                0 |            1 |           0 |       1 |           -1 |
+---------+---------------------------+---------+---------+---------+---------+------------------+----------------+------------------+--------------+-------------+---------+--------------+
|      58 | 2023-11-08 14:20:00-05:00 | 18.6701 | 18.7    | 18.67   | 18.68   | 192698           |              1 |                0 |            1 |           0 |       2 |            1 |
+---------+---------------------------+---------+---------+---------+---------+------------------+----------------+------------------+--------------+-------------+---------+--------------+
|      59 | 2023-11-08 14:25:00-05:00 | 18.67   | 18.684  | 18.65   | 18.6632 | 222367           |              1 |                0 |            1 |           0 |       2 |            0 |
+---------+---------------------------+---------+---------+---------+---------+------------------+----------------+------------------+--------------+-------------+---------+--------------+
|      60 | 2023-11-08 14:30:00-05:00 | 18.665  | 18.72   | 18.64   | 18.655  | 632537           |              0 |                0 |            1 |           0 |       1 |           -1 |
+---------+---------------------------+---------+---------+---------+---------+------------------+----------------+------------------+--------------+-------------+---------+--------------+
|      61 | 2023-11-08 14:35:00-05:00 | 18.6504 | 18.73   | 18.6301 | 18.72   | 471291           |              1 |                0 |            1 |           1 |       3 |            2 |
+---------+---------------------------+---------+---------+---------+---------+------------------+----------------+------------------+--------------+-------------+---------+--------------+
|      62 | 2023-11-08 14:40:00-05:00 | 18.7218 | 18.74   | 18.67   | 18.7235 | 391134           |              1 |                0 |            1 |           1 |       3 |            0 |
+---------+---------------------------+---------+---------+---------+---------+------------------+----------------+------------------+--------------+-------------+---------+--------------+
|      63 | 2023-11-08 14:45:00-05:00 | 18.7208 | 18.73   | 18.68   | 18.68   | 236312           |              0 |                0 |            1 |           1 |       2 |           -1 |
+---------+---------------------------+---------+---------+---------+---------+------------------+----------------+------------------+--------------+-------------+---------+--------------+
|      64 | 2023-11-08 14:50:00-05:00 | 18.68   | 18.68   | 18.64   | 18.67   | 274617           |              0 |                0 |            1 |           1 |       2 |            0 |
+---------+---------------------------+---------+---------+---------+---------+------------------+----------------+------------------+--------------+-------------+---------+--------------+
|      65 | 2023-11-08 14:55:00-05:00 | 18.66   | 18.67   | 18.56   | 18.5688 | 409936           |              0 |                0 |            0 |           1 |       1 |           -1 |
+---------+---------------------------+---------+---------+---------+---------+------------------+----------------+------------------+--------------+-------------+---------+--------------+
|      66 | 2023-11-08 15:00:00-05:00 | 18.57   | 18.6    | 18.55   | 18.59   | 368281           |              0 |                0 |            0 |           1 |       1 |            0 |
+---------+---------------------------+---------+---------+---------+---------+------------------+----------------+------------------+--------------+-------------+---------+--------------+
|      67 | 2023-11-08 15:05:00-05:00 | 18.59   | 18.6    | 18.55   | 18.55   | 232819           |              0 |                0 |            0 |           0 |       0 |           -1 |
+---------+---------------------------+---------+---------+---------+---------+------------------+----------------+------------------+--------------+-------------+---------+--------------+
|      68 | 2023-11-08 15:10:00-05:00 | 18.56   | 18.5903 | 18.51   | 18.5903 | 354120           |              0 |                0 |            0 |           0 |       0 |            0 |
+---------+---------------------------+---------+---------+---------+---------+------------------+----------------+------------------+--------------+-------------+---------+--------------+
|      69 | 2023-11-08 15:15:00-05:00 | 18.595  | 18.635  | 18.5869 | 18.62   | 230030           |              0 |                0 |            0 |           0 |       0 |            0 |
+---------+---------------------------+---------+---------+---------+---------+------------------+----------------+------------------+--------------+-------------+---------+--------------+
|      70 | 2023-11-08 15:20:00-05:00 | 18.62   | 18.6619 | 18.6099 | 18.6619 | 226344           |              0 |                0 |            0 |           0 |       0 |            0 |
+---------+---------------------------+---------+---------+---------+---------+------------------+----------------+------------------+--------------+-------------+---------+--------------+
|      71 | 2023-11-08 15:25:00-05:00 | 18.66   | 18.6899 | 18.6435 | 18.66   | 321857           |              0 |                0 |            0 |           0 |       0 |            0 |
+---------+---------------------------+---------+---------+---------+---------+------------------+----------------+------------------+--------------+-------------+---------+--------------+
|      72 | 2023-11-08 15:30:00-05:00 | 18.67   | 18.67   | 18.6142 | 18.62   | 282095           |              0 |                0 |            0 |           0 |       0 |            0 |
+---------+---------------------------+---------+---------+---------+---------+------------------+----------------+------------------+--------------+-------------+---------+--------------+
|      73 | 2023-11-08 15:35:00-05:00 | 18.625  | 18.68   | 18.62   | 18.665  | 297863           |              0 |                0 |            0 |           0 |       0 |            0 |
+---------+---------------------------+---------+---------+---------+---------+------------------+----------------+------------------+--------------+-------------+---------+--------------+
|      74 | 2023-11-08 15:40:00-05:00 | 18.67   | 18.74   | 18.66   | 18.73   | 282031           |              1 |                0 |            1 |           0 |       2 |            2 |
+---------+---------------------------+---------+---------+---------+---------+------------------+----------------+------------------+--------------+-------------+---------+--------------+
|      75 | 2023-11-08 15:45:00-05:00 | 18.725  | 18.7278 | 18.64   | 18.64   | 515862           |              0 |                0 |            1 |           0 |       1 |           -1 |
+---------+---------------------------+---------+---------+---------+---------+------------------+----------------+------------------+--------------+-------------+---------+--------------+
|      76 | 2023-11-08 15:50:00-05:00 | 18.64   | 18.705  | 18.62   | 18.6547 | 786445           |              0 |                0 |            1 |           0 |       1 |            0 |
+---------+---------------------------+---------+---------+---------+---------+------------------+----------------+------------------+--------------+-------------+---------+--------------+
|      77 | 2023-11-08 15:55:00-05:00 | 18.65   | 18.7022 | 18.65   | 18.675  | 537812           |              1 |                0 |            1 |           0 |       2 |            1 |
+---------+---------------------------+---------+---------+---------+---------+------------------+----------------+------------------+--------------+-------------+---------+--------------+

  Buy Price  Buy Time                     Sell Price  Sell Time                    Profit    Trade Length
-----------  -------------------------  ------------  -------------------------  --------  --------------
      18.55  2023-11-08 15:05:00-05:00         18.73  2023-11-08 15:40:00-05:00      0.18               7
Total Profit: 0.18000030517578125 Median Trade Length: 7.0 Average Trade Length: 7.0
