Trading Output for urty for the last 300 days
+---------+---------------------------+---------+---------+---------+---------+------------------+----------------+------------------+--------------+-------------+---------+--------------+
|   Index | Timestamp                 |    Open |    High |     Low |   Close |           Volume |   RSIEMA Cross |   SMA/VWAP Cross |   MACD Cross |   KNN EMA X |   Total |   Total Diff |
+=========+===========================+=========+=========+=========+=========+==================+================+==================+==============+=============+=========+==============+
|       0 | 2023-11-06 09:30:00-05:00 | 31.6148 | 31.78   | 31.23   | 31.28   | 113291           |              0 |                1 |            0 |           0 |       1 |            0 |
+---------+---------------------------+---------+---------+---------+---------+------------------+----------------+------------------+--------------+-------------+---------+--------------+
|       1 | 2023-11-06 09:35:00-05:00 | 31.21   | 31.26   | 31.049  | 31.05   |  89979           |              0 |                1 |            0 |           0 |       1 |            0 |
+---------+---------------------------+---------+---------+---------+---------+------------------+----------------+------------------+--------------+-------------+---------+--------------+
|       2 | 2023-11-06 09:40:00-05:00 | 31.049  | 31.05   | 30.8587 | 30.87   |  52300           |              0 |                1 |            0 |           0 |       1 |            0 |
+---------+---------------------------+---------+---------+---------+---------+------------------+----------------+------------------+--------------+-------------+---------+--------------+
|       3 | 2023-11-06 09:45:00-05:00 | 30.89   | 31.03   | 30.8    | 30.96   |  32170           |              0 |                1 |            0 |           0 |       1 |            0 |
+---------+---------------------------+---------+---------+---------+---------+------------------+----------------+------------------+--------------+-------------+---------+--------------+
|       4 | 2023-11-06 09:50:00-05:00 | 30.9899 | 31.06   | 30.77   | 30.8    |  29879           |              0 |                1 |            0 |           1 |       2 |            1 |
+---------+---------------------------+---------+---------+---------+---------+------------------+----------------+------------------+--------------+-------------+---------+--------------+
|       5 | 2023-11-06 09:55:00-05:00 | 30.7998 | 30.84   | 30.7105 | 30.83   |  15813           |              0 |                1 |            0 |           1 |       2 |            0 |
+---------+---------------------------+---------+---------+---------+---------+------------------+----------------+------------------+--------------+-------------+---------+--------------+
|       6 | 2023-11-06 10:00:00-05:00 | 30.88   | 30.94   | 30.79   | 30.88   |  31390           |              0 |                1 |            0 |           1 |       2 |            0 |
+---------+---------------------------+---------+---------+---------+---------+------------------+----------------+------------------+--------------+-------------+---------+--------------+
|       7 | 2023-11-06 10:05:00-05:00 | 30.88   | 30.88   | 30.7315 | 30.79   |  26767           |              0 |                1 |            0 |           1 |       2 |            0 |
+---------+---------------------------+---------+---------+---------+---------+------------------+----------------+------------------+--------------+-------------+---------+--------------+
|       8 | 2023-11-06 10:10:00-05:00 | 30.795  | 30.7981 | 30.56   | 30.56   |  16228           |              0 |                1 |            0 |           1 |       2 |            0 |
+---------+---------------------------+---------+---------+---------+---------+------------------+----------------+------------------+--------------+-------------+---------+--------------+
|       9 | 2023-11-06 10:15:00-05:00 | 30.57   | 30.64   | 30.47   | 30.64   |  10630           |              0 |                1 |            0 |           1 |       2 |            0 |
+---------+---------------------------+---------+---------+---------+---------+------------------+----------------+------------------+--------------+-------------+---------+--------------+
|      10 | 2023-11-06 10:20:00-05:00 | 30.65   | 30.7799 | 30.6    | 30.6505 |  18892           |              0 |                1 |            0 |           1 |       2 |            0 |
+---------+---------------------------+---------+---------+---------+---------+------------------+----------------+------------------+--------------+-------------+---------+--------------+
|      11 | 2023-11-06 10:25:00-05:00 | 30.66   | 30.66   | 30.5698 | 30.57   |   6896           |              0 |                1 |            0 |           1 |       2 |            0 |
+---------+---------------------------+---------+---------+---------+---------+------------------+----------------+------------------+--------------+-------------+---------+--------------+
|      12 | 2023-11-06 10:30:00-05:00 | 30.58   | 30.65   | 30.5099 | 30.62   |   6625           |              0 |                1 |            0 |           0 |       1 |           -1 |
+---------+---------------------------+---------+---------+---------+---------+------------------+----------------+------------------+--------------+-------------+---------+--------------+
|      13 | 2023-11-06 10:35:00-05:00 | 30.63   | 30.7599 | 30.61   | 30.7599 |  11218           |              0 |                1 |            0 |           1 |       2 |            1 |
+---------+---------------------------+---------+---------+---------+---------+------------------+----------------+------------------+--------------+-------------+---------+--------------+
|      14 | 2023-11-06 10:40:00-05:00 | 30.76   | 30.81   | 30.6801 | 30.705  |  12448           |              1 |                1 |            0 |           1 |       3 |            1 |
+---------+---------------------------+---------+---------+---------+---------+------------------+----------------+------------------+--------------+-------------+---------+--------------+
|      15 | 2023-11-06 10:45:00-05:00 | 30.7    | 30.7    | 30.61   | 30.62   |  10216           |              1 |                1 |            0 |           1 |       3 |            0 |
+---------+---------------------------+---------+---------+---------+---------+------------------+----------------+------------------+--------------+-------------+---------+--------------+
|      16 | 2023-11-06 10:50:00-05:00 | 30.63   | 30.69   | 30.59   | 30.6599 |   3914           |              1 |                1 |            0 |           1 |       3 |            0 |
+---------+---------------------------+---------+---------+---------+---------+------------------+----------------+------------------+--------------+-------------+---------+--------------+
|      17 | 2023-11-06 10:55:00-05:00 | 30.66   | 30.665  | 30.54   | 30.59   |   6141           |              1 |                1 |            0 |           1 |       3 |            0 |
+---------+---------------------------+---------+---------+---------+---------+------------------+----------------+------------------+--------------+-------------+---------+--------------+
|      18 | 2023-11-06 11:00:00-05:00 | 30.59   | 30.61   | 30.49   | 30.53   |   3182           |              1 |                1 |            0 |           1 |       3 |            0 |
+---------+---------------------------+---------+---------+---------+---------+------------------+----------------+------------------+--------------+-------------+---------+--------------+
|      19 | 2023-11-06 11:05:00-05:00 | 30.56   | 30.72   | 30.56   | 30.72   |   6124           |              1 |                1 |            1 |           1 |       4 |            1 |
+---------+---------------------------+---------+---------+---------+---------+------------------+----------------+------------------+--------------+-------------+---------+--------------+
|      20 | 2023-11-06 11:10:00-05:00 | 30.69   | 30.69   | 30.6    | 30.6    |   3444           |              1 |                1 |            1 |           1 |       4 |            0 |
+---------+---------------------------+---------+---------+---------+---------+------------------+----------------+------------------+--------------+-------------+---------+--------------+
|      21 | 2023-11-06 11:15:00-05:00 | 30.59   | 30.63   | 30.53   | 30.63   |   8814           |              1 |                1 |            1 |           1 |       4 |            0 |
+---------+---------------------------+---------+---------+---------+---------+------------------+----------------+------------------+--------------+-------------+---------+--------------+
|      22 | 2023-11-06 11:20:00-05:00 | 30.64   | 30.64   | 30.42   | 30.45   |  10393           |              1 |                1 |            1 |           1 |       4 |            0 |
+---------+---------------------------+---------+---------+---------+---------+------------------+----------------+------------------+--------------+-------------+---------+--------------+
|      23 | 2023-11-06 11:25:00-05:00 | 30.4518 | 30.58   | 30.4518 | 30.5122 |  17591           |              1 |                1 |            1 |           1 |       4 |            0 |
+---------+---------------------------+---------+---------+---------+---------+------------------+----------------+------------------+--------------+-------------+---------+--------------+
|      24 | 2023-11-06 11:30:00-05:00 | 30.51   | 30.51   | 30.45   | 30.49   |  18243           |              1 |                1 |            1 |           1 |       4 |            0 |
+---------+---------------------------+---------+---------+---------+---------+------------------+----------------+------------------+--------------+-------------+---------+--------------+
|      25 | 2023-11-06 11:35:00-05:00 | 30.48   | 30.5601 | 30.47   | 30.52   |   3605           |              1 |                1 |            1 |           1 |       4 |            0 |
+---------+---------------------------+---------+---------+---------+---------+------------------+----------------+------------------+--------------+-------------+---------+--------------+
|      26 | 2023-11-06 11:40:00-05:00 | 30.52   | 30.53   | 30.48   | 30.48   |   3212           |              1 |                1 |            1 |           0 |       3 |           -1 |
+---------+---------------------------+---------+---------+---------+---------+------------------+----------------+------------------+--------------+-------------+---------+--------------+
|      27 | 2023-11-06 11:45:00-05:00 | 30.4403 | 30.46   | 30.4201 | 30.4501 |   3453           |              0 |                1 |            1 |           0 |       2 |           -1 |
+---------+---------------------------+---------+---------+---------+---------+------------------+----------------+------------------+--------------+-------------+---------+--------------+
|      28 | 2023-11-06 11:50:00-05:00 | 30.48   | 30.53   | 30.48   | 30.52   |   3620           |              1 |                1 |            1 |           0 |       3 |            1 |
+---------+---------------------------+---------+---------+---------+---------+------------------+----------------+------------------+--------------+-------------+---------+--------------+
|      29 | 2023-11-06 11:55:00-05:00 | 30.55   | 30.66   | 30.55   | 30.65   |   4227           |              1 |                1 |            1 |           0 |       3 |            0 |
+---------+---------------------------+---------+---------+---------+---------+------------------+----------------+------------------+--------------+-------------+---------+--------------+
|      30 | 2023-11-06 12:00:00-05:00 | 30.68   | 30.71   | 30.55   | 30.55   |   3838           |              1 |                1 |            1 |           0 |       3 |            0 |
+---------+---------------------------+---------+---------+---------+---------+------------------+----------------+------------------+--------------+-------------+---------+--------------+
|      31 | 2023-11-06 12:05:00-05:00 | 30.56   | 30.57   | 30.51   | 30.55   |   4637           |              1 |                1 |            1 |           1 |       4 |            1 |
+---------+---------------------------+---------+---------+---------+---------+------------------+----------------+------------------+--------------+-------------+---------+--------------+
|      32 | 2023-11-06 12:10:00-05:00 | 30.54   | 30.58   | 30.52   | 30.57   |   3252           |              1 |                1 |            1 |           1 |       4 |            0 |
+---------+---------------------------+---------+---------+---------+---------+------------------+----------------+------------------+--------------+-------------+---------+--------------+
|      33 | 2023-11-06 12:15:00-05:00 | 30.5697 | 30.61   | 30.56   | 30.5602 |   2690           |              0 |                1 |            1 |           1 |       3 |           -1 |
+---------+---------------------------+---------+---------+---------+---------+------------------+----------------+------------------+--------------+-------------+---------+--------------+
|      34 | 2023-11-06 12:20:00-05:00 | 30.59   | 30.59   | 30.4789 | 30.54   |   3555           |              1 |                1 |            1 |           1 |       4 |            1 |
+---------+---------------------------+---------+---------+---------+---------+------------------+----------------+------------------+--------------+-------------+---------+--------------+
|      35 | 2023-11-06 12:25:00-05:00 | 30.52   | 30.52   | 30.44   | 30.47   |   4583           |              0 |                1 |            1 |           1 |       3 |           -1 |
+---------+---------------------------+---------+---------+---------+---------+------------------+----------------+------------------+--------------+-------------+---------+--------------+
|      36 | 2023-11-06 12:30:00-05:00 | 30.48   | 30.52   | 30.48   | 30.51   |   1655           |              1 |                1 |            1 |           1 |       4 |            1 |
+---------+---------------------------+---------+---------+---------+---------+------------------+----------------+------------------+--------------+-------------+---------+--------------+
|      37 | 2023-11-06 12:35:00-05:00 | 30.51   | 30.51   | 30.44   | 30.465  |   4246           |              1 |                1 |            1 |           1 |       4 |            0 |
+---------+---------------------------+---------+---------+---------+---------+------------------+----------------+------------------+--------------+-------------+---------+--------------+
|      38 | 2023-11-06 12:40:00-05:00 | 30.48   | 30.51   | 30.45   | 30.47   |   1784           |              1 |                1 |            1 |           1 |       4 |            0 |
+---------+---------------------------+---------+---------+---------+---------+------------------+----------------+------------------+--------------+-------------+---------+--------------+
|      39 | 2023-11-06 12:45:00-05:00 | 30.48   | 30.5    | 30.43   | 30.44   |   2206           |              0 |                1 |            1 |           1 |       3 |           -1 |
+---------+---------------------------+---------+---------+---------+---------+------------------+----------------+------------------+--------------+-------------+---------+--------------+
|      40 | 2023-11-06 12:50:00-05:00 | 30.45   | 30.45   | 30.34   | 30.37   |   8266           |              0 |                1 |            1 |           1 |       3 |            0 |
+---------+---------------------------+---------+---------+---------+---------+------------------+----------------+------------------+--------------+-------------+---------+--------------+
|      41 | 2023-11-06 12:55:00-05:00 | 30.37   | 30.45   | 30.37   | 30.45   |   4777           |              1 |                1 |            1 |           1 |       4 |            1 |
+---------+---------------------------+---------+---------+---------+---------+------------------+----------------+------------------+--------------+-------------+---------+--------------+
|      42 | 2023-11-06 13:00:00-05:00 | 30.44   | 30.44   | 30.31   | 30.34   |   4430           |              0 |                1 |            0 |           1 |       2 |           -2 |
+---------+---------------------------+---------+---------+---------+---------+------------------+----------------+------------------+--------------+-------------+---------+--------------+
|      43 | 2023-11-06 13:05:00-05:00 | 30.36   | 30.38   | 30.32   | 30.33   |   3438           |              0 |                1 |            0 |           1 |       2 |            0 |
+---------+---------------------------+---------+---------+---------+---------+------------------+----------------+------------------+--------------+-------------+---------+--------------+
|      44 | 2023-11-06 13:10:00-05:00 | 30.32   | 30.32   | 30.25   | 30.25   |  13335           |              0 |                1 |            0 |           1 |       2 |            0 |
+---------+---------------------------+---------+---------+---------+---------+------------------+----------------+------------------+--------------+-------------+---------+--------------+
|      45 | 2023-11-06 13:15:00-05:00 | 30.25   | 30.26   | 30.065  | 30.075  |  16105           |              0 |                1 |            0 |           1 |       2 |            0 |
+---------+---------------------------+---------+---------+---------+---------+------------------+----------------+------------------+--------------+-------------+---------+--------------+
|      46 | 2023-11-06 13:20:00-05:00 | 30.06   | 30.1001 | 29.94   | 30.1001 |  19328           |              0 |                1 |            0 |           1 |       2 |            0 |
+---------+---------------------------+---------+---------+---------+---------+------------------+----------------+------------------+--------------+-------------+---------+--------------+
|      47 | 2023-11-06 13:25:00-05:00 | 30.11   | 30.1182 | 30.08   | 30.11   |  17885           |              0 |                1 |            0 |           0 |       1 |           -1 |
+---------+---------------------------+---------+---------+---------+---------+------------------+----------------+------------------+--------------+-------------+---------+--------------+
|      48 | 2023-11-06 13:30:00-05:00 | 30.1    | 30.18   | 30.07   | 30.165  |  10094           |              0 |                1 |            0 |           0 |       1 |            0 |
+---------+---------------------------+---------+---------+---------+---------+------------------+----------------+------------------+--------------+-------------+---------+--------------+
|      49 | 2023-11-06 13:35:00-05:00 | 30.16   | 30.28   | 30.16   | 30.27   |  21797           |              1 |                1 |            0 |           0 |       2 |            1 |
+---------+---------------------------+---------+---------+---------+---------+------------------+----------------+------------------+--------------+-------------+---------+--------------+
|      50 | 2023-11-06 13:40:00-05:00 | 30.24   | 30.2797 | 30.23   | 30.2797 |   4792           |              1 |                1 |            0 |           1 |       3 |            1 |
+---------+---------------------------+---------+---------+---------+---------+------------------+----------------+------------------+--------------+-------------+---------+--------------+
|      51 | 2023-11-06 13:45:00-05:00 | 30.27   | 30.29   | 30.19   | 30.22   |   5267           |              1 |                1 |            1 |           1 |       4 |            1 |
+---------+---------------------------+---------+---------+---------+---------+------------------+----------------+------------------+--------------+-------------+---------+--------------+
|      52 | 2023-11-06 13:50:00-05:00 | 30.2    | 30.22   | 30.16   | 30.16   |   4256           |              0 |                1 |            1 |           1 |       3 |           -1 |
+---------+---------------------------+---------+---------+---------+---------+------------------+----------------+------------------+--------------+-------------+---------+--------------+
|      53 | 2023-11-06 13:55:00-05:00 | 30.17   | 30.26   | 30.17   | 30.26   |   4836           |              1 |                1 |            1 |           1 |       4 |            1 |
+---------+---------------------------+---------+---------+---------+---------+------------------+----------------+------------------+--------------+-------------+---------+--------------+
|      54 | 2023-11-06 14:00:00-05:00 | 30.2536 | 30.3    | 30.18   | 30.2    |   4911           |              1 |                1 |            1 |           1 |       4 |            0 |
+---------+---------------------------+---------+---------+---------+---------+------------------+----------------+------------------+--------------+-------------+---------+--------------+
|      55 | 2023-11-06 14:05:00-05:00 | 30.25   | 30.25   | 30.09   | 30.11   |   7950           |              0 |                1 |            1 |           1 |       3 |           -1 |
+---------+---------------------------+---------+---------+---------+---------+------------------+----------------+------------------+--------------+-------------+---------+--------------+
|      56 | 2023-11-06 14:10:00-05:00 | 30.11   | 30.14   | 30.07   | 30.1098 |   4307           |              1 |                1 |            1 |           0 |       3 |            0 |
+---------+---------------------------+---------+---------+---------+---------+------------------+----------------+------------------+--------------+-------------+---------+--------------+
|      57 | 2023-11-06 14:15:00-05:00 | 30.1    | 30.18   | 30.1    | 30.17   |   4138           |              1 |                1 |            1 |           0 |       3 |            0 |
+---------+---------------------------+---------+---------+---------+---------+------------------+----------------+------------------+--------------+-------------+---------+--------------+
|      58 | 2023-11-06 14:20:00-05:00 | 30.17   | 30.19   | 30.13   | 30.1699 |   6848           |              1 |                1 |            1 |           0 |       3 |            0 |
+---------+---------------------------+---------+---------+---------+---------+------------------+----------------+------------------+--------------+-------------+---------+--------------+
|      59 | 2023-11-06 14:25:00-05:00 | 30.19   | 30.2026 | 30.13   | 30.17   |   8190           |              1 |                1 |            1 |           0 |       3 |            0 |
+---------+---------------------------+---------+---------+---------+---------+------------------+----------------+------------------+--------------+-------------+---------+--------------+
|      60 | 2023-11-06 14:30:00-05:00 | 30.17   | 30.28   | 30.16   | 30.27   |   4342           |              1 |                1 |            1 |           0 |       3 |            0 |
+---------+---------------------------+---------+---------+---------+---------+------------------+----------------+------------------+--------------+-------------+---------+--------------+
|      61 | 2023-11-06 14:35:00-05:00 | 30.259  | 30.28   | 30.215  | 30.27   |  16485           |              1 |                1 |            1 |           0 |       3 |            0 |
+---------+---------------------------+---------+---------+---------+---------+------------------+----------------+------------------+--------------+-------------+---------+--------------+
|      62 | 2023-11-06 14:40:00-05:00 | 30.2857 | 30.4399 | 30.26   | 30.4    |  18148           |              1 |                1 |            1 |           0 |       3 |            0 |
+---------+---------------------------+---------+---------+---------+---------+------------------+----------------+------------------+--------------+-------------+---------+--------------+
|      63 | 2023-11-06 14:45:00-05:00 | 30.385  | 30.42   | 30.3799 | 30.39   |   5797           |              1 |                1 |            1 |           0 |       3 |            0 |
+---------+---------------------------+---------+---------+---------+---------+------------------+----------------+------------------+--------------+-------------+---------+--------------+
|      64 | 2023-11-06 14:50:00-05:00 | 30.385  | 30.43   | 30.3801 | 30.43   |   2789           |              1 |                1 |            1 |           0 |       3 |            0 |
+---------+---------------------------+---------+---------+---------+---------+------------------+----------------+------------------+--------------+-------------+---------+--------------+
|      65 | 2023-11-06 14:55:00-05:00 | 30.45   | 30.4799 | 30.4302 | 30.46   |  10296           |              1 |                1 |            1 |           0 |       3 |            0 |
+---------+---------------------------+---------+---------+---------+---------+------------------+----------------+------------------+--------------+-------------+---------+--------------+
|      66 | 2023-11-06 15:00:00-05:00 | 30.47   | 30.5    | 30.46   | 30.5    |   4611           |              1 |                1 |            1 |           0 |       3 |            0 |
+---------+---------------------------+---------+---------+---------+---------+------------------+----------------+------------------+--------------+-------------+---------+--------------+
|      67 | 2023-11-06 15:05:00-05:00 | 30.51   | 30.51   | 30.43   | 30.43   |  12334           |              1 |                1 |            1 |           0 |       3 |            0 |
+---------+---------------------------+---------+---------+---------+---------+------------------+----------------+------------------+--------------+-------------+---------+--------------+
|      68 | 2023-11-06 15:10:00-05:00 | 30.44   | 30.49   | 30.42   | 30.42   |   4852           |              1 |                1 |            1 |           0 |       3 |            0 |
+---------+---------------------------+---------+---------+---------+---------+------------------+----------------+------------------+--------------+-------------+---------+--------------+
|      69 | 2023-11-06 15:15:00-05:00 | 30.42   | 30.49   | 30.42   | 30.48   |   3127           |              1 |                1 |            1 |           1 |       4 |            1 |
+---------+---------------------------+---------+---------+---------+---------+------------------+----------------+------------------+--------------+-------------+---------+--------------+
|      70 | 2023-11-06 15:20:00-05:00 | 30.45   | 30.45   | 30.37   | 30.41   |   3716           |              1 |                1 |            1 |           1 |       4 |            0 |
+---------+---------------------------+---------+---------+---------+---------+------------------+----------------+------------------+--------------+-------------+---------+--------------+
|      71 | 2023-11-06 15:25:00-05:00 | 30.39   | 30.41   | 30.34   | 30.41   |  14727           |              1 |                1 |            1 |           1 |       4 |            0 |
+---------+---------------------------+---------+---------+---------+---------+------------------+----------------+------------------+--------------+-------------+---------+--------------+
|      72 | 2023-11-06 15:30:00-05:00 | 30.41   | 30.44   | 30.355  | 30.43   |   5703           |              1 |                1 |            1 |           1 |       4 |            0 |
+---------+---------------------------+---------+---------+---------+---------+------------------+----------------+------------------+--------------+-------------+---------+--------------+
|      73 | 2023-11-06 15:35:00-05:00 | 30.44   | 30.44   | 30.35   | 30.42   |   7561           |              1 |                1 |            1 |           1 |       4 |            0 |
+---------+---------------------------+---------+---------+---------+---------+------------------+----------------+------------------+--------------+-------------+---------+--------------+
|      74 | 2023-11-06 15:40:00-05:00 | 30.42   | 30.44   | 30.32   | 30.33   |   8449           |              0 |                1 |            1 |           1 |       3 |           -1 |
+---------+---------------------------+---------+---------+---------+---------+------------------+----------------+------------------+--------------+-------------+---------+--------------+
|      75 | 2023-11-06 15:45:00-05:00 | 30.31   | 30.35   | 30.28   | 30.33   |  11337           |              0 |                1 |            0 |           1 |       2 |           -1 |
+---------+---------------------------+---------+---------+---------+---------+------------------+----------------+------------------+--------------+-------------+---------+--------------+
|      76 | 2023-11-06 15:50:00-05:00 | 30.34   | 30.38   | 30.285  | 30.315  |  13174           |              0 |                1 |            0 |           1 |       2 |            0 |
+---------+---------------------------+---------+---------+---------+---------+------------------+----------------+------------------+--------------+-------------+---------+--------------+
|      77 | 2023-11-06 15:55:00-05:00 | 30.335  | 30.47   | 30.335  | 30.46   |  23001           |              0 |                1 |            1 |           1 |       3 |            1 |
+---------+---------------------------+---------+---------+---------+---------+------------------+----------------+------------------+--------------+-------------+---------+--------------+
|      78 | 2023-11-07 09:30:00-05:00 | 30.02   | 30.06   | 29.74   | 29.78   |  89956           |              0 |                1 |            0 |           1 |       2 |           -1 |
+---------+---------------------------+---------+---------+---------+---------+------------------+----------------+------------------+--------------+-------------+---------+--------------+
|      79 | 2023-11-07 09:35:00-05:00 | 29.78   | 29.83   | 29.56   | 29.56   |  24310           |              0 |                1 |            0 |           1 |       2 |            0 |
+---------+---------------------------+---------+---------+---------+---------+------------------+----------------+------------------+--------------+-------------+---------+--------------+
|      80 | 2023-11-07 09:40:00-05:00 | 29.56   | 29.74   | 29.51   | 29.7299 |  74439           |              0 |                1 |            0 |           0 |       1 |           -1 |
+---------+---------------------------+---------+---------+---------+---------+------------------+----------------+------------------+--------------+-------------+---------+--------------+
|      81 | 2023-11-07 09:45:00-05:00 | 29.75   | 29.81   | 29.65   | 29.67   |  17794           |              0 |                1 |            0 |           0 |       1 |            0 |
+---------+---------------------------+---------+---------+---------+---------+------------------+----------------+------------------+--------------+-------------+---------+--------------+
|      82 | 2023-11-07 09:50:00-05:00 | 29.6681 | 30.02   | 29.6681 | 30.02   | 175892           |              0 |                1 |            0 |           0 |       1 |            0 |
+---------+---------------------------+---------+---------+---------+---------+------------------+----------------+------------------+--------------+-------------+---------+--------------+
|      83 | 2023-11-07 09:55:00-05:00 | 30.03   | 30.1393 | 29.98   | 30.13   | 151353           |              0 |                1 |            0 |           0 |       1 |            0 |
+---------+---------------------------+---------+---------+---------+---------+------------------+----------------+------------------+--------------+-------------+---------+--------------+
|      84 | 2023-11-07 10:00:00-05:00 | 30.12   | 30.37   | 30.12   | 30.2    |  77422           |              1 |                1 |            0 |           0 |       2 |            1 |
+---------+---------------------------+---------+---------+---------+---------+------------------+----------------+------------------+--------------+-------------+---------+--------------+
|      85 | 2023-11-07 10:05:00-05:00 | 30.16   | 30.17   | 30.01   | 30.02   |  16611           |              0 |                1 |            0 |           0 |       1 |           -1 |
+---------+---------------------------+---------+---------+---------+---------+------------------+----------------+------------------+--------------+-------------+---------+--------------+
|      86 | 2023-11-07 10:10:00-05:00 | 30.01   | 30.14   | 29.97   | 30.12   |  19251           |              0 |                1 |            1 |           0 |       2 |            1 |
+---------+---------------------------+---------+---------+---------+---------+------------------+----------------+------------------+--------------+-------------+---------+--------------+
|      87 | 2023-11-07 10:15:00-05:00 | 30.17   | 30.19   | 30.06   | 30.18   |  11344           |              1 |                1 |            1 |           0 |       3 |            1 |
+---------+---------------------------+---------+---------+---------+---------+------------------+----------------+------------------+--------------+-------------+---------+--------------+
|      88 | 2023-11-07 10:20:00-05:00 | 30.17   | 30.23   | 30.17   | 30.23   |   8130           |              1 |                1 |            1 |           0 |       3 |            0 |
+---------+---------------------------+---------+---------+---------+---------+------------------+----------------+------------------+--------------+-------------+---------+--------------+
|      89 | 2023-11-07 10:25:00-05:00 | 30.24   | 30.41   | 30.22   | 30.28   |  15170           |              1 |                1 |            1 |           0 |       3 |            0 |
+---------+---------------------------+---------+---------+---------+---------+------------------+----------------+------------------+--------------+-------------+---------+--------------+
|      90 | 2023-11-07 10:30:00-05:00 | 30.28   | 30.35   | 30.2    | 30.335  |  45865           |              1 |                1 |            1 |           0 |       3 |            0 |
+---------+---------------------------+---------+---------+---------+---------+------------------+----------------+------------------+--------------+-------------+---------+--------------+
|      91 | 2023-11-07 10:35:00-05:00 | 30.33   | 30.45   | 30.33   | 30.45   |  35263           |              1 |                1 |            1 |           0 |       3 |            0 |
+---------+---------------------------+---------+---------+---------+---------+------------------+----------------+------------------+--------------+-------------+---------+--------------+
|      92 | 2023-11-07 10:40:00-05:00 | 30.445  | 30.4612 | 30.409  | 30.4612 |  36655           |              1 |                1 |            1 |           0 |       3 |            0 |
+---------+---------------------------+---------+---------+---------+---------+------------------+----------------+------------------+--------------+-------------+---------+--------------+
|      93 | 2023-11-07 10:45:00-05:00 | 30.47   | 30.53   | 30.37   | 30.51   |  42782           |              1 |                0 |            1 |           1 |       3 |            0 |
+---------+---------------------------+---------+---------+---------+---------+------------------+----------------+------------------+--------------+-------------+---------+--------------+
|      94 | 2023-11-07 10:50:00-05:00 | 30.51   | 30.53   | 30.425  | 30.425  |  17826           |              1 |                0 |            1 |           1 |       3 |            0 |
+---------+---------------------------+---------+---------+---------+---------+------------------+----------------+------------------+--------------+-------------+---------+--------------+
|      95 | 2023-11-07 10:55:00-05:00 | 30.43   | 30.46   | 30.32   | 30.36   |  11204           |              1 |                0 |            1 |           1 |       3 |            0 |
+---------+---------------------------+---------+---------+---------+---------+------------------+----------------+------------------+--------------+-------------+---------+--------------+
|      96 | 2023-11-07 11:00:00-05:00 | 30.34   | 30.3503 | 30.228  | 30.255  |  34404           |              1 |                0 |            1 |           1 |       3 |            0 |
+---------+---------------------------+---------+---------+---------+---------+------------------+----------------+------------------+--------------+-------------+---------+--------------+
|      97 | 2023-11-07 11:05:00-05:00 | 30.25   | 30.26   | 30.19   | 30.19   |   6522           |              0 |                1 |            1 |           1 |       3 |            0 |
+---------+---------------------------+---------+---------+---------+---------+------------------+----------------+------------------+--------------+-------------+---------+--------------+
|      98 | 2023-11-07 11:10:00-05:00 | 30.2    | 30.28   | 30.2    | 30.27   |   5583           |              0 |                1 |            1 |           1 |       3 |            0 |
+---------+---------------------------+---------+---------+---------+---------+------------------+----------------+------------------+--------------+-------------+---------+--------------+
|      99 | 2023-11-07 11:15:00-05:00 | 30.28   | 30.33   | 30.25   | 30.25   |   8790           |              1 |                1 |            1 |           1 |       4 |            1 |
+---------+---------------------------+---------+---------+---------+---------+------------------+----------------+------------------+--------------+-------------+---------+--------------+
|     100 | 2023-11-07 11:20:00-05:00 | 30.24   | 30.28   | 30.205  | 30.27   |   7438           |              1 |                1 |            0 |           1 |       3 |           -1 |
+---------+---------------------------+---------+---------+---------+---------+------------------+----------------+------------------+--------------+-------------+---------+--------------+
|     101 | 2023-11-07 11:25:00-05:00 | 30.27   | 30.27   | 30.14   | 30.19   |  17306           |              0 |                1 |            0 |           1 |       2 |           -1 |
+---------+---------------------------+---------+---------+---------+---------+------------------+----------------+------------------+--------------+-------------+---------+--------------+
|     102 | 2023-11-07 11:30:00-05:00 | 30.18   | 30.29   | 30.16   | 30.29   |  39413           |              0 |                1 |            0 |           1 |       2 |            0 |
+---------+---------------------------+---------+---------+---------+---------+------------------+----------------+------------------+--------------+-------------+---------+--------------+
|     103 | 2023-11-07 11:35:00-05:00 | 30.3    | 30.33   | 30.24   | 30.245  |   5083           |              0 |                1 |            0 |           1 |       2 |            0 |
+---------+---------------------------+---------+---------+---------+---------+------------------+----------------+------------------+--------------+-------------+---------+--------------+
|     104 | 2023-11-07 11:40:00-05:00 | 30.26   | 30.29   | 30.2099 | 30.22   |   8230           |              0 |                1 |            0 |           1 |       2 |            0 |
+---------+---------------------------+---------+---------+---------+---------+------------------+----------------+------------------+--------------+-------------+---------+--------------+
|     105 | 2023-11-07 11:45:00-05:00 | 30.218  | 30.23   | 30.12   | 30.14   |  19726           |              0 |                1 |            0 |           1 |       2 |            0 |
+---------+---------------------------+---------+---------+---------+---------+------------------+----------------+------------------+--------------+-------------+---------+--------------+
|     106 | 2023-11-07 11:50:00-05:00 | 30.14   | 30.18   | 30.1    | 30.16   |   5809           |              0 |                1 |            0 |           1 |       2 |            0 |
+---------+---------------------------+---------+---------+---------+---------+------------------+----------------+------------------+--------------+-------------+---------+--------------+
|     107 | 2023-11-07 11:55:00-05:00 | 30.16   | 30.23   | 30.15   | 30.2    |  93794           |              0 |                1 |            0 |           1 |       2 |            0 |
+---------+---------------------------+---------+---------+---------+---------+------------------+----------------+------------------+--------------+-------------+---------+--------------+
|     108 | 2023-11-07 12:00:00-05:00 | 30.18   | 30.18   | 30.03   | 30.04   | 139209           |              0 |                1 |            0 |           1 |       2 |            0 |
+---------+---------------------------+---------+---------+---------+---------+------------------+----------------+------------------+--------------+-------------+---------+--------------+
|     109 | 2023-11-07 12:05:00-05:00 | 30.03   | 30.09   | 29.99   | 30.04   | 133896           |              0 |                1 |            0 |           1 |       2 |            0 |
+---------+---------------------------+---------+---------+---------+---------+------------------+----------------+------------------+--------------+-------------+---------+--------------+
|     110 | 2023-11-07 12:10:00-05:00 | 30.03   | 30.04   | 29.99   | 29.99   |   8786           |              0 |                1 |            0 |           1 |       2 |            0 |
+---------+---------------------------+---------+---------+---------+---------+------------------+----------------+------------------+--------------+-------------+---------+--------------+
|     111 | 2023-11-07 12:15:00-05:00 | 29.97   | 30.01   | 29.93   | 29.99   |  20569           |              0 |                1 |            0 |           1 |       2 |            0 |
+---------+---------------------------+---------+---------+---------+---------+------------------+----------------+------------------+--------------+-------------+---------+--------------+
|     112 | 2023-11-07 12:20:00-05:00 | 29.96   | 29.96   | 29.9    | 29.95   |   3634           |              0 |                1 |            0 |           1 |       2 |            0 |
+---------+---------------------------+---------+---------+---------+---------+------------------+----------------+------------------+--------------+-------------+---------+--------------+
|     113 | 2023-11-07 12:25:00-05:00 | 29.96   | 29.99   | 29.91   | 29.93   |   6756           |              0 |                1 |            0 |           1 |       2 |            0 |
+---------+---------------------------+---------+---------+---------+---------+------------------+----------------+------------------+--------------+-------------+---------+--------------+
|     114 | 2023-11-07 12:30:00-05:00 | 29.89   | 29.96   | 29.798  | 29.94   |  13732           |              0 |                1 |            0 |           1 |       2 |            0 |
+---------+---------------------------+---------+---------+---------+---------+------------------+----------------+------------------+--------------+-------------+---------+--------------+
|     115 | 2023-11-07 12:35:00-05:00 | 29.92   | 29.92   | 29.87   | 29.87   |  10624           |              0 |                1 |            0 |           1 |       2 |            0 |
+---------+---------------------------+---------+---------+---------+---------+------------------+----------------+------------------+--------------+-------------+---------+--------------+
|     116 | 2023-11-07 12:40:00-05:00 | 29.87   | 29.89   | 29.85   | 29.87   |   2310           |              0 |                1 |            0 |           1 |       2 |            0 |
+---------+---------------------------+---------+---------+---------+---------+------------------+----------------+------------------+--------------+-------------+---------+--------------+
|     117 | 2023-11-07 12:45:00-05:00 | 29.8521 | 29.95   | 29.82   | 29.84   |   4765           |              0 |                1 |            0 |           0 |       1 |           -1 |
+---------+---------------------------+---------+---------+---------+---------+------------------+----------------+------------------+--------------+-------------+---------+--------------+
|     118 | 2023-11-07 12:50:00-05:00 | 29.84   | 29.85   | 29.78   | 29.81   |   4774           |              0 |                1 |            0 |           0 |       1 |            0 |
+---------+---------------------------+---------+---------+---------+---------+------------------+----------------+------------------+--------------+-------------+---------+--------------+
|     119 | 2023-11-07 12:55:00-05:00 | 29.81   | 29.9367 | 29.79   | 29.9367 |   4662           |              1 |                1 |            0 |           0 |       2 |            1 |
+---------+---------------------------+---------+---------+---------+---------+------------------+----------------+------------------+--------------+-------------+---------+--------------+
|     120 | 2023-11-07 13:00:00-05:00 | 29.94   | 30.02   | 29.92   | 29.94   |  11808           |              1 |                1 |            0 |           0 |       2 |            0 |
+---------+---------------------------+---------+---------+---------+---------+------------------+----------------+------------------+--------------+-------------+---------+--------------+
|     121 | 2023-11-07 13:05:00-05:00 | 29.93   | 30.05   | 29.91   | 30.0497 |   9238           |              1 |                1 |            1 |           0 |       3 |            1 |
+---------+---------------------------+---------+---------+---------+---------+------------------+----------------+------------------+--------------+-------------+---------+--------------+
|     122 | 2023-11-07 13:10:00-05:00 | 30.05   | 30.06   | 30.03   | 30.04   |   6380           |              1 |                1 |            1 |           0 |       3 |            0 |
+---------+---------------------------+---------+---------+---------+---------+------------------+----------------+------------------+--------------+-------------+---------+--------------+
|     123 | 2023-11-07 13:15:00-05:00 | 30.03   | 30.0799 | 30      | 30.0799 |   4720           |              1 |                1 |            1 |           0 |       3 |            0 |
+---------+---------------------------+---------+---------+---------+---------+------------------+----------------+------------------+--------------+-------------+---------+--------------+
|     124 | 2023-11-07 13:20:00-05:00 | 30.075  | 30.08   | 30      | 30.04   |  13647           |              1 |                1 |            1 |           0 |       3 |            0 |
+---------+---------------------------+---------+---------+---------+---------+------------------+----------------+------------------+--------------+-------------+---------+--------------+
|     125 | 2023-11-07 13:25:00-05:00 | 30.07   | 30.07   | 30      | 30      |   8743           |              1 |                1 |            1 |           0 |       3 |            0 |
+---------+---------------------------+---------+---------+---------+---------+------------------+----------------+------------------+--------------+-------------+---------+--------------+
|     126 | 2023-11-07 13:30:00-05:00 | 29.99   | 30.06   | 29.985  | 30.02   |   7268           |              1 |                1 |            1 |           0 |       3 |            0 |
+---------+---------------------------+---------+---------+---------+---------+------------------+----------------+------------------+--------------+-------------+---------+--------------+
|     127 | 2023-11-07 13:35:00-05:00 | 30.01   | 30.12   | 30.01   | 30.12   |   2982           |              1 |                1 |            1 |           0 |       3 |            0 |
+---------+---------------------------+---------+---------+---------+---------+------------------+----------------+------------------+--------------+-------------+---------+--------------+
|     128 | 2023-11-07 13:40:00-05:00 | 30.12   | 30.12   | 30.05   | 30.05   |   8413           |              1 |                1 |            1 |           0 |       3 |            0 |
+---------+---------------------------+---------+---------+---------+---------+------------------+----------------+------------------+--------------+-------------+---------+--------------+
|     129 | 2023-11-07 13:45:00-05:00 | 30.06   | 30.18   | 30.06   | 30.17   |   3390           |              1 |                1 |            1 |           0 |       3 |            0 |
+---------+---------------------------+---------+---------+---------+---------+------------------+----------------+------------------+--------------+-------------+---------+--------------+
|     130 | 2023-11-07 13:50:00-05:00 | 30.15   | 30.18   | 30.11   | 30.11   |   6065           |              1 |                1 |            1 |           0 |       3 |            0 |
+---------+---------------------------+---------+---------+---------+---------+------------------+----------------+------------------+--------------+-------------+---------+--------------+
|     131 | 2023-11-07 13:55:00-05:00 | 30.11   | 30.11   | 30.02   | 30.08   |   4066           |              1 |                1 |            1 |           0 |       3 |            0 |
+---------+---------------------------+---------+---------+---------+---------+------------------+----------------+------------------+--------------+-------------+---------+--------------+
|     132 | 2023-11-07 14:00:00-05:00 | 30.09   | 30.19   | 30.09   | 30.18   |   4037           |              1 |                1 |            1 |           1 |       4 |            1 |
+---------+---------------------------+---------+---------+---------+---------+------------------+----------------+------------------+--------------+-------------+---------+--------------+
|     133 | 2023-11-07 14:05:00-05:00 | 30.2    | 30.2    | 30.1    | 30.11   |   2071           |              1 |                1 |            1 |           1 |       4 |            0 |
+---------+---------------------------+---------+---------+---------+---------+------------------+----------------+------------------+--------------+-------------+---------+--------------+
|     134 | 2023-11-07 14:10:00-05:00 | 30.12   | 30.135  | 30.09   | 30.09   |   3667           |              1 |                1 |            1 |           1 |       4 |            0 |
+---------+---------------------------+---------+---------+---------+---------+------------------+----------------+------------------+--------------+-------------+---------+--------------+
|     135 | 2023-11-07 14:15:00-05:00 | 30.1228 | 30.13   | 30.08   | 30.0808 |   3576           |              0 |                1 |            1 |           0 |       2 |           -2 |
+---------+---------------------------+---------+---------+---------+---------+------------------+----------------+------------------+--------------+-------------+---------+--------------+
|     136 | 2023-11-07 14:20:00-05:00 | 30.11   | 30.16   | 30.11   | 30.14   |   2726           |              1 |                1 |            1 |           1 |       4 |            2 |
+---------+---------------------------+---------+---------+---------+---------+------------------+----------------+------------------+--------------+-------------+---------+--------------+
|     137 | 2023-11-07 14:25:00-05:00 | 30.1001 | 30.12   | 30.09   | 30.1    |   4946           |              0 |                1 |            1 |           1 |       3 |           -1 |
+---------+---------------------------+---------+---------+---------+---------+------------------+----------------+------------------+--------------+-------------+---------+--------------+
|     138 | 2023-11-07 14:30:00-05:00 | 30.12   | 30.13   | 30.12   | 30.13   |   3292           |              1 |                1 |            1 |           1 |       4 |            1 |
+---------+---------------------------+---------+---------+---------+---------+------------------+----------------+------------------+--------------+-------------+---------+--------------+
|     139 | 2023-11-07 14:35:00-05:00 | 30.13   | 30.13   | 30.09   | 30.09   |   3101           |              1 |                1 |            1 |           0 |       3 |           -1 |
+---------+---------------------------+---------+---------+---------+---------+------------------+----------------+------------------+--------------+-------------+---------+--------------+
|     140 | 2023-11-07 14:40:00-05:00 | 30.09   | 30.12   | 30.07   | 30.07   |   2831           |              0 |                1 |            1 |           0 |       2 |           -1 |
+---------+---------------------------+---------+---------+---------+---------+------------------+----------------+------------------+--------------+-------------+---------+--------------+
|     141 | 2023-11-07 14:45:00-05:00 | 30.07   | 30.17   | 30.06   | 30.12   |   3474           |              0 |                1 |            1 |           0 |       2 |            0 |
+---------+---------------------------+---------+---------+---------+---------+------------------+----------------+------------------+--------------+-------------+---------+--------------+
|     142 | 2023-11-07 14:50:00-05:00 | 30.13   | 30.1309 | 30.1    | 30.13   |   3312           |              1 |                1 |            1 |           0 |       3 |            1 |
+---------+---------------------------+---------+---------+---------+---------+------------------+----------------+------------------+--------------+-------------+---------+--------------+
|     143 | 2023-11-07 14:55:00-05:00 | 30.13   | 30.17   | 30.13   | 30.16   |   2617           |              0 |                1 |            1 |           0 |       2 |           -1 |
+---------+---------------------------+---------+---------+---------+---------+------------------+----------------+------------------+--------------+-------------+---------+--------------+
|     144 | 2023-11-07 15:00:00-05:00 | 30.16   | 30.27   | 30.16   | 30.23   |   9307           |              1 |                1 |            1 |           0 |       3 |            1 |
+---------+---------------------------+---------+---------+---------+---------+------------------+----------------+------------------+--------------+-------------+---------+--------------+
|     145 | 2023-11-07 15:05:00-05:00 | 30.23   | 30.25   | 30.19   | 30.21   |  15310           |              1 |                1 |            1 |           0 |       3 |            0 |
+---------+---------------------------+---------+---------+---------+---------+------------------+----------------+------------------+--------------+-------------+---------+--------------+
|     146 | 2023-11-07 15:10:00-05:00 | 30.21   | 30.23   | 30.12   | 30.23   |   9317           |              0 |                1 |            1 |           0 |       2 |           -1 |
+---------+---------------------------+---------+---------+---------+---------+------------------+----------------+------------------+--------------+-------------+---------+--------------+
|     147 | 2023-11-07 15:15:00-05:00 | 30.22   | 30.22   | 30.17   | 30.18   |   3306           |              1 |                1 |            1 |           0 |       3 |            1 |
+---------+---------------------------+---------+---------+---------+---------+------------------+----------------+------------------+--------------+-------------+---------+--------------+
|     148 | 2023-11-07 15:20:00-05:00 | 30.15   | 30.22   | 30.13   | 30.1716 |   8840           |              1 |                1 |            1 |           0 |       3 |            0 |
+---------+---------------------------+---------+---------+---------+---------+------------------+----------------+------------------+--------------+-------------+---------+--------------+
|     149 | 2023-11-07 15:25:00-05:00 | 30.17   | 30.2396 | 30.17   | 30.22   |   4246           |              1 |                1 |            1 |           0 |       3 |            0 |
+---------+---------------------------+---------+---------+---------+---------+------------------+----------------+------------------+--------------+-------------+---------+--------------+
|     150 | 2023-11-07 15:30:00-05:00 | 30.22   | 30.23   | 30.19   | 30.21   |   5263           |              1 |                1 |            1 |           0 |       3 |            0 |
+---------+---------------------------+---------+---------+---------+---------+------------------+----------------+------------------+--------------+-------------+---------+--------------+
|     151 | 2023-11-07 15:35:00-05:00 | 30.21   | 30.29   | 30.21   | 30.28   |   7758           |              1 |                1 |            1 |           0 |       3 |            0 |
+---------+---------------------------+---------+---------+---------+---------+------------------+----------------+------------------+--------------+-------------+---------+--------------+
|     152 | 2023-11-07 15:40:00-05:00 | 30.2796 | 30.33   | 30.2796 | 30.33   |  13531           |              1 |                1 |            1 |           1 |       4 |            1 |
+---------+---------------------------+---------+---------+---------+---------+------------------+----------------+------------------+--------------+-------------+---------+--------------+
|     153 | 2023-11-07 15:45:00-05:00 | 30.33   | 30.39   | 30.3    | 30.34   |  43996           |              1 |                1 |            1 |           1 |       4 |            0 |
+---------+---------------------------+---------+---------+---------+---------+------------------+----------------+------------------+--------------+-------------+---------+--------------+
|     154 | 2023-11-07 15:50:00-05:00 | 30.32   | 30.32   | 30.15   | 30.17   |  33879           |              0 |                1 |            1 |           1 |       3 |           -1 |
+---------+---------------------------+---------+---------+---------+---------+------------------+----------------+------------------+--------------+-------------+---------+--------------+
|     155 | 2023-11-07 15:55:00-05:00 | 30.16   | 30.18   | 30.0988 | 30.17   |  34674           |              0 |                1 |            0 |           1 |       2 |           -1 |
+---------+---------------------------+---------+---------+---------+---------+------------------+----------------+------------------+--------------+-------------+---------+--------------+
|     156 | 2023-11-08 09:30:00-05:00 | 30.07   | 30.1    | 29.63   | 29.675  | 136438           |              0 |                1 |            0 |           1 |       2 |            0 |
+---------+---------------------------+---------+---------+---------+---------+------------------+----------------+------------------+--------------+-------------+---------+--------------+
|     157 | 2023-11-08 09:35:00-05:00 | 29.67   | 29.85   | 29.595  | 29.79   |  44106           |              0 |                1 |            0 |           0 |       1 |           -1 |
+---------+---------------------------+---------+---------+---------+---------+------------------+----------------+------------------+--------------+-------------+---------+--------------+
|     158 | 2023-11-08 09:40:00-05:00 | 29.829  | 30.14   | 29.78   | 30.12   |  49400           |              0 |                1 |            0 |           0 |       1 |            0 |
+---------+---------------------------+---------+---------+---------+---------+------------------+----------------+------------------+--------------+-------------+---------+--------------+
|     159 | 2023-11-08 09:45:00-05:00 | 30.08   | 30.11   | 29.89   | 30.025  |  32786           |              0 |                1 |            0 |           1 |       2 |            1 |
+---------+---------------------------+---------+---------+---------+---------+------------------+----------------+------------------+--------------+-------------+---------+--------------+
|     160 | 2023-11-08 09:50:00-05:00 | 30.03   | 30.3    | 29.99   | 30.1899 |  26676           |              0 |                1 |            0 |           1 |       2 |            0 |
+---------+---------------------------+---------+---------+---------+---------+------------------+----------------+------------------+--------------+-------------+---------+--------------+
|     161 | 2023-11-08 09:55:00-05:00 | 30.195  | 30.195  | 29.99   | 30.07   |  18274           |              0 |                1 |            0 |           1 |       2 |            0 |
+---------+---------------------------+---------+---------+---------+---------+------------------+----------------+------------------+--------------+-------------+---------+--------------+
|     162 | 2023-11-08 10:00:00-05:00 | 30.0501 | 30.06   | 29.75   | 29.79   |  20205           |              0 |                1 |            0 |           1 |       2 |            0 |
+---------+---------------------------+---------+---------+---------+---------+------------------+----------------+------------------+--------------+-------------+---------+--------------+
|     163 | 2023-11-08 10:05:00-05:00 | 29.73   | 29.82   | 29.69   | 29.82   |  10207           |              0 |                1 |            0 |           1 |       2 |            0 |
+---------+---------------------------+---------+---------+---------+---------+------------------+----------------+------------------+--------------+-------------+---------+--------------+
|     164 | 2023-11-08 10:10:00-05:00 | 29.824  | 29.83   | 29.595  | 29.62   |  23056           |              0 |                1 |            0 |           1 |       2 |            0 |
+---------+---------------------------+---------+---------+---------+---------+------------------+----------------+------------------+--------------+-------------+---------+--------------+
|     165 | 2023-11-08 10:15:00-05:00 | 29.59   | 29.61   | 29.52   | 29.54   |  27383           |              0 |                1 |            0 |           1 |       2 |            0 |
+---------+---------------------------+---------+---------+---------+---------+------------------+----------------+------------------+--------------+-------------+---------+--------------+
|     166 | 2023-11-08 10:20:00-05:00 | 29.52   | 29.52   | 29.37   | 29.47   |  37833           |              0 |                1 |            0 |           1 |       2 |            0 |
+---------+---------------------------+---------+---------+---------+---------+------------------+----------------+------------------+--------------+-------------+---------+--------------+
|     167 | 2023-11-08 10:25:00-05:00 | 29.47   | 29.47   | 29.29   | 29.3036 |  16278           |              0 |                1 |            0 |           1 |       2 |            0 |
+---------+---------------------------+---------+---------+---------+---------+------------------+----------------+------------------+--------------+-------------+---------+--------------+
|     168 | 2023-11-08 10:30:00-05:00 | 29.3    | 29.37   | 29.23   | 29.3    |  12721           |              0 |                1 |            0 |           1 |       2 |            0 |
+---------+---------------------------+---------+---------+---------+---------+------------------+----------------+------------------+--------------+-------------+---------+--------------+
|     169 | 2023-11-08 10:35:00-05:00 | 29.27   | 29.3    | 29.19   | 29.2    |  11016           |              0 |                1 |            0 |           1 |       2 |            0 |
+---------+---------------------------+---------+---------+---------+---------+------------------+----------------+------------------+--------------+-------------+---------+--------------+
|     170 | 2023-11-08 10:40:00-05:00 | 29.2    | 29.27   | 29.19   | 29.19   |  53116           |              0 |                1 |            0 |           1 |       2 |            0 |
+---------+---------------------------+---------+---------+---------+---------+------------------+----------------+------------------+--------------+-------------+---------+--------------+
|     171 | 2023-11-08 10:45:00-05:00 | 29.18   | 29.19   | 29.1    | 29.19   |  13370           |              0 |                1 |            0 |           1 |       2 |            0 |
+---------+---------------------------+---------+---------+---------+---------+------------------+----------------+------------------+--------------+-------------+---------+--------------+
|     172 | 2023-11-08 10:50:00-05:00 | 29.18   | 29.18   | 29.1    | 29.11   |  15231           |              0 |                1 |            0 |           1 |       2 |            0 |
+---------+---------------------------+---------+---------+---------+---------+------------------+----------------+------------------+--------------+-------------+---------+--------------+
|     173 | 2023-11-08 10:55:00-05:00 | 29.1    | 29.13   | 29.091  | 29.11   |   8286           |              0 |                1 |            0 |           1 |       2 |            0 |
+---------+---------------------------+---------+---------+---------+---------+------------------+----------------+------------------+--------------+-------------+---------+--------------+
|     174 | 2023-11-08 11:00:00-05:00 | 29.11   | 29.115  | 29.07   | 29.0801 |   7574           |              0 |                1 |            0 |           1 |       2 |            0 |
+---------+---------------------------+---------+---------+---------+---------+------------------+----------------+------------------+--------------+-------------+---------+--------------+
|     175 | 2023-11-08 11:05:00-05:00 | 29.1    | 29.1    | 28.92   | 28.95   |  49412           |              0 |                1 |            0 |           0 |       1 |           -1 |
+---------+---------------------------+---------+---------+---------+---------+------------------+----------------+------------------+--------------+-------------+---------+--------------+
|     176 | 2023-11-08 11:10:00-05:00 | 28.95   | 29.16   | 28.95   | 29.14   |  19127           |              0 |                1 |            0 |           0 |       1 |            0 |
+---------+---------------------------+---------+---------+---------+---------+------------------+----------------+------------------+--------------+-------------+---------+--------------+
|     177 | 2023-11-08 11:15:00-05:00 | 29.14   | 29.21   | 29.13   | 29.1869 |  20081           |              0 |                1 |            0 |           1 |       2 |            1 |
+---------+---------------------------+---------+---------+---------+---------+------------------+----------------+------------------+--------------+-------------+---------+--------------+
|     178 | 2023-11-08 11:20:00-05:00 | 29.17   | 29.17   | 29.06   | 29.06   |  14297           |              0 |                1 |            0 |           0 |       1 |           -1 |
+---------+---------------------------+---------+---------+---------+---------+------------------+----------------+------------------+--------------+-------------+---------+--------------+
|     179 | 2023-11-08 11:25:00-05:00 | 29.07   | 29.13   | 29.03   | 29.12   |   5028           |              1 |                1 |            1 |           0 |       3 |            2 |
+---------+---------------------------+---------+---------+---------+---------+------------------+----------------+------------------+--------------+-------------+---------+--------------+
|     180 | 2023-11-08 11:30:00-05:00 | 29.12   | 29.2074 | 29.08   | 29.1585 |  21494           |              1 |                1 |            1 |           0 |       3 |            0 |
+---------+---------------------------+---------+---------+---------+---------+------------------+----------------+------------------+--------------+-------------+---------+--------------+
|     181 | 2023-11-08 11:35:00-05:00 | 29.17   | 29.24   | 29.12   | 29.12   |  19891           |              1 |                1 |            1 |           0 |       3 |            0 |
+---------+---------------------------+---------+---------+---------+---------+------------------+----------------+------------------+--------------+-------------+---------+--------------+
|     182 | 2023-11-08 11:40:00-05:00 | 29.13   | 29.235  | 29.12   | 29.23   |  15216           |              1 |                1 |            1 |           0 |       3 |            0 |
+---------+---------------------------+---------+---------+---------+---------+------------------+----------------+------------------+--------------+-------------+---------+--------------+
|     183 | 2023-11-08 11:45:00-05:00 | 29.24   | 29.32   | 29.22   | 29.2645 |  14363           |              1 |                1 |            1 |           1 |       4 |            1 |
+---------+---------------------------+---------+---------+---------+---------+------------------+----------------+------------------+--------------+-------------+---------+--------------+
|     184 | 2023-11-08 11:50:00-05:00 | 29.26   | 29.26   | 29.17   | 29.2    |   9199           |              1 |                1 |            1 |           1 |       4 |            0 |
+---------+---------------------------+---------+---------+---------+---------+------------------+----------------+------------------+--------------+-------------+---------+--------------+
|     185 | 2023-11-08 11:55:00-05:00 | 29.19   | 29.2    | 29.12   | 29.13   |   7509           |              1 |                1 |            1 |           1 |       4 |            0 |
+---------+---------------------------+---------+---------+---------+---------+------------------+----------------+------------------+--------------+-------------+---------+--------------+
|     186 | 2023-11-08 12:00:00-05:00 | 29.16   | 29.16   | 29.055  | 29.1    |   9756           |              1 |                1 |            1 |           1 |       4 |            0 |
+---------+---------------------------+---------+---------+---------+---------+------------------+----------------+------------------+--------------+-------------+---------+--------------+
|     187 | 2023-11-08 12:05:00-05:00 | 29.05   | 29.05   | 28.88   | 28.955  |  28162           |              1 |                1 |            1 |           1 |       4 |            0 |
+---------+---------------------------+---------+---------+---------+---------+------------------+----------------+------------------+--------------+-------------+---------+--------------+
|     188 | 2023-11-08 12:10:00-05:00 | 28.9597 | 29.07   | 28.9597 | 29.03   |   5309           |              1 |                1 |            1 |           1 |       4 |            0 |
+---------+---------------------------+---------+---------+---------+---------+------------------+----------------+------------------+--------------+-------------+---------+--------------+
|     189 | 2023-11-08 12:15:00-05:00 | 28.99   | 29.08   | 28.99   | 29      |  15740           |              1 |                1 |            1 |           1 |       4 |            0 |
+---------+---------------------------+---------+---------+---------+---------+------------------+----------------+------------------+--------------+-------------+---------+--------------+
|     190 | 2023-11-08 12:20:00-05:00 | 28.99   | 29.04   | 28.96   | 28.96   |  14365           |              0 |                1 |            1 |           1 |       3 |           -1 |
+---------+---------------------------+---------+---------+---------+---------+------------------+----------------+------------------+--------------+-------------+---------+--------------+
|     191 | 2023-11-08 12:25:00-05:00 | 28.96   | 28.97   | 28.92   | 28.94   |  13883           |              0 |                1 |            1 |           1 |       3 |            0 |
+---------+---------------------------+---------+---------+---------+---------+------------------+----------------+------------------+--------------+-------------+---------+--------------+
|     192 | 2023-11-08 12:30:00-05:00 | 28.93   | 28.93   | 28.86   | 28.87   |   7562           |              0 |                1 |            1 |           1 |       3 |            0 |
+---------+---------------------------+---------+---------+---------+---------+------------------+----------------+------------------+--------------+-------------+---------+--------------+
|     193 | 2023-11-08 12:35:00-05:00 | 28.86   | 28.94   | 28.823  | 28.94   |   5953           |              0 |                1 |            1 |           0 |       2 |           -1 |
+---------+---------------------------+---------+---------+---------+---------+------------------+----------------+------------------+--------------+-------------+---------+--------------+
|     194 | 2023-11-08 12:40:00-05:00 | 28.92   | 28.94   | 28.87   | 28.94   |   4273           |              0 |                1 |            1 |           0 |       2 |            0 |
+---------+---------------------------+---------+---------+---------+---------+------------------+----------------+------------------+--------------+-------------+---------+--------------+
|     195 | 2023-11-08 12:45:00-05:00 | 28.96   | 28.99   | 28.94   | 28.96   |   3410           |              0 |                1 |            1 |           0 |       2 |            0 |
+---------+---------------------------+---------+---------+---------+---------+------------------+----------------+------------------+--------------+-------------+---------+--------------+
|     196 | 2023-11-08 12:50:00-05:00 | 28.9896 | 28.9896 | 28.9488 | 28.95   | 875198           |              0 |                1 |            1 |           0 |       2 |            0 |
+---------+---------------------------+---------+---------+---------+---------+------------------+----------------+------------------+--------------+-------------+---------+--------------+
|     197 | 2023-11-08 12:55:00-05:00 | 28.93   | 28.96   | 28.9    | 28.96   |   3836           |              0 |                1 |            1 |           0 |       2 |            0 |
+---------+---------------------------+---------+---------+---------+---------+------------------+----------------+------------------+--------------+-------------+---------+--------------+
|     198 | 2023-11-08 13:00:00-05:00 | 28.96   | 29.1    | 28.92   | 29.0991 |   9496           |              1 |                1 |            1 |           0 |       3 |            1 |
+---------+---------------------------+---------+---------+---------+---------+------------------+----------------+------------------+--------------+-------------+---------+--------------+
|     199 | 2023-11-08 13:05:00-05:00 | 29.0801 | 29.21   | 29.0801 | 29.13   |   6178           |              1 |                1 |            1 |           1 |       4 |            1 |
+---------+---------------------------+---------+---------+---------+---------+------------------+----------------+------------------+--------------+-------------+---------+--------------+
|     200 | 2023-11-08 13:10:00-05:00 | 29.11   | 29.11   | 29      | 29      | 900323           |              1 |                1 |            1 |           0 |       3 |           -1 |
+---------+---------------------------+---------+---------+---------+---------+------------------+----------------+------------------+--------------+-------------+---------+--------------+
|     201 | 2023-11-08 13:15:00-05:00 | 28.99   | 29      | 28.95   | 28.95   |   7516           |              1 |                1 |            1 |           0 |       3 |            0 |
+---------+---------------------------+---------+---------+---------+---------+------------------+----------------+------------------+--------------+-------------+---------+--------------+
|     202 | 2023-11-08 13:20:00-05:00 | 28.96   | 29.0549 | 28.92   | 29.04   |   9071           |              1 |                1 |            1 |           0 |       3 |            0 |
+---------+---------------------------+---------+---------+---------+---------+------------------+----------------+------------------+--------------+-------------+---------+--------------+
|     203 | 2023-11-08 13:25:00-05:00 | 29.03   | 29.11   | 29.03   | 29.1    |   7801           |              1 |                1 |            1 |           0 |       3 |            0 |
+---------+---------------------------+---------+---------+---------+---------+------------------+----------------+------------------+--------------+-------------+---------+--------------+
|     204 | 2023-11-08 13:30:00-05:00 | 29.12   | 29.13   | 29.09   | 29.115  |   6721           |              1 |                1 |            1 |           0 |       3 |            0 |
+---------+---------------------------+---------+---------+---------+---------+------------------+----------------+------------------+--------------+-------------+---------+--------------+
|     205 | 2023-11-08 13:35:00-05:00 | 29.12   | 29.19   | 29.12   | 29.17   |  12019           |              1 |                1 |            1 |           0 |       3 |            0 |
+---------+---------------------------+---------+---------+---------+---------+------------------+----------------+------------------+--------------+-------------+---------+--------------+
|     206 | 2023-11-08 13:40:00-05:00 | 29.1694 | 29.19   | 29.1597 | 29.18   |   5091           |              1 |                1 |            1 |           0 |       3 |            0 |
+---------+---------------------------+---------+---------+---------+---------+------------------+----------------+------------------+--------------+-------------+---------+--------------+
|     207 | 2023-11-08 13:45:00-05:00 | 29.2    | 29.21   | 29.16   | 29.16   |   4469           |              1 |                1 |            1 |           0 |       3 |            0 |
+---------+---------------------------+---------+---------+---------+---------+------------------+----------------+------------------+--------------+-------------+---------+--------------+
|     208 | 2023-11-08 13:50:00-05:00 | 29.18   | 29.18   | 29.1206 | 29.14   |   3154           |              1 |                1 |            1 |           0 |       3 |            0 |
+---------+---------------------------+---------+---------+---------+---------+------------------+----------------+------------------+--------------+-------------+---------+--------------+
|     209 | 2023-11-08 13:55:00-05:00 | 29.1299 | 29.15   | 29.11   | 29.15   |  33229           |              1 |                1 |            1 |           0 |       3 |            0 |
+---------+---------------------------+---------+---------+---------+---------+------------------+----------------+------------------+--------------+-------------+---------+--------------+
|     210 | 2023-11-08 14:00:00-05:00 | 29.13   | 29.25   | 29.13   | 29.21   |  10856           |              1 |                1 |            1 |           0 |       3 |            0 |
+---------+---------------------------+---------+---------+---------+---------+------------------+----------------+------------------+--------------+-------------+---------+--------------+
|     211 | 2023-11-08 14:05:00-05:00 | 29.2102 | 29.275  | 29.2102 | 29.22   |   7341           |              1 |                1 |            1 |           1 |       4 |            1 |
+---------+---------------------------+---------+---------+---------+---------+------------------+----------------+------------------+--------------+-------------+---------+--------------+
|     212 | 2023-11-08 14:10:00-05:00 | 29.22   | 29.22   | 29.15   | 29.17   |      1.00957e+06 |              0 |                1 |            1 |           1 |       3 |           -1 |
+---------+---------------------------+---------+---------+---------+---------+------------------+----------------+------------------+--------------+-------------+---------+--------------+
|     213 | 2023-11-08 14:15:00-05:00 | 29.16   | 29.22   | 29.16   | 29.18   |   2605           |              0 |                1 |            1 |           1 |       3 |            0 |
+---------+---------------------------+---------+---------+---------+---------+------------------+----------------+------------------+--------------+-------------+---------+--------------+
|     214 | 2023-11-08 14:20:00-05:00 | 29.16   | 29.18   | 29.1552 | 29.16   |   1926           |              1 |                1 |            1 |           1 |       4 |            1 |
+---------+---------------------------+---------+---------+---------+---------+------------------+----------------+------------------+--------------+-------------+---------+--------------+
|     215 | 2023-11-08 14:25:00-05:00 | 29.14   | 29.1999 | 29.14   | 29.18   |  11520           |              1 |                1 |            1 |           1 |       4 |            0 |
+---------+---------------------------+---------+---------+---------+---------+------------------+----------------+------------------+--------------+-------------+---------+--------------+
|     216 | 2023-11-08 14:30:00-05:00 | 29.1997 | 29.23   | 29.11   | 29.12   |   6847           |              0 |                1 |            1 |           1 |       3 |           -1 |
+---------+---------------------------+---------+---------+---------+---------+------------------+----------------+------------------+--------------+-------------+---------+--------------+
|     217 | 2023-11-08 14:35:00-05:00 | 29.11   | 29.16   | 29.1001 | 29.16   |   7738           |              0 |                1 |            1 |           1 |       3 |            0 |
+---------+---------------------------+---------+---------+---------+---------+------------------+----------------+------------------+--------------+-------------+---------+--------------+
|     218 | 2023-11-08 14:40:00-05:00 | 29.13   | 29.13   | 29.13   | 29.13   |   1011           |              0 |                1 |            1 |           0 |       2 |           -1 |
+---------+---------------------------+---------+---------+---------+---------+------------------+----------------+------------------+--------------+-------------+---------+--------------+
|     219 | 2023-11-08 14:45:00-05:00 | 29.17   | 29.19   | 29.15   | 29.17   |   3374           |              0 |                1 |            1 |           1 |       3 |            1 |
+---------+---------------------------+---------+---------+---------+---------+------------------+----------------+------------------+--------------+-------------+---------+--------------+
|     220 | 2023-11-08 14:50:00-05:00 | 29.1685 | 29.19   | 29.14   | 29.1898 |   5352           |              0 |                1 |            1 |           1 |       3 |            0 |
+---------+---------------------------+---------+---------+---------+---------+------------------+----------------+------------------+--------------+-------------+---------+--------------+
|     221 | 2023-11-08 14:55:00-05:00 | 29.195  | 29.195  | 29.11   | 29.11   |   3016           |              0 |                1 |            1 |           1 |       3 |            0 |
+---------+---------------------------+---------+---------+---------+---------+------------------+----------------+------------------+--------------+-------------+---------+--------------+
|     222 | 2023-11-08 15:00:00-05:00 | 29.125  | 29.17   | 29.11   | 29.17   |   9557           |              0 |                1 |            1 |           1 |       3 |            0 |
+---------+---------------------------+---------+---------+---------+---------+------------------+----------------+------------------+--------------+-------------+---------+--------------+
|     223 | 2023-11-08 15:05:00-05:00 | 29.17   | 29.18   | 29.11   | 29.11   |   4851           |              0 |                1 |            0 |           1 |       2 |           -1 |
+---------+---------------------------+---------+---------+---------+---------+------------------+----------------+------------------+--------------+-------------+---------+--------------+
|     224 | 2023-11-08 15:10:00-05:00 | 29.1    | 29.12   | 29.04   | 29.12   |   7578           |              0 |                1 |            0 |           1 |       2 |            0 |
+---------+---------------------------+---------+---------+---------+---------+------------------+----------------+------------------+--------------+-------------+---------+--------------+
|     225 | 2023-11-08 15:15:00-05:00 | 29.12   | 29.13   | 29.04   | 29.05   |   3693           |              0 |                1 |            0 |           1 |       2 |            0 |
+---------+---------------------------+---------+---------+---------+---------+------------------+----------------+------------------+--------------+-------------+---------+--------------+
|     226 | 2023-11-08 15:20:00-05:00 | 29.04   | 29.06   | 29.04   | 29.04   |   3055           |              0 |                1 |            0 |           1 |       2 |            0 |
+---------+---------------------------+---------+---------+---------+---------+------------------+----------------+------------------+--------------+-------------+---------+--------------+
|     227 | 2023-11-08 15:25:00-05:00 | 29.03   | 29.09   | 29.0096 | 29.05   |   4791           |              0 |                1 |            0 |           1 |       2 |            0 |
+---------+---------------------------+---------+---------+---------+---------+------------------+----------------+------------------+--------------+-------------+---------+--------------+
|     228 | 2023-11-08 15:30:00-05:00 | 29.02   | 29.02   | 28.92   | 28.92   |  16393           |              0 |                1 |            0 |           0 |       1 |           -1 |
+---------+---------------------------+---------+---------+---------+---------+------------------+----------------+------------------+--------------+-------------+---------+--------------+
|     229 | 2023-11-08 15:35:00-05:00 | 28.93   | 29.03   | 28.93   | 29.01   |   8129           |              0 |                1 |            0 |           0 |       1 |            0 |
+---------+---------------------------+---------+---------+---------+---------+------------------+----------------+------------------+--------------+-------------+---------+--------------+
|     230 | 2023-11-08 15:40:00-05:00 | 29.01   | 29.15   | 29      | 29.1    |  27018           |              1 |                1 |            0 |           0 |       2 |            1 |
+---------+---------------------------+---------+---------+---------+---------+------------------+----------------+------------------+--------------+-------------+---------+--------------+
|     231 | 2023-11-08 15:45:00-05:00 | 29.07   | 29.12   | 29.04   | 29.04   |  20522           |              0 |                1 |            0 |           0 |       1 |           -1 |
+---------+---------------------------+---------+---------+---------+---------+------------------+----------------+------------------+--------------+-------------+---------+--------------+
|     232 | 2023-11-08 15:50:00-05:00 | 29.05   | 29.185  | 29.05   | 29.115  | 126002           |              1 |                1 |            0 |           0 |       2 |            1 |
+---------+---------------------------+---------+---------+---------+---------+------------------+----------------+------------------+--------------+-------------+---------+--------------+
|     233 | 2023-11-08 15:55:00-05:00 | 29.14   | 29.14   | 29.08   | 29.11   |  48394           |              1 |                1 |            1 |           0 |       3 |            1 |
+---------+---------------------------+---------+---------+---------+---------+------------------+----------------+------------------+--------------+-------------+---------+--------------+

Buy Price    Buy Time    Sell Price    Sell Time    Profit    Trade Length
-----------  ----------  ------------  -----------  --------  --------------
Total Profit: 0 Median Trade Length: nan Average Trade Length: nan
