Trading Output for nq=f for the last 300 days
+---------+---------------------------+---------+---------+---------+---------+-----------------+----------------+------------------+--------------+-------------+---------+--------------+
|   Index | Timestamp                 |    Open |    High |     Low |   Close |          Volume |   RSIEMA Cross |   SMA/VWAP Cross |   MACD Cross |   KNN EMA X |   Total |   Total Diff |
+=========+===========================+=========+=========+=========+=========+=================+================+==================+==============+=============+=========+==============+
|       0 | 2022-11-14 00:00:00-05:00 | 11791   | 11898.5 | 11702   | 11734.8 | 576678          |              0 |                1 |            0 |           0 |       1 |            0 |
+---------+---------------------------+---------+---------+---------+---------+-----------------+----------------+------------------+--------------+-------------+---------+--------------+
|       1 | 2022-11-15 00:00:00-05:00 | 11768.5 | 12118.8 | 11761.8 | 11904.2 | 771822          |              0 |                1 |            1 |           0 |       2 |            1 |
+---------+---------------------------+---------+---------+---------+---------+-----------------+----------------+------------------+--------------+-------------+---------+--------------+
|       2 | 2022-11-16 00:00:00-05:00 | 11882   | 11963   | 11706.5 | 11739.5 | 577864          |              0 |                1 |            1 |           0 |       2 |            0 |
+---------+---------------------------+---------+---------+---------+---------+-----------------+----------------+------------------+--------------+-------------+---------+--------------+
|       3 | 2022-11-17 00:00:00-05:00 | 11777.8 | 11827.5 | 11528.2 | 11710.5 | 658469          |              0 |                1 |            1 |           0 |       2 |            0 |
+---------+---------------------------+---------+---------+---------+---------+-----------------+----------------+------------------+--------------+-------------+---------+--------------+
|       4 | 2022-11-18 00:00:00-05:00 | 11747.8 | 11843   | 11607   | 11708   | 585873          |              0 |                1 |            0 |           1 |       2 |            0 |
+---------+---------------------------+---------+---------+---------+---------+-----------------+----------------+------------------+--------------+-------------+---------+--------------+
|       5 | 2022-11-21 00:00:00-05:00 | 11723   | 11756   | 11553   | 11588   | 477970          |              0 |                1 |            0 |           0 |       1 |           -1 |
+---------+---------------------------+---------+---------+---------+---------+-----------------+----------------+------------------+--------------+-------------+---------+--------------+
|       6 | 2022-11-22 00:00:00-05:00 | 11588   | 11759.2 | 11526.5 | 11754.5 | 531087          |              0 |                1 |            0 |           1 |       2 |            1 |
+---------+---------------------------+---------+---------+---------+---------+-----------------+----------------+------------------+--------------+-------------+---------+--------------+
|       7 | 2022-11-23 00:00:00-05:00 | 11741.5 | 11892.8 | 11720   | 11862.8 | 474645          |              0 |                1 |            1 |           1 |       3 |            1 |
+---------+---------------------------+---------+---------+---------+---------+-----------------+----------------+------------------+--------------+-------------+---------+--------------+
|       8 | 2022-11-25 00:00:00-05:00 | 11878   | 11933   | 11766.2 | 11782.8 | 252366          |              0 |                1 |            1 |           0 |       2 |           -1 |
+---------+---------------------------+---------+---------+---------+---------+-----------------+----------------+------------------+--------------+-------------+---------+--------------+
|       9 | 2022-11-28 00:00:00-05:00 | 11731.2 | 11788.5 | 11575.2 | 11616.2 | 506250          |              0 |                1 |            0 |           0 |       1 |           -1 |
+---------+---------------------------+---------+---------+---------+---------+-----------------+----------------+------------------+--------------+-------------+---------+--------------+
|      10 | 2022-11-29 00:00:00-05:00 | 11625   | 11704.5 | 11465   | 11524.8 | 555859          |              0 |                1 |            0 |           0 |       1 |            0 |
+---------+---------------------------+---------+---------+---------+---------+-----------------+----------------+------------------+--------------+-------------+---------+--------------+
|      11 | 2022-11-30 00:00:00-05:00 | 11520   | 12078.5 | 11497.8 | 12042.2 | 769082          |              0 |                0 |            1 |           0 |       1 |            0 |
+---------+---------------------------+---------+---------+---------+---------+-----------------+----------------+------------------+--------------+-------------+---------+--------------+
|      12 | 2022-12-01 00:00:00-05:00 | 12079.2 | 12145   | 11943.2 | 12062.8 | 629297          |              0 |                0 |            1 |           1 |       2 |            1 |
+---------+---------------------------+---------+---------+---------+---------+-----------------+----------------+------------------+--------------+-------------+---------+--------------+
|      13 | 2022-12-02 00:00:00-05:00 | 12039.8 | 12067.8 | 11740.5 | 12010.2 | 588295          |              0 |                0 |            1 |           1 |       2 |            0 |
+---------+---------------------------+---------+---------+---------+---------+-----------------+----------------+------------------+--------------+-------------+---------+--------------+
|      14 | 2022-12-05 00:00:00-05:00 | 12000.5 | 12015.8 | 11745.5 | 11805.8 | 537924          |              1 |                0 |            1 |           1 |       3 |            1 |
+---------+---------------------------+---------+---------+---------+---------+-----------------+----------------+------------------+--------------+-------------+---------+--------------+
|      15 | 2022-12-06 00:00:00-05:00 | 11812   | 11846.2 | 11502   | 11566   | 657271          |              1 |                0 |            0 |           1 |       2 |           -1 |
+---------+---------------------------+---------+---------+---------+---------+-----------------+----------------+------------------+--------------+-------------+---------+--------------+
|      16 | 2022-12-07 00:00:00-05:00 | 11566   | 11596.2 | 11422.5 | 11509.5 | 634691          |              1 |                0 |            0 |           1 |       2 |            0 |
+---------+---------------------------+---------+---------+---------+---------+-----------------+----------------+------------------+--------------+-------------+---------+--------------+
|      17 | 2022-12-08 00:00:00-05:00 | 11500   | 11685.8 | 11433   | 11645.5 | 600826          |              1 |                1 |            0 |           0 |       2 |            0 |
+---------+---------------------------+---------+---------+---------+---------+-----------------+----------------+------------------+--------------+-------------+---------+--------------+
|      18 | 2022-12-09 00:00:00-05:00 | 11641.5 | 11748   | 11517   | 11569.8 | 504052          |              1 |                1 |            0 |           0 |       2 |            0 |
+---------+---------------------------+---------+---------+---------+---------+-----------------+----------------+------------------+--------------+-------------+---------+--------------+
|      19 | 2022-12-12 00:00:00-05:00 | 11553   | 11716   | 11522.8 | 11711.8 | 354886          |              1 |                1 |            0 |           1 |       3 |            1 |
+---------+---------------------------+---------+---------+---------+---------+-----------------+----------------+------------------+--------------+-------------+---------+--------------+
|      20 | 2022-12-13 00:00:00-05:00 | 11691.2 | 12229.5 | 11680.5 | 11839.8 | 407612          |              1 |                1 |            0 |           1 |       3 |            0 |
+---------+---------------------------+---------+---------+---------+---------+-----------------+----------------+------------------+--------------+-------------+---------+--------------+
|      21 | 2022-12-14 00:00:00-05:00 | 11839   | 11948.5 | 11613.8 | 11750.8 | 197122          |              1 |                1 |            0 |           1 |       3 |            0 |
+---------+---------------------------+---------+---------+---------+---------+-----------------+----------------+------------------+--------------+-------------+---------+--------------+
|      22 | 2022-12-15 00:00:00-05:00 | 11758.8 | 11779.5 | 11298.2 | 11347.2 | 182838          |              1 |                1 |            0 |           1 |       3 |            0 |
+---------+---------------------------+---------+---------+---------+---------+-----------------+----------------+------------------+--------------+-------------+---------+--------------+
|      23 | 2022-12-16 00:00:00-05:00 | 11340.2 | 11381.2 | 11206.5 | 11327   | 665526          |              1 |                1 |            0 |           1 |       3 |            0 |
+---------+---------------------------+---------+---------+---------+---------+-----------------+----------------+------------------+--------------+-------------+---------+--------------+
|      24 | 2022-12-19 00:00:00-05:00 | 11328.8 | 11411   | 11131.8 | 11193.2 | 562529          |              1 |                1 |            0 |           1 |       3 |            0 |
+---------+---------------------------+---------+---------+---------+---------+-----------------+----------------+------------------+--------------+-------------+---------+--------------+
|      25 | 2022-12-20 00:00:00-05:00 | 11182.5 | 11247   | 11043.5 | 11175.8 | 625090          |              0 |                1 |            0 |           1 |       2 |           -1 |
+---------+---------------------------+---------+---------+---------+---------+-----------------+----------------+------------------+--------------+-------------+---------+--------------+
|      26 | 2022-12-21 00:00:00-05:00 | 11206.5 | 11389.8 | 11181   | 11334.5 | 631322          |              0 |                1 |            0 |           1 |       2 |            0 |
+---------+---------------------------+---------+---------+---------+---------+-----------------+----------------+------------------+--------------+-------------+---------+--------------+
|      27 | 2022-12-22 00:00:00-05:00 | 11357   | 11384.8 | 10870.5 | 11054.2 | 714500          |              0 |                1 |            0 |           1 |       2 |            0 |
+---------+---------------------------+---------+---------+---------+---------+-----------------+----------------+------------------+--------------+-------------+---------+--------------+
|      28 | 2022-12-23 00:00:00-05:00 | 11061   | 11143   | 10916.2 | 11075.2 | 534525          |              0 |                1 |            0 |           1 |       2 |            0 |
+---------+---------------------------+---------+---------+---------+---------+-----------------+----------------+------------------+--------------+-------------+---------+--------------+
|      29 | 2022-12-27 00:00:00-05:00 | 11104   | 11183.8 | 10896   | 10915.5 | 499799          |              0 |                1 |            0 |           1 |       2 |            0 |
+---------+---------------------------+---------+---------+---------+---------+-----------------+----------------+------------------+--------------+-------------+---------+--------------+
|      30 | 2022-12-28 00:00:00-05:00 | 10915.8 | 10996.5 | 10758.8 | 10772.8 | 635572          |              0 |                1 |            0 |           1 |       2 |            0 |
+---------+---------------------------+---------+---------+---------+---------+-----------------+----------------+------------------+--------------+-------------+---------+--------------+
|      31 | 2022-12-29 00:00:00-05:00 | 10785.8 | 11071.5 | 10777.5 | 11032.8 | 470004          |              1 |                1 |            0 |           1 |       3 |            1 |
+---------+---------------------------+---------+---------+---------+---------+-----------------+----------------+------------------+--------------+-------------+---------+--------------+
|      32 | 2022-12-30 00:00:00-05:00 | 11033.5 | 11051.5 | 10855.5 | 11022.2 | 462484          |              1 |                1 |            0 |           1 |       3 |            0 |
+---------+---------------------------+---------+---------+---------+---------+-----------------+----------------+------------------+--------------+-------------+---------+--------------+
|      33 | 2023-01-03 00:00:00-05:00 | 11122.5 | 11182   | 10844.8 | 10945.5 | 657681          |              0 |                1 |            0 |           0 |       1 |           -2 |
+---------+---------------------------+---------+---------+---------+---------+-----------------+----------------+------------------+--------------+-------------+---------+--------------+
|      34 | 2023-01-04 00:00:00-05:00 | 10941.2 | 11068.5 | 10863.5 | 10999.2 | 758003          |              0 |                1 |            0 |           0 |       1 |            0 |
+---------+---------------------------+---------+---------+---------+---------+-----------------+----------------+------------------+--------------+-------------+---------+--------------+
|      35 | 2023-01-05 00:00:00-05:00 | 10988.5 | 11046.8 | 10805   | 10820.2 | 694452          |              0 |                1 |            0 |           0 |       1 |            0 |
+---------+---------------------------+---------+---------+---------+---------+-----------------+----------------+------------------+--------------+-------------+---------+--------------+
|      36 | 2023-01-06 00:00:00-05:00 | 10838.8 | 11165.8 | 10751   | 11113.5 | 736332          |              1 |                1 |            0 |           0 |       2 |            1 |
+---------+---------------------------+---------+---------+---------+---------+-----------------+----------------+------------------+--------------+-------------+---------+--------------+
|      37 | 2023-01-09 00:00:00-05:00 | 11126.5 | 11385.5 | 11120.2 | 11185.5 | 646318          |              1 |                1 |            1 |           0 |       3 |            1 |
+---------+---------------------------+---------+---------+---------+---------+-----------------+----------------+------------------+--------------+-------------+---------+--------------+
|      38 | 2023-01-10 00:00:00-05:00 | 11184.8 | 11288.8 | 11094   | 11282   | 559281          |              1 |                1 |            1 |           0 |       3 |            0 |
+---------+---------------------------+---------+---------+---------+---------+-----------------+----------------+------------------+--------------+-------------+---------+--------------+
|      39 | 2023-01-11 00:00:00-05:00 | 11282.5 | 11479.5 | 11239.8 | 11476.5 | 500153          |              1 |                1 |            1 |           0 |       3 |            0 |
+---------+---------------------------+---------+---------+---------+---------+-----------------+----------------+------------------+--------------+-------------+---------+--------------+
|      40 | 2023-01-12 00:00:00-05:00 | 11474.5 | 11579.8 | 11291   | 11534.2 | 754571          |              1 |                1 |            1 |           0 |       3 |            0 |
+---------+---------------------------+---------+---------+---------+---------+-----------------+----------------+------------------+--------------+-------------+---------+--------------+
|      41 | 2023-01-13 00:00:00-05:00 | 11528.5 | 11619.5 | 11389   | 11608   | 482002          |              1 |                1 |            1 |           0 |       3 |            0 |
+---------+---------------------------+---------+---------+---------+---------+-----------------+----------------+------------------+--------------+-------------+---------+--------------+
|      42 | 2023-01-17 00:00:00-05:00 | 11613.5 | 11685   | 11510.2 | 11624.5 | 576141          |              1 |                0 |            1 |           0 |       2 |           -1 |
+---------+---------------------------+---------+---------+---------+---------+-----------------+----------------+------------------+--------------+-------------+---------+--------------+
|      43 | 2023-01-18 00:00:00-05:00 | 11619.8 | 11759.5 | 11468   | 11475.8 | 619614          |              1 |                0 |            1 |           0 |       2 |            0 |
+---------+---------------------------+---------+---------+---------+---------+-----------------+----------------+------------------+--------------+-------------+---------+--------------+
|      44 | 2023-01-19 00:00:00-05:00 | 11470.5 | 11487   | 11308.5 | 11356.5 | 594769          |              1 |                0 |            1 |           0 |       2 |            0 |
+---------+---------------------------+---------+---------+---------+---------+-----------------+----------------+------------------+--------------+-------------+---------+--------------+
|      45 | 2023-01-20 00:00:00-05:00 | 11401   | 11686.8 | 11365.2 | 11677   | 577769          |              1 |                0 |            1 |           0 |       2 |            0 |
+---------+---------------------------+---------+---------+---------+---------+-----------------+----------------+------------------+--------------+-------------+---------+--------------+
|      46 | 2023-01-23 00:00:00-05:00 | 11676.8 | 11983   | 11650.5 | 11934   | 593978          |              1 |                0 |            1 |           0 |       2 |            0 |
+---------+---------------------------+---------+---------+---------+---------+-----------------+----------------+------------------+--------------+-------------+---------+--------------+
|      47 | 2023-01-24 00:00:00-05:00 | 11933   | 12010.5 | 11835.8 | 11909.5 | 511370          |              1 |                0 |            1 |           0 |       2 |            0 |
+---------+---------------------------+---------+---------+---------+---------+-----------------+----------------+------------------+--------------+-------------+---------+--------------+
|      48 | 2023-01-25 00:00:00-05:00 | 11970.5 | 11976.5 | 11604.5 | 11873.2 | 633473          |              1 |                0 |            1 |           0 |       2 |            0 |
+---------+---------------------------+---------+---------+---------+---------+-----------------+----------------+------------------+--------------+-------------+---------+--------------+
|      49 | 2023-01-26 00:00:00-05:00 | 11874.8 | 12113   | 11867.2 | 12106.8 | 621434          |              1 |                0 |            1 |           0 |       2 |            0 |
+---------+---------------------------+---------+---------+---------+---------+-----------------+----------------+------------------+--------------+-------------+---------+--------------+
|      50 | 2023-01-27 00:00:00-05:00 | 12049   | 12308.5 | 12016   | 12222.2 | 588072          |              1 |                0 |            1 |           0 |       2 |            0 |
+---------+---------------------------+---------+---------+---------+---------+-----------------+----------------+------------------+--------------+-------------+---------+--------------+
|      51 | 2023-01-30 00:00:00-05:00 | 12212.5 | 12252   | 11960   | 11968   | 634667          |              1 |                0 |            1 |           0 |       2 |            0 |
+---------+---------------------------+---------+---------+---------+---------+-----------------+----------------+------------------+--------------+-------------+---------+--------------+
|      52 | 2023-01-31 00:00:00-05:00 | 11984   | 12156   | 11871   | 12152   | 585202          |              1 |                0 |            1 |           0 |       2 |            0 |
+---------+---------------------------+---------+---------+---------+---------+-----------------+----------------+------------------+--------------+-------------+---------+--------------+
|      53 | 2023-02-01 00:00:00-05:00 | 12116   | 12524.5 | 12055.2 | 12414.2 | 668515          |              1 |                0 |            1 |           0 |       2 |            0 |
+---------+---------------------------+---------+---------+---------+---------+-----------------+----------------+------------------+--------------+-------------+---------+--------------+
|      54 | 2023-02-02 00:00:00-05:00 | 12520   | 12949.8 | 12501.8 | 12846.8 | 817822          |              1 |                0 |            1 |           0 |       2 |            0 |
+---------+---------------------------+---------+---------+---------+---------+-----------------+----------------+------------------+--------------+-------------+---------+--------------+
|      55 | 2023-02-03 00:00:00-05:00 | 12748.2 | 12878   | 12551.2 | 12624   | 824209          |              0 |                0 |            1 |           0 |       1 |           -1 |
+---------+---------------------------+---------+---------+---------+---------+-----------------+----------------+------------------+--------------+-------------+---------+--------------+
|      56 | 2023-02-06 00:00:00-05:00 | 12572   | 12608.5 | 12455.8 | 12515.5 | 535147          |              0 |                0 |            1 |           0 |       1 |            0 |
+---------+---------------------------+---------+---------+---------+---------+-----------------+----------------+------------------+--------------+-------------+---------+--------------+
|      57 | 2023-02-07 00:00:00-05:00 | 12513   | 12818.5 | 12459.2 | 12776.8 | 744996          |              1 |                0 |            1 |           1 |       3 |            2 |
+---------+---------------------------+---------+---------+---------+---------+-----------------+----------------+------------------+--------------+-------------+---------+--------------+
|      58 | 2023-02-08 00:00:00-05:00 | 12747   | 12808.5 | 12512.8 | 12545.2 | 590355          |              1 |                0 |            1 |           1 |       3 |            0 |
+---------+---------------------------+---------+---------+---------+---------+-----------------+----------------+------------------+--------------+-------------+---------+--------------+
|      59 | 2023-02-09 00:00:00-05:00 | 12555   | 12728.5 | 12366.5 | 12425.5 | 612404          |              0 |                0 |            1 |           0 |       1 |           -2 |
+---------+---------------------------+---------+---------+---------+---------+-----------------+----------------+------------------+--------------+-------------+---------+--------------+
|      60 | 2023-02-10 00:00:00-05:00 | 12448.8 | 12451.5 | 12243.2 | 12346.2 | 600244          |              0 |                0 |            1 |           0 |       1 |            0 |
+---------+---------------------------+---------+---------+---------+---------+-----------------+----------------+------------------+--------------+-------------+---------+--------------+
|      61 | 2023-02-13 00:00:00-05:00 | 12357.5 | 12567   | 12265.2 | 12540.5 | 467840          |              0 |                0 |            1 |           0 |       1 |            0 |
+---------+---------------------------+---------+---------+---------+---------+-----------------+----------------+------------------+--------------+-------------+---------+--------------+
|      62 | 2023-02-14 00:00:00-05:00 | 12547.2 | 12687   | 12390.5 | 12631   | 719204          |              0 |                0 |            1 |           1 |       2 |            1 |
+---------+---------------------------+---------+---------+---------+---------+-----------------+----------------+------------------+--------------+-------------+---------+--------------+
|      63 | 2023-02-15 00:00:00-05:00 | 12620.8 | 12756.5 | 12524.2 | 12730   | 568579          |              0 |                0 |            1 |           1 |       2 |            0 |
+---------+---------------------------+---------+---------+---------+---------+-----------------+----------------+------------------+--------------+-------------+---------+--------------+
|      64 | 2023-02-16 00:00:00-05:00 | 12740   | 12792.8 | 12455.2 | 12482.5 | 682325          |              0 |                0 |            0 |           1 |       1 |           -1 |
+---------+---------------------------+---------+---------+---------+---------+-----------------+----------------+------------------+--------------+-------------+---------+--------------+
|      65 | 2023-02-17 00:00:00-05:00 | 12462.5 | 12466.2 | 12265.8 | 12390   | 629355          |              0 |                0 |            0 |           1 |       1 |            0 |
+---------+---------------------------+---------+---------+---------+---------+-----------------+----------------+------------------+--------------+-------------+---------+--------------+
|      66 | 2023-02-21 00:00:00-05:00 | 12380   | 12417.8 | 12090.2 | 12096.8 | 609494          |              0 |                0 |            0 |           1 |       1 |            0 |
+---------+---------------------------+---------+---------+---------+---------+-----------------+----------------+------------------+--------------+-------------+---------+--------------+
|      67 | 2023-02-22 00:00:00-05:00 | 12108   | 12190.5 | 12034   | 12097.5 | 640711          |              0 |                0 |            0 |           1 |       1 |            0 |
+---------+---------------------------+---------+---------+---------+---------+-----------------+----------------+------------------+--------------+-------------+---------+--------------+
|      68 | 2023-02-23 00:00:00-05:00 | 12176.2 | 12261   | 12028.5 | 12207.5 | 640962          |              0 |                0 |            0 |           1 |       1 |            0 |
+---------+---------------------------+---------+---------+---------+---------+-----------------+----------------+------------------+--------------+-------------+---------+--------------+
|      69 | 2023-02-24 00:00:00-05:00 | 12190   | 12214.5 | 11923   | 11997   | 643618          |              0 |                0 |            0 |           1 |       1 |            0 |
+---------+---------------------------+---------+---------+---------+---------+-----------------+----------------+------------------+--------------+-------------+---------+--------------+
|      70 | 2023-02-27 00:00:00-05:00 | 12003   | 12189.5 | 11990   | 12083.2 | 578952          |              0 |                0 |            0 |           1 |       1 |            0 |
+---------+---------------------------+---------+---------+---------+---------+-----------------+----------------+------------------+--------------+-------------+---------+--------------+
|      71 | 2023-02-28 00:00:00-05:00 | 12093.5 | 12172.8 | 12025.8 | 12072.2 | 646026          |              0 |                0 |            0 |           0 |       0 |           -1 |
+---------+---------------------------+---------+---------+---------+---------+-----------------+----------------+------------------+--------------+-------------+---------+--------------+
|      72 | 2023-03-01 00:00:00-05:00 | 12041.2 | 12141.8 | 11924.8 | 11961.8 | 759645          |              0 |                0 |            0 |           0 |       0 |            0 |
+---------+---------------------------+---------+---------+---------+---------+-----------------+----------------+------------------+--------------+-------------+---------+--------------+
|      73 | 2023-03-02 00:00:00-05:00 | 11967   | 12096.2 | 11832.5 | 12062   | 752009          |              0 |                0 |            0 |           0 |       0 |            0 |
+---------+---------------------------+---------+---------+---------+---------+-----------------+----------------+------------------+--------------+-------------+---------+--------------+
|      74 | 2023-03-03 00:00:00-05:00 | 12049   | 12329   | 12012   | 12311.2 | 675472          |              1 |                0 |            0 |           0 |       1 |            1 |
+---------+---------------------------+---------+---------+---------+---------+-----------------+----------------+------------------+--------------+-------------+---------+--------------+
|      75 | 2023-03-06 00:00:00-05:00 | 12306.2 | 12486.2 | 12276.2 | 12323.5 | 612506          |              0 |                0 |            0 |           1 |       1 |            0 |
+---------+---------------------------+---------+---------+---------+---------+-----------------+----------------+------------------+--------------+-------------+---------+--------------+
|      76 | 2023-03-07 00:00:00-05:00 | 12320.2 | 12381.2 | 12142.2 | 12169   | 685006          |              0 |                0 |            0 |           1 |       1 |            0 |
+---------+---------------------------+---------+---------+---------+---------+-----------------+----------------+------------------+--------------+-------------+---------+--------------+
|      77 | 2023-03-08 00:00:00-05:00 | 12170   | 12254.5 | 12108.2 | 12228.2 | 633419          |              0 |                0 |            0 |           1 |       1 |            0 |
+---------+---------------------------+---------+---------+---------+---------+-----------------+----------------+------------------+--------------+-------------+---------+--------------+
|      78 | 2023-03-09 00:00:00-05:00 | 12231   | 12353.5 | 11977.5 | 12007.2 | 816838          |              0 |                0 |            0 |           1 |       1 |            0 |
+---------+---------------------------+---------+---------+---------+---------+-----------------+----------------+------------------+--------------+-------------+---------+--------------+
|      79 | 2023-03-10 00:00:00-05:00 | 12005   | 12109   | 11795   | 11840.2 | 871209          |              0 |                0 |            0 |           0 |       0 |           -1 |
+---------+---------------------------+---------+---------+---------+---------+-----------------+----------------+------------------+--------------+-------------+---------+--------------+
|      80 | 2023-03-13 00:00:00-04:00 | 11894.8 | 12095.8 | 11674.2 | 11931.8 | 694438          |              1 |                0 |            0 |           0 |       1 |            1 |
+---------+---------------------------+---------+---------+---------+---------+-----------------+----------------+------------------+--------------+-------------+---------+--------------+
|      81 | 2023-03-14 00:00:00-04:00 | 11960   | 12223   | 11921.8 | 12207   | 364395          |              1 |                0 |            0 |           0 |       1 |            0 |
+---------+---------------------------+---------+---------+---------+---------+-----------------+----------------+------------------+--------------+-------------+---------+--------------+
|      82 | 2023-03-15 00:00:00-04:00 | 12200.8 | 12280   | 11972   | 12247.8 | 261341          |              1 |                0 |            0 |           0 |       1 |            0 |
+---------+---------------------------+---------+---------+---------+---------+-----------------+----------------+------------------+--------------+-------------+---------+--------------+
|      83 | 2023-03-16 00:00:00-04:00 | 12264.5 | 12600.5 | 12189.2 | 12583   | 181754          |              1 |                0 |            1 |           0 |       2 |            1 |
+---------+---------------------------+---------+---------+---------+---------+-----------------+----------------+------------------+--------------+-------------+---------+--------------+
|      84 | 2023-03-17 00:00:00-04:00 | 12575.8 | 12636.5 | 12531.8 | 12594.7 | 734052          |              1 |                0 |            1 |           0 |       2 |            0 |
+---------+---------------------------+---------+---------+---------+---------+-----------------+----------------+------------------+--------------+-------------+---------+--------------+
|      85 | 2023-03-20 00:00:00-04:00 | 12690   | 12750   | 12525.2 | 12688.5 | 694471          |              1 |                0 |            1 |           0 |       2 |            0 |
+---------+---------------------------+---------+---------+---------+---------+-----------------+----------------+------------------+--------------+-------------+---------+--------------+
|      86 | 2023-03-21 00:00:00-04:00 | 12699.8 | 12898.2 | 12676.5 | 12867.2 | 565860          |              1 |                0 |            1 |           0 |       2 |            0 |
+---------+---------------------------+---------+---------+---------+---------+-----------------+----------------+------------------+--------------+-------------+---------+--------------+
|      87 | 2023-03-22 00:00:00-04:00 | 12873.2 | 13082   | 12678   | 12707   | 713083          |              1 |                0 |            1 |           0 |       2 |            0 |
+---------+---------------------------+---------+---------+---------+---------+-----------------+----------------+------------------+--------------+-------------+---------+--------------+
|      88 | 2023-03-23 00:00:00-04:00 | 12695   | 13031   | 12694.2 | 12854   | 838385          |              1 |                0 |            1 |           0 |       2 |            0 |
+---------+---------------------------+---------+---------+---------+---------+-----------------+----------------+------------------+--------------+-------------+---------+--------------+
|      89 | 2023-03-24 00:00:00-04:00 | 12871.5 | 12924.8 | 12728   | 12890.2 | 676547          |              1 |                0 |            1 |           0 |       2 |            0 |
+---------+---------------------------+---------+---------+---------+---------+-----------------+----------------+------------------+--------------+-------------+---------+--------------+
|      90 | 2023-03-27 00:00:00-04:00 | 12916   | 12984.5 | 12765.5 | 12788.5 | 562634          |              1 |                0 |            1 |           0 |       2 |            0 |
+---------+---------------------------+---------+---------+---------+---------+-----------------+----------------+------------------+--------------+-------------+---------+--------------+
|      91 | 2023-03-28 00:00:00-04:00 | 12810.5 | 12833.5 | 12634.2 | 12732.5 | 537965          |              1 |                0 |            1 |           0 |       2 |            0 |
+---------+---------------------------+---------+---------+---------+---------+-----------------+----------------+------------------+--------------+-------------+---------+--------------+
|      92 | 2023-03-29 00:00:00-04:00 | 12745.5 | 12994   | 12742   | 12965   | 566316          |              1 |                0 |            1 |           0 |       2 |            0 |
+---------+---------------------------+---------+---------+---------+---------+-----------------+----------------+------------------+--------------+-------------+---------+--------------+
|      93 | 2023-03-30 00:00:00-04:00 | 12962.5 | 13111.8 | 12931.5 | 13082   | 583151          |              1 |                0 |            1 |           0 |       2 |            0 |
+---------+---------------------------+---------+---------+---------+---------+-----------------+----------------+------------------+--------------+-------------+---------+--------------+
|      94 | 2023-03-31 00:00:00-04:00 | 13084.2 | 13311.5 | 13057.5 | 13301.8 | 624955          |              1 |                0 |            1 |           0 |       2 |            0 |
+---------+---------------------------+---------+---------+---------+---------+-----------------+----------------+------------------+--------------+-------------+---------+--------------+
|      95 | 2023-04-03 00:00:00-04:00 | 13262   | 13278.8 | 13154   | 13270   | 542896          |              1 |                0 |            1 |           0 |       2 |            0 |
+---------+---------------------------+---------+---------+---------+---------+-----------------+----------------+------------------+--------------+-------------+---------+--------------+
|      96 | 2023-04-04 00:00:00-04:00 | 13259   | 13348.8 | 13168.2 | 13219   | 577032          |              1 |                0 |            1 |           1 |       3 |            1 |
+---------+---------------------------+---------+---------+---------+---------+-----------------+----------------+------------------+--------------+-------------+---------+--------------+
|      97 | 2023-04-05 00:00:00-04:00 | 13230   | 13247.2 | 13006   | 13079.8 | 594608          |              0 |                0 |            1 |           1 |       2 |           -1 |
+---------+---------------------------+---------+---------+---------+---------+-----------------+----------------+------------------+--------------+-------------+---------+--------------+
|      98 | 2023-04-06 00:00:00-04:00 | 13072.8 | 13191   | 12953.2 | 13170.8 |  41224          |              0 |                0 |            1 |           1 |       2 |            0 |
+---------+---------------------------+---------+---------+---------+---------+-----------------+----------------+------------------+--------------+-------------+---------+--------------+
|      99 | 2023-04-10 00:00:00-04:00 | 13179.8 | 13203.2 | 12967.5 | 13158   | 553003          |              0 |                0 |            1 |           1 |       2 |            0 |
+---------+---------------------------+---------+---------+---------+---------+-----------------+----------------+------------------+--------------+-------------+---------+--------------+
|     100 | 2023-04-11 00:00:00-04:00 | 13163.2 | 13208.8 | 13053.5 | 13074.8 | 549047          |              0 |                0 |            1 |           1 |       2 |            0 |
+---------+---------------------------+---------+---------+---------+---------+-----------------+----------------+------------------+--------------+-------------+---------+--------------+
|     101 | 2023-04-12 00:00:00-04:00 | 13073.8 | 13241.8 | 12937.8 | 12952.2 | 684779          |              0 |                0 |            0 |           0 |       0 |           -2 |
+---------+---------------------------+---------+---------+---------+---------+-----------------+----------------+------------------+--------------+-------------+---------+--------------+
|     102 | 2023-04-13 00:00:00-04:00 | 12957   | 13228   | 12925.5 | 13209.8 | 558233          |              0 |                0 |            0 |           0 |       0 |            0 |
+---------+---------------------------+---------+---------+---------+---------+-----------------+----------------+------------------+--------------+-------------+---------+--------------+
|     103 | 2023-04-14 00:00:00-04:00 | 13183   | 13255   | 13058   | 13181.2 | 627824          |              0 |                0 |            0 |           0 |       0 |            0 |
+---------+---------------------------+---------+---------+---------+---------+-----------------+----------------+------------------+--------------+-------------+---------+--------------+
|     104 | 2023-04-17 00:00:00-04:00 | 13212.5 | 13218   | 13076.8 | 13186.5 | 540742          |              0 |                0 |            0 |           1 |       1 |            1 |
+---------+---------------------------+---------+---------+---------+---------+-----------------+----------------+------------------+--------------+-------------+---------+--------------+
|     105 | 2023-04-18 00:00:00-04:00 | 13184   | 13298.8 | 13138   | 13193   | 576668          |              1 |                0 |            0 |           1 |       2 |            1 |
+---------+---------------------------+---------+---------+---------+---------+-----------------+----------------+------------------+--------------+-------------+---------+--------------+
|     106 | 2023-04-19 00:00:00-04:00 | 13170.5 | 13226.8 | 13065   | 13183   | 529506          |              0 |                0 |            0 |           1 |       1 |           -1 |
+---------+---------------------------+---------+---------+---------+---------+-----------------+----------------+------------------+--------------+-------------+---------+--------------+
|     107 | 2023-04-20 00:00:00-04:00 | 13162   | 13200   | 13021.8 | 13074.2 | 680299          |              0 |                0 |            0 |           1 |       1 |            0 |
+---------+---------------------------+---------+---------+---------+---------+-----------------+----------------+------------------+--------------+-------------+---------+--------------+
|     108 | 2023-04-21 00:00:00-04:00 | 13089   | 13122   | 12982.5 | 13090.5 | 593982          |              0 |                0 |            0 |           1 |       1 |            0 |
+---------+---------------------------+---------+---------+---------+---------+-----------------+----------------+------------------+--------------+-------------+---------+--------------+
|     109 | 2023-04-24 00:00:00-04:00 | 13070   | 13134   | 12967.2 | 13056.5 | 582286          |              0 |                0 |            0 |           1 |       1 |            0 |
+---------+---------------------------+---------+---------+---------+---------+-----------------+----------------+------------------+--------------+-------------+---------+--------------+
|     110 | 2023-04-25 00:00:00-04:00 | 13050.2 | 13059.5 | 12800   | 12809.5 | 694266          |              0 |                0 |            0 |           0 |       0 |           -1 |
+---------+---------------------------+---------+---------+---------+---------+-----------------+----------------+------------------+--------------+-------------+---------+--------------+
|     111 | 2023-04-26 00:00:00-04:00 | 12940   | 13012.2 | 12863.8 | 12887.8 | 755124          |              0 |                0 |            0 |           0 |       0 |            0 |
+---------+---------------------------+---------+---------+---------+---------+-----------------+----------------+------------------+--------------+-------------+---------+--------------+
|     112 | 2023-04-27 00:00:00-04:00 | 12965   | 13333   | 12936   | 13231.2 | 728241          |              1 |                0 |            0 |           0 |       1 |            1 |
+---------+---------------------------+---------+---------+---------+---------+-----------------+----------------+------------------+--------------+-------------+---------+--------------+
|     113 | 2023-04-28 00:00:00-04:00 | 13215   | 13336   | 13169   | 13320.2 | 671058          |              1 |                0 |            0 |           0 |       1 |            0 |
+---------+---------------------------+---------+---------+---------+---------+-----------------+----------------+------------------+--------------+-------------+---------+--------------+
|     114 | 2023-05-01 00:00:00-04:00 | 13317   | 13370.2 | 13258.8 | 13306.8 | 487908          |              1 |                0 |            0 |           1 |       2 |            1 |
+---------+---------------------------+---------+---------+---------+---------+-----------------+----------------+------------------+--------------+-------------+---------+--------------+
|     115 | 2023-05-02 00:00:00-04:00 | 13290   | 13334.8 | 13110.2 | 13184.5 | 664855          |              1 |                0 |            0 |           0 |       1 |           -1 |
+---------+---------------------------+---------+---------+---------+---------+-----------------+----------------+------------------+--------------+-------------+---------+--------------+
|     116 | 2023-05-03 00:00:00-04:00 | 13162   | 13314   | 13080   | 13100.8 | 648753          |              0 |                0 |            0 |           0 |       0 |           -1 |
+---------+---------------------------+---------+---------+---------+---------+-----------------+----------------+------------------+--------------+-------------+---------+--------------+
|     117 | 2023-05-04 00:00:00-04:00 | 13064   | 13173   | 13001.8 | 13043.8 | 656440          |              0 |                0 |            0 |           0 |       0 |            0 |
+---------+---------------------------+---------+---------+---------+---------+-----------------+----------------+------------------+--------------+-------------+---------+--------------+
|     118 | 2023-05-05 00:00:00-04:00 | 13060   | 13359   | 13055.8 | 13317.8 | 573291          |              1 |                0 |            0 |           0 |       1 |            1 |
+---------+---------------------------+---------+---------+---------+---------+-----------------+----------------+------------------+--------------+-------------+---------+--------------+
|     119 | 2023-05-08 00:00:00-04:00 | 13316   | 13368   | 13254.5 | 13352.2 | 506054          |              1 |                0 |            0 |           0 |       1 |            0 |
+---------+---------------------------+---------+---------+---------+---------+-----------------+----------------+------------------+--------------+-------------+---------+--------------+
|     120 | 2023-05-09 00:00:00-04:00 | 13338.5 | 13347   | 13250.5 | 13264.8 | 552248          |              1 |                0 |            0 |           0 |       1 |            0 |
+---------+---------------------------+---------+---------+---------+---------+-----------------+----------------+------------------+--------------+-------------+---------+--------------+
|     121 | 2023-05-10 00:00:00-04:00 | 13258.8 | 13446.8 | 13202.8 | 13409.5 | 839699          |              1 |                0 |            1 |           0 |       2 |            1 |
+---------+---------------------------+---------+---------+---------+---------+-----------------+----------------+------------------+--------------+-------------+---------+--------------+
|     122 | 2023-05-11 00:00:00-04:00 | 13410   | 13470.2 | 13361.5 | 13446.5 | 653399          |              1 |                0 |            1 |           0 |       2 |            0 |
+---------+---------------------------+---------+---------+---------+---------+-----------------+----------------+------------------+--------------+-------------+---------+--------------+
|     123 | 2023-05-12 00:00:00-04:00 | 13446   | 13494.2 | 13310.5 | 13396.2 | 628035          |              1 |                0 |            1 |           0 |       2 |            0 |
+---------+---------------------------+---------+---------+---------+---------+-----------------+----------------+------------------+--------------+-------------+---------+--------------+
|     124 | 2023-05-15 00:00:00-04:00 | 13378.8 | 13480   | 13350   | 13468   | 495940          |              1 |                0 |            1 |           0 |       2 |            0 |
+---------+---------------------------+---------+---------+---------+---------+-----------------+----------------+------------------+--------------+-------------+---------+--------------+
|     125 | 2023-05-16 00:00:00-04:00 | 13461   | 13554.5 | 13426.2 | 13483.2 | 561834          |              1 |                0 |            1 |           0 |       2 |            0 |
+---------+---------------------------+---------+---------+---------+---------+-----------------+----------------+------------------+--------------+-------------+---------+--------------+
|     126 | 2023-05-17 00:00:00-04:00 | 13498.5 | 13669   | 13474.2 | 13643.5 | 621137          |              1 |                0 |            1 |           0 |       2 |            0 |
+---------+---------------------------+---------+---------+---------+---------+-----------------+----------------+------------------+--------------+-------------+---------+--------------+
|     127 | 2023-05-18 00:00:00-04:00 | 13640.5 | 13913   | 13628.2 | 13894   | 749496          |              1 |                0 |            1 |           0 |       2 |            0 |
+---------+---------------------------+---------+---------+---------+---------+-----------------+----------------+------------------+--------------+-------------+---------+--------------+
|     128 | 2023-05-19 00:00:00-04:00 | 13908.5 | 13960.2 | 13814.2 | 13858   | 659819          |              1 |                0 |            1 |           0 |       2 |            0 |
+---------+---------------------------+---------+---------+---------+---------+-----------------+----------------+------------------+--------------+-------------+---------+--------------+
|     129 | 2023-05-22 00:00:00-04:00 | 13805.5 | 13946.8 | 13794.2 | 13902.5 | 538203          |              1 |                0 |            1 |           0 |       2 |            0 |
+---------+---------------------------+---------+---------+---------+---------+-----------------+----------------+------------------+--------------+-------------+---------+--------------+
|     130 | 2023-05-23 00:00:00-04:00 | 13913.2 | 13979.2 | 13710   | 13728.8 | 658680          |              1 |                0 |            1 |           0 |       2 |            0 |
+---------+---------------------------+---------+---------+---------+---------+-----------------+----------------+------------------+--------------+-------------+---------+--------------+
|     131 | 2023-05-24 00:00:00-04:00 | 13729   | 13845.8 | 13566.5 | 13650.2 | 704804          |              1 |                0 |            1 |           0 |       2 |            0 |
+---------+---------------------------+---------+---------+---------+---------+-----------------+----------------+------------------+--------------+-------------+---------+--------------+
|     132 | 2023-05-25 00:00:00-04:00 | 13877   | 14031.2 | 13803   | 13976.5 | 819148          |              1 |                0 |            1 |           0 |       2 |            0 |
+---------+---------------------------+---------+---------+---------+---------+-----------------+----------------+------------------+--------------+-------------+---------+--------------+
|     133 | 2023-05-26 00:00:00-04:00 | 13977.8 | 14369   | 13924.5 | 14332.5 | 729047          |              1 |                0 |            1 |           0 |       2 |            0 |
+---------+---------------------------+---------+---------+---------+---------+-----------------+----------------+------------------+--------------+-------------+---------+--------------+
|     134 | 2023-05-30 00:00:00-04:00 | 14437.5 | 14570   | 14336.8 | 14396.8 | 882198          |              1 |                0 |            1 |           0 |       2 |            0 |
+---------+---------------------------+---------+---------+---------+---------+-----------------+----------------+------------------+--------------+-------------+---------+--------------+
|     135 | 2023-05-31 00:00:00-04:00 | 14397.2 | 14429   | 14251.2 | 14300.5 | 680429          |              1 |                0 |            1 |           0 |       2 |            0 |
+---------+---------------------------+---------+---------+---------+---------+-----------------+----------------+------------------+--------------+-------------+---------+--------------+
|     136 | 2023-06-01 00:00:00-04:00 | 14289.5 | 14528.2 | 14248.2 | 14472.2 | 622329          |              1 |                0 |            1 |           0 |       2 |            0 |
+---------+---------------------------+---------+---------+---------+---------+-----------------+----------------+------------------+--------------+-------------+---------+--------------+
|     137 | 2023-06-02 00:00:00-04:00 | 14494   | 14627.8 | 14468.2 | 14575.2 | 623290          |              1 |                0 |            1 |           0 |       2 |            0 |
+---------+---------------------------+---------+---------+---------+---------+-----------------+----------------+------------------+--------------+-------------+---------+--------------+
|     138 | 2023-06-05 00:00:00-04:00 | 14577   | 14694.8 | 14512.8 | 14588.8 | 619089          |              1 |                0 |            1 |           0 |       2 |            0 |
+---------+---------------------------+---------+---------+---------+---------+-----------------+----------------+------------------+--------------+-------------+---------+--------------+
|     139 | 2023-06-06 00:00:00-04:00 | 14582   | 14623.8 | 14504.5 | 14586.5 | 572806          |              1 |                0 |            1 |           0 |       2 |            0 |
+---------+---------------------------+---------+---------+---------+---------+-----------------+----------------+------------------+--------------+-------------+---------+--------------+
|     140 | 2023-06-07 00:00:00-04:00 | 14594.5 | 14675   | 14305.5 | 14331.5 | 770555          |              0 |                0 |            1 |           0 |       1 |           -1 |
+---------+---------------------------+---------+---------+---------+---------+-----------------+----------------+------------------+--------------+-------------+---------+--------------+
|     141 | 2023-06-08 00:00:00-04:00 | 14316   | 14526.8 | 14256.8 | 14503   | 631769          |              0 |                0 |            1 |           0 |       1 |            0 |
+---------+---------------------------+---------+---------+---------+---------+-----------------+----------------+------------------+--------------+-------------+---------+--------------+
|     142 | 2023-06-09 00:00:00-04:00 | 14517   | 14687.5 | 14460.2 | 14556.2 | 581386          |              0 |                0 |            1 |           0 |       1 |            0 |
+---------+---------------------------+---------+---------+---------+---------+-----------------+----------------+------------------+--------------+-------------+---------+--------------+
|     143 | 2023-06-12 00:00:00-04:00 | 14560.2 | 14827   | 14554.2 | 14800.5 | 397388          |              0 |                0 |            1 |           0 |       1 |            0 |
+---------+---------------------------+---------+---------+---------+---------+-----------------+----------------+------------------+--------------+-------------+---------+--------------+
|     144 | 2023-06-13 00:00:00-04:00 | 14824   | 14967.8 | 14779.5 | 14914.2 | 347119          |              1 |                0 |            1 |           0 |       2 |            1 |
+---------+---------------------------+---------+---------+---------+---------+-----------------+----------------+------------------+--------------+-------------+---------+--------------+
|     145 | 2023-06-14 00:00:00-04:00 | 14925   | 15061.5 | 14793   | 15012.8 | 204099          |              1 |                0 |            1 |           0 |       2 |            0 |
+---------+---------------------------+---------+---------+---------+---------+-----------------+----------------+------------------+--------------+-------------+---------+--------------+
|     146 | 2023-06-15 00:00:00-04:00 | 15038   | 15252   | 14878   | 15188   | 139777          |              1 |                0 |            1 |           0 |       2 |            0 |
+---------+---------------------------+---------+---------+---------+---------+-----------------+----------------+------------------+--------------+-------------+---------+--------------+
|     147 | 2023-06-16 00:00:00-04:00 | 15181.2 | 15324   | 15130.5 | 15316.6 | 636907          |              1 |                0 |            1 |           0 |       2 |            0 |
+---------+---------------------------+---------+---------+---------+---------+-----------------+----------------+------------------+--------------+-------------+---------+--------------+
|     148 | 2023-06-20 00:00:00-04:00 | 15303.2 | 15322.5 | 15126.5 | 15256.5 | 652883          |              0 |                0 |            1 |           1 |       2 |            0 |
+---------+---------------------------+---------+---------+---------+---------+-----------------+----------------+------------------+--------------+-------------+---------+--------------+
|     149 | 2023-06-21 00:00:00-04:00 | 15247.5 | 15273.2 | 15002.2 | 15044   | 640702          |              0 |                0 |            1 |           1 |       2 |            0 |
+---------+---------------------------+---------+---------+---------+---------+-----------------+----------------+------------------+--------------+-------------+---------+--------------+
|     150 | 2023-06-22 00:00:00-04:00 | 15038.8 | 15238   | 14964   | 15214.8 | 611017          |              0 |                0 |            1 |           1 |       2 |            0 |
+---------+---------------------------+---------+---------+---------+---------+-----------------+----------------+------------------+--------------+-------------+---------+--------------+
|     151 | 2023-06-23 00:00:00-04:00 | 15236   | 15236   | 14985.2 | 15058.2 | 620593          |              0 |                0 |            1 |           1 |       2 |            0 |
+---------+---------------------------+---------+---------+---------+---------+-----------------+----------------+------------------+--------------+-------------+---------+--------------+
|     152 | 2023-06-26 00:00:00-04:00 | 15057.8 | 15152.5 | 14853.5 | 14856.5 | 649993          |              0 |                0 |            0 |           0 |       0 |           -2 |
+---------+---------------------------+---------+---------+---------+---------+-----------------+----------------+------------------+--------------+-------------+---------+--------------+
|     153 | 2023-06-27 00:00:00-04:00 | 14875   | 15139.2 | 14862.2 | 15111.5 | 569198          |              0 |                0 |            0 |           0 |       0 |            0 |
+---------+---------------------------+---------+---------+---------+---------+-----------------+----------------+------------------+--------------+-------------+---------+--------------+
|     154 | 2023-06-28 00:00:00-04:00 | 15088.2 | 15219   | 15021.2 | 15130   | 662146          |              0 |                0 |            0 |           0 |       0 |            0 |
+---------+---------------------------+---------+---------+---------+---------+-----------------+----------------+------------------+--------------+-------------+---------+--------------+
|     155 | 2023-06-29 00:00:00-04:00 | 15161   | 15202.8 | 15028.5 | 15100.2 | 594134          |              0 |                0 |            0 |           0 |       0 |            0 |
+---------+---------------------------+---------+---------+---------+---------+-----------------+----------------+------------------+--------------+-------------+---------+--------------+
|     156 | 2023-06-30 00:00:00-04:00 | 15106   | 15376.8 | 15099   | 15337   | 529455          |              0 |                0 |            0 |           0 |       0 |            0 |
+---------+---------------------------+---------+---------+---------+---------+-----------------+----------------+------------------+--------------+-------------+---------+--------------+
|     157 | 2023-07-03 00:00:00-04:00 | 15331   | 15392   | 15308   | 15364.8 | 265064          |              0 |                0 |            0 |           0 |       0 |            0 |
+---------+---------------------------+---------+---------+---------+---------+-----------------+----------------+------------------+--------------+-------------+---------+--------------+
|     158 | 2023-07-05 00:00:00-04:00 | 15357   | 15432   | 15255.2 | 15360.8 | 519857          |              0 |                0 |            0 |           1 |       1 |            1 |
+---------+---------------------------+---------+---------+---------+---------+-----------------+----------------+------------------+--------------+-------------+---------+--------------+
|     159 | 2023-07-06 00:00:00-04:00 | 15353.8 | 15366   | 15111.5 | 15238   | 574681          |              0 |                0 |            0 |           1 |       1 |            0 |
+---------+---------------------------+---------+---------+---------+---------+-----------------+----------------+------------------+--------------+-------------+---------+--------------+
|     160 | 2023-07-07 00:00:00-04:00 | 15211.8 | 15359.8 | 15172.2 | 15181.8 | 555119          |              0 |                0 |            0 |           0 |       0 |           -1 |
+---------+---------------------------+---------+---------+---------+---------+-----------------+----------------+------------------+--------------+-------------+---------+--------------+
|     161 | 2023-07-10 00:00:00-04:00 | 15198.5 | 15218.2 | 15063.2 | 15187   | 609953          |              0 |                0 |            0 |           0 |       0 |            0 |
+---------+---------------------------+---------+---------+---------+---------+-----------------+----------------+------------------+--------------+-------------+---------+--------------+
|     162 | 2023-07-11 00:00:00-04:00 | 15195.8 | 15278.8 | 15109.5 | 15260   | 552637          |              0 |                0 |            0 |           0 |       0 |            0 |
+---------+---------------------------+---------+---------+---------+---------+-----------------+----------------+------------------+--------------+-------------+---------+--------------+
|     163 | 2023-07-12 00:00:00-04:00 | 15258   | 15507.8 | 15254.5 | 15444.8 | 649433          |              1 |                0 |            0 |           0 |       1 |            1 |
+---------+---------------------------+---------+---------+---------+---------+-----------------+----------------+------------------+--------------+-------------+---------+--------------+
|     164 | 2023-07-13 00:00:00-04:00 | 15457.8 | 15741.2 | 15456.5 | 15711.5 | 563935          |              1 |                0 |            0 |           0 |       1 |            0 |
+---------+---------------------------+---------+---------+---------+---------+-----------------+----------------+------------------+--------------+-------------+---------+--------------+
|     165 | 2023-07-14 00:00:00-04:00 | 15699   | 15857.2 | 15663   | 15694.2 | 629943          |              1 |                0 |            0 |           0 |       1 |            0 |
+---------+---------------------------+---------+---------+---------+---------+-----------------+----------------+------------------+--------------+-------------+---------+--------------+
|     166 | 2023-07-17 00:00:00-04:00 | 15690   | 15882.8 | 15661.5 | 15840.8 | 522129          |              1 |                0 |            1 |           0 |       2 |            1 |
+---------+---------------------------+---------+---------+---------+---------+-----------------+----------------+------------------+--------------+-------------+---------+--------------+
|     167 | 2023-07-18 00:00:00-04:00 | 15832   | 16029.8 | 15733   | 15974.8 | 633272          |              1 |                0 |            1 |           1 |       3 |            1 |
+---------+---------------------------+---------+---------+---------+---------+-----------------+----------------+------------------+--------------+-------------+---------+--------------+
|     168 | 2023-07-19 00:00:00-04:00 | 15949.2 | 16062.8 | 15911.2 | 15959.2 | 682279          |              1 |                0 |            1 |           1 |       3 |            0 |
+---------+---------------------------+---------+---------+---------+---------+-----------------+----------------+------------------+--------------+-------------+---------+--------------+
|     169 | 2023-07-20 00:00:00-04:00 | 15922.8 | 15925.8 | 15547   | 15592.2 | 810475          |              0 |                0 |            1 |           1 |       2 |           -1 |
+---------+---------------------------+---------+---------+---------+---------+-----------------+----------------+------------------+--------------+-------------+---------+--------------+
|     170 | 2023-07-21 00:00:00-04:00 | 15590.8 | 15719.2 | 15522.2 | 15540   | 704413          |              0 |                0 |            0 |           1 |       1 |           -1 |
+---------+---------------------------+---------+---------+---------+---------+-----------------+----------------+------------------+--------------+-------------+---------+--------------+
|     171 | 2023-07-24 00:00:00-04:00 | 15556   | 15618.8 | 15483.8 | 15561.2 | 561877          |              0 |                0 |            0 |           0 |       0 |           -1 |
+---------+---------------------------+---------+---------+---------+---------+-----------------+----------------+------------------+--------------+-------------+---------+--------------+
|     172 | 2023-07-25 00:00:00-04:00 | 15570   | 15736.2 | 15549.2 | 15673   | 554880          |              0 |                0 |            0 |           0 |       0 |            0 |
+---------+---------------------------+---------+---------+---------+---------+-----------------+----------------+------------------+--------------+-------------+---------+--------------+
|     173 | 2023-07-26 00:00:00-04:00 | 15730.2 | 15739.2 | 15515   | 15610.8 | 683826          |              0 |                0 |            0 |           0 |       0 |            0 |
+---------+---------------------------+---------+---------+---------+---------+-----------------+----------------+------------------+--------------+-------------+---------+--------------+
|     174 | 2023-07-27 00:00:00-04:00 | 15638.8 | 15904   | 15511.2 | 15571   | 846437          |              0 |                0 |            0 |           0 |       0 |            0 |
+---------+---------------------------+---------+---------+---------+---------+-----------------+----------------+------------------+--------------+-------------+---------+--------------+
|     175 | 2023-07-28 00:00:00-04:00 | 15580   | 15896   | 15546.2 | 15847.5 | 689386          |              1 |                0 |            0 |           1 |       2 |            2 |
+---------+---------------------------+---------+---------+---------+---------+-----------------+----------------+------------------+--------------+-------------+---------+--------------+
|     176 | 2023-07-31 00:00:00-04:00 | 15850   | 15917   | 15791.2 | 15857.5 | 523896          |              1 |                0 |            0 |           1 |       2 |            0 |
+---------+---------------------------+---------+---------+---------+---------+-----------------+----------------+------------------+--------------+-------------+---------+--------------+
|     177 | 2023-08-01 00:00:00-04:00 | 15869.2 | 15889.2 | 15728.2 | 15817.2 | 529660          |              0 |                0 |            0 |           1 |       1 |           -1 |
+---------+---------------------------+---------+---------+---------+---------+-----------------+----------------+------------------+--------------+-------------+---------+--------------+
|     178 | 2023-08-02 00:00:00-04:00 | 15757   | 15789.8 | 15414   | 15473   | 773499          |              0 |                0 |            0 |           1 |       1 |            0 |
+---------+---------------------------+---------+---------+---------+---------+-----------------+----------------+------------------+--------------+-------------+---------+--------------+
|     179 | 2023-08-03 00:00:00-04:00 | 15455.8 | 15551.8 | 15339.5 | 15438.8 | 658841          |              0 |                0 |            0 |           1 |       1 |            0 |
+---------+---------------------------+---------+---------+---------+---------+-----------------+----------------+------------------+--------------+-------------+---------+--------------+
|     180 | 2023-08-04 00:00:00-04:00 | 15441   | 15610.2 | 15336.5 | 15354   | 773229          |              0 |                0 |            0 |           1 |       1 |            0 |
+---------+---------------------------+---------+---------+---------+---------+-----------------+----------------+------------------+--------------+-------------+---------+--------------+
|     181 | 2023-08-07 00:00:00-04:00 | 15370.5 | 15495.5 | 15334.2 | 15485.5 | 578299          |              0 |                0 |            0 |           1 |       1 |            0 |
+---------+---------------------------+---------+---------+---------+---------+-----------------+----------------+------------------+--------------+-------------+---------+--------------+
|     182 | 2023-08-08 00:00:00-04:00 | 15495   | 15497.8 | 15218   | 15354.2 | 638813          |              0 |                0 |            0 |           1 |       1 |            0 |
+---------+---------------------------+---------+---------+---------+---------+-----------------+----------------+------------------+--------------+-------------+---------+--------------+
|     183 | 2023-08-09 00:00:00-04:00 | 15351.8 | 15432.5 | 15146.5 | 15178.2 | 652732          |              0 |                0 |            0 |           1 |       1 |            0 |
+---------+---------------------------+---------+---------+---------+---------+-----------------+----------------+------------------+--------------+-------------+---------+--------------+
|     184 | 2023-08-10 00:00:00-04:00 | 15202.5 | 15442.2 | 15136   | 15201.2 | 807104          |              0 |                0 |            0 |           1 |       1 |            0 |
+---------+---------------------------+---------+---------+---------+---------+-----------------+----------------+------------------+--------------+-------------+---------+--------------+
|     185 | 2023-08-11 00:00:00-04:00 | 15219   | 15266.8 | 15037.2 | 15095.8 | 613959          |              0 |                0 |            0 |           1 |       1 |            0 |
+---------+---------------------------+---------+---------+---------+---------+-----------------+----------------+------------------+--------------+-------------+---------+--------------+
|     186 | 2023-08-14 00:00:00-04:00 | 15104   | 15282   | 15020.8 | 15270.2 | 554628          |              0 |                0 |            0 |           1 |       1 |            0 |
+---------+---------------------------+---------+---------+---------+---------+-----------------+----------------+------------------+--------------+-------------+---------+--------------+
|     187 | 2023-08-15 00:00:00-04:00 | 15279   | 15335   | 15074.8 | 15106.5 | 593602          |              0 |                0 |            0 |           1 |       1 |            0 |
+---------+---------------------------+---------+---------+---------+---------+-----------------+----------------+------------------+--------------+-------------+---------+--------------+
|     188 | 2023-08-16 00:00:00-04:00 | 15110.8 | 15166   | 14921.5 | 14942.2 | 641607          |              0 |                0 |            0 |           1 |       1 |            0 |
+---------+---------------------------+---------+---------+---------+---------+-----------------+----------------+------------------+--------------+-------------+---------+--------------+
|     189 | 2023-08-17 00:00:00-04:00 | 14940.2 | 15018.2 | 14738.2 | 14778   | 681399          |              0 |                0 |            0 |           1 |       1 |            0 |
+---------+---------------------------+---------+---------+---------+---------+-----------------+----------------+------------------+--------------+-------------+---------+--------------+
|     190 | 2023-08-18 00:00:00-04:00 | 14748   | 14802.8 | 14609.2 | 14744   | 731241          |              0 |                0 |            0 |           0 |       0 |           -1 |
+---------+---------------------------+---------+---------+---------+---------+-----------------+----------------+------------------+--------------+-------------+---------+--------------+
|     191 | 2023-08-21 00:00:00-04:00 | 14762.5 | 15013.8 | 14720.5 | 14985.8 | 641685          |              0 |                0 |            0 |           0 |       0 |            0 |
+---------+---------------------------+---------+---------+---------+---------+-----------------+----------------+------------------+--------------+-------------+---------+--------------+
|     192 | 2023-08-22 00:00:00-04:00 | 14974.5 | 15118.2 | 14932   | 14958.5 | 623728          |              0 |                0 |            0 |           0 |       0 |            0 |
+---------+---------------------------+---------+---------+---------+---------+-----------------+----------------+------------------+--------------+-------------+---------+--------------+
|     193 | 2023-08-23 00:00:00-04:00 | 14959.8 | 15356.8 | 14957.2 | 15195.5 | 606168          |              1 |                0 |            0 |           0 |       1 |            1 |
+---------+---------------------------+---------+---------+---------+---------+-----------------+----------------+------------------+--------------+-------------+---------+--------------+
|     194 | 2023-08-24 00:00:00-04:00 | 15333   | 15418   | 14817   | 14862   | 847308          |              1 |                0 |            0 |           0 |       1 |            0 |
+---------+---------------------------+---------+---------+---------+---------+-----------------+----------------+------------------+--------------+-------------+---------+--------------+
|     195 | 2023-08-25 00:00:00-04:00 | 14833   | 15048.8 | 14751.8 | 14979.2 | 823889          |              1 |                0 |            0 |           0 |       1 |            0 |
+---------+---------------------------+---------+---------+---------+---------+-----------------+----------------+------------------+--------------+-------------+---------+--------------+
|     196 | 2023-08-28 00:00:00-04:00 | 14991   | 15126.5 | 14973.5 | 15092.5 | 586342          |              1 |                0 |            0 |           0 |       1 |            0 |
+---------+---------------------------+---------+---------+---------+---------+-----------------+----------------+------------------+--------------+-------------+---------+--------------+
|     197 | 2023-08-29 00:00:00-04:00 | 15098.8 | 15430.5 | 15049.8 | 15415.8 | 616223          |              1 |                0 |            1 |           0 |       2 |            1 |
+---------+---------------------------+---------+---------+---------+---------+-----------------+----------------+------------------+--------------+-------------+---------+--------------+
|     198 | 2023-08-30 00:00:00-04:00 | 15427.5 | 15522.8 | 15361.5 | 15501.2 | 590194          |              1 |                0 |            1 |           0 |       2 |            0 |
+---------+---------------------------+---------+---------+---------+---------+-----------------+----------------+------------------+--------------+-------------+---------+--------------+
|     199 | 2023-08-31 00:00:00-04:00 | 15513.8 | 15606.8 | 15460   | 15538.5 | 584743          |              1 |                0 |            1 |           0 |       2 |            0 |
+---------+---------------------------+---------+---------+---------+---------+-----------------+----------------+------------------+--------------+-------------+---------+--------------+
|     200 | 2023-09-01 00:00:00-04:00 | 15534   | 15661.2 | 15454   | 15516.2 | 572689          |              1 |                0 |            1 |           1 |       3 |            1 |
+---------+---------------------------+---------+---------+---------+---------+-----------------+----------------+------------------+--------------+-------------+---------+--------------+
|     201 | 2023-09-05 00:00:00-04:00 | 15517   | 15586.8 | 15418.2 | 15534.5 | 604891          |              1 |                0 |            1 |           1 |       3 |            0 |
+---------+---------------------------+---------+---------+---------+---------+-----------------+----------------+------------------+--------------+-------------+---------+--------------+
|     202 | 2023-09-06 00:00:00-04:00 | 15511.2 | 15533   | 15310.5 | 15399.5 | 596503          |              1 |                0 |            1 |           1 |       3 |            0 |
+---------+---------------------------+---------+---------+---------+---------+-----------------+----------------+------------------+--------------+-------------+---------+--------------+
|     203 | 2023-09-07 00:00:00-04:00 | 15385   | 15395.8 | 15157.5 | 15282.2 | 644887          |              1 |                0 |            1 |           1 |       3 |            0 |
+---------+---------------------------+---------+---------+---------+---------+-----------------+----------------+------------------+--------------+-------------+---------+--------------+
|     204 | 2023-09-08 00:00:00-04:00 | 15286.2 | 15390.8 | 15223   | 15297.5 | 598477          |              1 |                0 |            1 |           0 |       2 |           -1 |
+---------+---------------------------+---------+---------+---------+---------+-----------------+----------------+------------------+--------------+-------------+---------+--------------+
|     205 | 2023-09-11 00:00:00-04:00 | 15308   | 15497.5 | 15298   | 15475.8 | 411385          |              1 |                0 |            1 |           0 |       2 |            0 |
+---------+---------------------------+---------+---------+---------+---------+-----------------+----------------+------------------+--------------+-------------+---------+--------------+
|     206 | 2023-09-12 00:00:00-04:00 | 15466.5 | 15480.8 | 15288.8 | 15304.8 | 253049          |              1 |                0 |            1 |           0 |       2 |            0 |
+---------+---------------------------+---------+---------+---------+---------+-----------------+----------------+------------------+--------------+-------------+---------+--------------+
|     207 | 2023-09-13 00:00:00-04:00 | 15308.5 | 15424.2 | 15212.8 | 15356.2 | 190166          |              0 |                0 |            1 |           0 |       1 |           -1 |
+---------+---------------------------+---------+---------+---------+---------+-----------------+----------------+------------------+--------------+-------------+---------+--------------+
|     208 | 2023-09-14 00:00:00-04:00 | 15372.8 | 15517.8 | 15337.2 | 15478   | 110435          |              1 |                0 |            1 |           1 |       3 |            2 |
+---------+---------------------------+---------+---------+---------+---------+-----------------+----------------+------------------+--------------+-------------+---------+--------------+
|     209 | 2023-09-15 00:00:00-04:00 | 15480.2 | 15524   | 15401.2 | 15435.2 | 708762          |              1 |                0 |            1 |           1 |       3 |            0 |
+---------+---------------------------+---------+---------+---------+---------+-----------------+----------------+------------------+--------------+-------------+---------+--------------+
|     210 | 2023-09-18 00:00:00-04:00 | 15382.2 | 15461   | 15330.5 | 15414.5 | 509746          |              1 |                0 |            1 |           1 |       3 |            0 |
+---------+---------------------------+---------+---------+---------+---------+-----------------+----------------+------------------+--------------+-------------+---------+--------------+
|     211 | 2023-09-19 00:00:00-04:00 | 15424.2 | 15442.2 | 15248.5 | 15375.2 | 552065          |              0 |                0 |            1 |           1 |       2 |           -1 |
+---------+---------------------------+---------+---------+---------+---------+-----------------+----------------+------------------+--------------+-------------+---------+--------------+
|     212 | 2023-09-20 00:00:00-04:00 | 15375.2 | 15436.2 | 15127   | 15152   | 605256          |              0 |                0 |            0 |           1 |       1 |           -1 |
+---------+---------------------------+---------+---------+---------+---------+-----------------+----------------+------------------+--------------+-------------+---------+--------------+
|     213 | 2023-09-21 00:00:00-04:00 | 15133.2 | 15149   | 14841   | 14862.8 | 702742          |              0 |                0 |            0 |           1 |       1 |            0 |
+---------+---------------------------+---------+---------+---------+---------+-----------------+----------------+------------------+--------------+-------------+---------+--------------+
|     214 | 2023-09-22 00:00:00-04:00 | 14854.5 | 15027.5 | 14836.2 | 14869.5 | 624056          |              0 |                0 |            0 |           1 |       1 |            0 |
+---------+---------------------------+---------+---------+---------+---------+-----------------+----------------+------------------+--------------+-------------+---------+--------------+
|     215 | 2023-09-25 00:00:00-04:00 | 14880.2 | 14955.8 | 14782.2 | 14935.2 | 568859          |              0 |                0 |            0 |           1 |       1 |            0 |
+---------+---------------------------+---------+---------+---------+---------+-----------------+----------------+------------------+--------------+-------------+---------+--------------+
|     216 | 2023-09-26 00:00:00-04:00 | 14949   | 14949   | 14666.2 | 14715   | 667617          |              0 |                0 |            0 |           1 |       1 |            0 |
+---------+---------------------------+---------+---------+---------+---------+-----------------+----------------+------------------+--------------+-------------+---------+--------------+
|     217 | 2023-09-27 00:00:00-04:00 | 14725.2 | 14821.5 | 14586   | 14739   | 716200          |              0 |                0 |            0 |           1 |       1 |            0 |
+---------+---------------------------+---------+---------+---------+---------+-----------------+----------------+------------------+--------------+-------------+---------+--------------+
|     218 | 2023-09-28 00:00:00-04:00 | 14772.5 | 14947.5 | 14658   | 14859.8 | 734472          |              0 |                0 |            0 |           0 |       0 |           -1 |
+---------+---------------------------+---------+---------+---------+---------+-----------------+----------------+------------------+--------------+-------------+---------+--------------+
|     219 | 2023-09-29 00:00:00-04:00 | 14876.5 | 15060.8 | 14811   | 14866.5 | 745541          |              0 |                0 |            0 |           0 |       0 |            0 |
+---------+---------------------------+---------+---------+---------+---------+-----------------+----------------+------------------+--------------+-------------+---------+--------------+
|     220 | 2023-10-02 00:00:00-04:00 | 14965   | 15046   | 14826   | 14984.8 | 762896          |              0 |                0 |            0 |           0 |       0 |            0 |
+---------+---------------------------+---------+---------+---------+---------+-----------------+----------------+------------------+--------------+-------------+---------+--------------+
|     221 | 2023-10-03 00:00:00-04:00 | 14989.5 | 15031   | 14651.5 | 14714.5 | 762964          |              0 |                0 |            0 |           0 |       0 |            0 |
+---------+---------------------------+---------+---------+---------+---------+-----------------+----------------+------------------+--------------+-------------+---------+--------------+
|     222 | 2023-10-04 00:00:00-04:00 | 14713.8 | 14956   | 14589   | 14923.8 | 803257          |              0 |                0 |            0 |           0 |       0 |            0 |
+---------+---------------------------+---------+---------+---------+---------+-----------------+----------------+------------------+--------------+-------------+---------+--------------+
|     223 | 2023-10-05 00:00:00-04:00 | 14903   | 14958.8 | 14716.2 | 14861.8 | 676461          |              0 |                0 |            0 |           0 |       0 |            0 |
+---------+---------------------------+---------+---------+---------+---------+-----------------+----------------+------------------+--------------+-------------+---------+--------------+
|     224 | 2023-10-06 00:00:00-04:00 | 14853.8 | 15160.2 | 14660   | 15112   | 840602          |              1 |                0 |            1 |           0 |       2 |            2 |
+---------+---------------------------+---------+---------+---------+---------+-----------------+----------------+------------------+--------------+-------------+---------+--------------+
|     225 | 2023-10-09 00:00:00-04:00 | 15040.2 | 15212.8 | 14949.5 | 15187   | 617072          |              1 |                0 |            1 |           0 |       2 |            0 |
+---------+---------------------------+---------+---------+---------+---------+-----------------+----------------+------------------+--------------+-------------+---------+--------------+
|     226 | 2023-10-10 00:00:00-04:00 | 15196.5 | 15383.5 | 15171.8 | 15270.8 | 648613          |              1 |                0 |            1 |           0 |       2 |            0 |
+---------+---------------------------+---------+---------+---------+---------+-----------------+----------------+------------------+--------------+-------------+---------+--------------+
|     227 | 2023-10-11 00:00:00-04:00 | 15282.2 | 15416.8 | 15253   | 15380   | 614965          |              1 |                0 |            1 |           0 |       2 |            0 |
+---------+---------------------------+---------+---------+---------+---------+-----------------+----------------+------------------+--------------+-------------+---------+--------------+
|     228 | 2023-10-12 00:00:00-04:00 | 15407.5 | 15468.8 | 15216.2 | 15315   | 747494          |              1 |                0 |            1 |           1 |       3 |            1 |
+---------+---------------------------+---------+---------+---------+---------+-----------------+----------------+------------------+--------------+-------------+---------+--------------+
|     229 | 2023-10-13 00:00:00-04:00 | 15324   | 15366.8 | 15062.2 | 15120.2 | 777005          |              1 |                0 |            1 |           1 |       3 |            0 |
+---------+---------------------------+---------+---------+---------+---------+-----------------+----------------+------------------+--------------+-------------+---------+--------------+
|     230 | 2023-10-16 00:00:00-04:00 | 15120   | 15336.8 | 15083   | 15289.5 | 641294          |              1 |                0 |            1 |           1 |       3 |            0 |
+---------+---------------------------+---------+---------+---------+---------+-----------------+----------------+------------------+--------------+-------------+---------+--------------+
|     231 | 2023-10-17 00:00:00-04:00 | 15305.8 | 15309.2 | 15050.2 | 15240.8 | 781599          |              1 |                0 |            1 |           1 |       3 |            0 |
+---------+---------------------------+---------+---------+---------+---------+-----------------+----------------+------------------+--------------+-------------+---------+--------------+
|     232 | 2023-10-18 00:00:00-04:00 | 15236.5 | 15238.2 | 14979.2 | 15025.2 | 853599          |              1 |                0 |            1 |           1 |       3 |            0 |
+---------+---------------------------+---------+---------+---------+---------+-----------------+----------------+------------------+--------------+-------------+---------+--------------+
|     233 | 2023-10-19 00:00:00-04:00 | 15045   | 15138.2 | 14839.5 | 14890   |      1.0197e+06 |              0 |                0 |            1 |           1 |       2 |           -1 |
+---------+---------------------------+---------+---------+---------+---------+-----------------+----------------+------------------+--------------+-------------+---------+--------------+
|     234 | 2023-10-20 00:00:00-04:00 | 14850   | 14887.5 | 14645   | 14664   | 846675          |              0 |                0 |            0 |           1 |       1 |           -1 |
+---------+---------------------------+---------+---------+---------+---------+-----------------+----------------+------------------+--------------+-------------+---------+--------------+
|     235 | 2023-10-23 00:00:00-04:00 | 14680   | 14853.8 | 14514.2 | 14712   | 765733          |              0 |                0 |            0 |           1 |       1 |            0 |
+---------+---------------------------+---------+---------+---------+---------+-----------------+----------------+------------------+--------------+-------------+---------+--------------+
|     236 | 2023-10-24 00:00:00-04:00 | 14744   | 14948.8 | 14706   | 14846.5 | 703058          |              0 |                0 |            0 |           1 |       1 |            0 |
+---------+---------------------------+---------+---------+---------+---------+-----------------+----------------+------------------+--------------+-------------+---------+--------------+
|     237 | 2023-10-25 00:00:00-04:00 | 14828   | 14855   | 14444   | 14478.2 | 820677          |              0 |                0 |            0 |           1 |       1 |            0 |
+---------+---------------------------+---------+---------+---------+---------+-----------------+----------------+------------------+--------------+-------------+---------+--------------+
|     238 | 2023-10-26 00:00:00-04:00 | 14425   | 14459   | 14140.2 | 14194   | 987597          |              0 |                0 |            0 |           1 |       1 |            0 |
+---------+---------------------------+---------+---------+---------+---------+-----------------+----------------+------------------+--------------+-------------+---------+--------------+
|     239 | 2023-10-27 00:00:00-04:00 | 14248.2 | 14407.8 | 14209.8 | 14265.2 | 782097          |              0 |                0 |            0 |           0 |       0 |           -1 |
+---------+---------------------------+---------+---------+---------+---------+-----------------+----------------+------------------+--------------+-------------+---------+--------------+
|     240 | 2023-10-30 00:00:00-04:00 | 14336   | 14476.5 | 14303   | 14416.5 | 704860          |              0 |                0 |            0 |           0 |       0 |            0 |
+---------+---------------------------+---------+---------+---------+---------+-----------------+----------------+------------------+--------------+-------------+---------+--------------+
|     241 | 2023-10-31 00:00:00-04:00 | 14410.5 | 14503.8 | 14311.2 | 14490.2 | 712605          |              0 |                0 |            0 |           0 |       0 |            0 |
+---------+---------------------------+---------+---------+---------+---------+-----------------+----------------+------------------+--------------+-------------+---------+--------------+
|     242 | 2023-11-01 00:00:00-04:00 | 14460   | 14762   | 14410.8 | 14744.5 | 741817          |              0 |                0 |            0 |           0 |       0 |            0 |
+---------+---------------------------+---------+---------+---------+---------+-----------------+----------------+------------------+--------------+-------------+---------+--------------+
|     243 | 2023-11-02 00:00:00-04:00 | 14761.2 | 15017.2 | 14760   | 14998   | 652481          |              1 |                0 |            1 |           0 |       2 |            2 |
+---------+---------------------------+---------+---------+---------+---------+-----------------+----------------+------------------+--------------+-------------+---------+--------------+
|     244 | 2023-11-03 00:00:00-04:00 | 14928   | 15228.5 | 14925.5 | 15178.8 | 633835          |              1 |                0 |            1 |           0 |       2 |            0 |
+---------+---------------------------+---------+---------+---------+---------+-----------------+----------------+------------------+--------------+-------------+---------+--------------+
|     245 | 2023-11-06 00:00:00-05:00 | 15187   | 15257.5 | 15138   | 15232.5 | 496129          |              1 |                0 |            1 |           0 |       2 |            0 |
+---------+---------------------------+---------+---------+---------+---------+-----------------+----------------+------------------+--------------+-------------+---------+--------------+
|     246 | 2023-11-07 00:00:00-05:00 | 15215   | 15412.2 | 15176   | 15374.2 | 496129          |              1 |                0 |            1 |           0 |       2 |            0 |
+---------+---------------------------+---------+---------+---------+---------+-----------------+----------------+------------------+--------------+-------------+---------+--------------+
|     247 | 2023-11-08 00:00:00-05:00 | 15373   | 15378.2 | 15336.2 | 15374.2 |  71402          |              1 |                0 |            1 |           0 |       2 |            0 |
+---------+---------------------------+---------+---------+---------+---------+-----------------+----------------+------------------+--------------+-------------+---------+--------------+

  Buy Price  Buy Time                     Sell Price  Sell Time                    Profit    Trade Length
-----------  -------------------------  ------------  -------------------------  --------  --------------
    12072.2  2023-02-28 00:00:00-05:00       12311.2  2023-03-03 00:00:00-05:00    239                  3
    11840.2  2023-03-10 00:00:00-05:00       11931.8  2023-03-13 00:00:00-04:00     91.5                1
    12952.2  2023-04-12 00:00:00-04:00       13186.5  2023-04-17 00:00:00-04:00    234.25               3
    12809.5  2023-04-25 00:00:00-04:00       13231.2  2023-04-27 00:00:00-04:00    421.75               2
    13100.8  2023-05-03 00:00:00-04:00       13317.8  2023-05-05 00:00:00-04:00    217                  2
    14856.5  2023-06-26 00:00:00-04:00       15360.8  2023-07-05 00:00:00-04:00    504.25               6
    15181.8  2023-07-07 00:00:00-04:00       15444.8  2023-07-12 00:00:00-04:00    263                  3
    15561.2  2023-07-24 00:00:00-04:00       15847.5  2023-07-28 00:00:00-04:00    286.25               4
    14744    2023-08-18 00:00:00-04:00       15195.5  2023-08-23 00:00:00-04:00    451.5                3
    14859.8  2023-09-28 00:00:00-04:00       15112    2023-10-06 00:00:00-04:00    252.25               6
    14265.2  2023-10-27 00:00:00-04:00       14998    2023-11-02 00:00:00-04:00    732.75               4
Total Profit: 3693.5 Median Trade Length: 3.0 Average Trade Length: 3.3636363636363638
