Trading Output for soxs for the last 300 days
+---------+---------------------------+---------+---------+---------+---------+------------------+----------------+------------------+--------------+-------------+---------+--------------+
|   Index | Timestamp                 |    Open |    High |     Low |   Close |           Volume |   RSIEMA Cross |   SMA/VWAP Cross |   MACD Cross |   KNN EMA X |   Total |   Total Diff |
+=========+===========================+=========+=========+=========+=========+==================+================+==================+==============+=============+=========+==============+
|       0 | 2023-11-07 09:30:00-05:00 | 10.97   | 10.98   | 10.9    | 10.9572 |      4.793e+06   |              0 |                1 |            0 |           0 |       1 |            0 |
+---------+---------------------------+---------+---------+---------+---------+------------------+----------------+------------------+--------------+-------------+---------+--------------+
|       1 | 2023-11-07 09:35:00-05:00 | 10.9599 | 11.02   | 10.89   | 11.0013 |      2.11686e+06 |              0 |                1 |            1 |           0 |       2 |            1 |
+---------+---------------------------+---------+---------+---------+---------+------------------+----------------+------------------+--------------+-------------+---------+--------------+
|       2 | 2023-11-07 09:40:00-05:00 | 11.0013 | 11.03   | 10.9    | 10.91   |      2.47707e+06 |              0 |                1 |            0 |           0 |       1 |           -1 |
+---------+---------------------------+---------+---------+---------+---------+------------------+----------------+------------------+--------------+-------------+---------+--------------+
|       3 | 2023-11-07 09:45:00-05:00 | 10.91   | 11      | 10.9    | 10.9616 |      1.57778e+06 |              0 |                1 |            0 |           0 |       1 |            0 |
+---------+---------------------------+---------+---------+---------+---------+------------------+----------------+------------------+--------------+-------------+---------+--------------+
|       4 | 2023-11-07 09:50:00-05:00 | 10.97   | 10.979  | 10.825  | 10.8701 |      1.6153e+06  |              0 |                1 |            0 |           1 |       2 |            1 |
+---------+---------------------------+---------+---------+---------+---------+------------------+----------------+------------------+--------------+-------------+---------+--------------+
|       5 | 2023-11-07 09:55:00-05:00 | 10.875  | 10.8897 | 10.78   | 10.7973 |      1.4327e+06  |              0 |                1 |            0 |           1 |       2 |            0 |
+---------+---------------------------+---------+---------+---------+---------+------------------+----------------+------------------+--------------+-------------+---------+--------------+
|       6 | 2023-11-07 10:00:00-05:00 | 10.795  | 10.82   | 10.7201 | 10.7988 |      1.75457e+06 |              0 |                1 |            0 |           1 |       2 |            0 |
+---------+---------------------------+---------+---------+---------+---------+------------------+----------------+------------------+--------------+-------------+---------+--------------+
|       7 | 2023-11-07 10:05:00-05:00 | 10.8    | 10.8799 | 10.78   | 10.8729 |      1.90461e+06 |              0 |                1 |            0 |           1 |       2 |            0 |
+---------+---------------------------+---------+---------+---------+---------+------------------+----------------+------------------+--------------+-------------+---------+--------------+
|       8 | 2023-11-07 10:10:00-05:00 | 10.875  | 10.91   | 10.81   | 10.8401 |      1.53666e+06 |              0 |                1 |            0 |           1 |       2 |            0 |
+---------+---------------------------+---------+---------+---------+---------+------------------+----------------+------------------+--------------+-------------+---------+--------------+
|       9 | 2023-11-07 10:15:00-05:00 | 10.845  | 10.87   | 10.79   | 10.81   |      1.35996e+06 |              0 |                1 |            0 |           1 |       2 |            0 |
+---------+---------------------------+---------+---------+---------+---------+------------------+----------------+------------------+--------------+-------------+---------+--------------+
|      10 | 2023-11-07 10:20:00-05:00 | 10.815  | 10.85   | 10.78   | 10.79   |      1.49088e+06 |              0 |                1 |            0 |           1 |       2 |            0 |
+---------+---------------------------+---------+---------+---------+---------+------------------+----------------+------------------+--------------+-------------+---------+--------------+
|      11 | 2023-11-07 10:25:00-05:00 | 10.795  | 10.82   | 10.74   | 10.75   |      1.93376e+06 |              0 |                1 |            0 |           1 |       2 |            0 |
+---------+---------------------------+---------+---------+---------+---------+------------------+----------------+------------------+--------------+-------------+---------+--------------+
|      12 | 2023-11-07 10:30:00-05:00 | 10.751  | 10.7689 | 10.66   | 10.67   |      1.9156e+06  |              0 |                1 |            0 |           1 |       2 |            0 |
+---------+---------------------------+---------+---------+---------+---------+------------------+----------------+------------------+--------------+-------------+---------+--------------+
|      13 | 2023-11-07 10:35:00-05:00 | 10.67   | 10.67   | 10.59   | 10.6039 |      1.69048e+06 |              0 |                1 |            0 |           1 |       2 |            0 |
+---------+---------------------------+---------+---------+---------+---------+------------------+----------------+------------------+--------------+-------------+---------+--------------+
|      14 | 2023-11-07 10:40:00-05:00 | 10.605  | 10.65   | 10.58   | 10.62   |      1.91864e+06 |              1 |                1 |            0 |           1 |       3 |            1 |
+---------+---------------------------+---------+---------+---------+---------+------------------+----------------+------------------+--------------+-------------+---------+--------------+
|      15 | 2023-11-07 10:45:00-05:00 | 10.6199 | 10.65   | 10.58   | 10.59   |      1.02837e+06 |              1 |                1 |            0 |           1 |       3 |            0 |
+---------+---------------------------+---------+---------+---------+---------+------------------+----------------+------------------+--------------+-------------+---------+--------------+
|      16 | 2023-11-07 10:50:00-05:00 | 10.59   | 10.61   | 10.54   | 10.5742 |      1.53109e+06 |              1 |                1 |            0 |           1 |       3 |            0 |
+---------+---------------------------+---------+---------+---------+---------+------------------+----------------+------------------+--------------+-------------+---------+--------------+
|      17 | 2023-11-07 10:55:00-05:00 | 10.57   | 10.58   | 10.55   | 10.56   | 808792           |              1 |                1 |            0 |           0 |       2 |           -1 |
+---------+---------------------------+---------+---------+---------+---------+------------------+----------------+------------------+--------------+-------------+---------+--------------+
|      18 | 2023-11-07 11:00:00-05:00 | 10.56   | 10.65   | 10.55   | 10.635  |      1.27441e+06 |              1 |                1 |            0 |           0 |       2 |            0 |
+---------+---------------------------+---------+---------+---------+---------+------------------+----------------+------------------+--------------+-------------+---------+--------------+
|      19 | 2023-11-07 11:05:00-05:00 | 10.63   | 10.6388 | 10.59   | 10.611  | 538549           |              1 |                1 |            0 |           0 |       2 |            0 |
+---------+---------------------------+---------+---------+---------+---------+------------------+----------------+------------------+--------------+-------------+---------+--------------+
|      20 | 2023-11-07 11:10:00-05:00 | 10.62   | 10.6359 | 10.57   | 10.61   |      1.12876e+06 |              1 |                1 |            0 |           0 |       2 |            0 |
+---------+---------------------------+---------+---------+---------+---------+------------------+----------------+------------------+--------------+-------------+---------+--------------+
|      21 | 2023-11-07 11:15:00-05:00 | 10.61   | 10.65   | 10.6    | 10.65   |      1.21435e+06 |              1 |                1 |            0 |           0 |       2 |            0 |
+---------+---------------------------+---------+---------+---------+---------+------------------+----------------+------------------+--------------+-------------+---------+--------------+
|      22 | 2023-11-07 11:20:00-05:00 | 10.65   | 10.66   | 10.61   | 10.65   | 865239           |              1 |                1 |            1 |           0 |       3 |            1 |
+---------+---------------------------+---------+---------+---------+---------+------------------+----------------+------------------+--------------+-------------+---------+--------------+
|      23 | 2023-11-07 11:25:00-05:00 | 10.655  | 10.6688 | 10.625  | 10.6499 | 569381           |              1 |                1 |            1 |           0 |       3 |            0 |
+---------+---------------------------+---------+---------+---------+---------+------------------+----------------+------------------+--------------+-------------+---------+--------------+
|      24 | 2023-11-07 11:30:00-05:00 | 10.6499 | 10.66   | 10.5912 | 10.605  | 511130           |              1 |                1 |            1 |           0 |       3 |            0 |
+---------+---------------------------+---------+---------+---------+---------+------------------+----------------+------------------+--------------+-------------+---------+--------------+
|      25 | 2023-11-07 11:35:00-05:00 | 10.6002 | 10.64   | 10.6    | 10.64   | 395410           |              1 |                1 |            1 |           0 |       3 |            0 |
+---------+---------------------------+---------+---------+---------+---------+------------------+----------------+------------------+--------------+-------------+---------+--------------+
|      26 | 2023-11-07 11:40:00-05:00 | 10.6397 | 10.6599 | 10.62   | 10.65   | 245043           |              1 |                1 |            1 |           0 |       3 |            0 |
+---------+---------------------------+---------+---------+---------+---------+------------------+----------------+------------------+--------------+-------------+---------+--------------+
|      27 | 2023-11-07 11:45:00-05:00 | 10.6401 | 10.75   | 10.6396 | 10.71   |      1.07402e+06 |              1 |                1 |            1 |           0 |       3 |            0 |
+---------+---------------------------+---------+---------+---------+---------+------------------+----------------+------------------+--------------+-------------+---------+--------------+
|      28 | 2023-11-07 11:50:00-05:00 | 10.71   | 10.7363 | 10.69   | 10.7201 | 722057           |              1 |                1 |            1 |           0 |       3 |            0 |
+---------+---------------------------+---------+---------+---------+---------+------------------+----------------+------------------+--------------+-------------+---------+--------------+
|      29 | 2023-11-07 11:55:00-05:00 | 10.73   | 10.74   | 10.68   | 10.7    | 367467           |              1 |                1 |            1 |           0 |       3 |            0 |
+---------+---------------------------+---------+---------+---------+---------+------------------+----------------+------------------+--------------+-------------+---------+--------------+
|      30 | 2023-11-07 12:00:00-05:00 | 10.6941 | 10.78   | 10.69   | 10.77   | 803513           |              1 |                1 |            1 |           0 |       3 |            0 |
+---------+---------------------------+---------+---------+---------+---------+------------------+----------------+------------------+--------------+-------------+---------+--------------+
|      31 | 2023-11-07 12:05:00-05:00 | 10.765  | 10.79   | 10.72   | 10.75   | 978460           |              1 |                1 |            1 |           0 |       3 |            0 |
+---------+---------------------------+---------+---------+---------+---------+------------------+----------------+------------------+--------------+-------------+---------+--------------+
|      32 | 2023-11-07 12:10:00-05:00 | 10.75   | 10.77   | 10.745  | 10.7488 | 287049           |              1 |                1 |            1 |           0 |       3 |            0 |
+---------+---------------------------+---------+---------+---------+---------+------------------+----------------+------------------+--------------+-------------+---------+--------------+
|      33 | 2023-11-07 12:15:00-05:00 | 10.75   | 10.79   | 10.74   | 10.765  | 433087           |              1 |                1 |            1 |           0 |       3 |            0 |
+---------+---------------------------+---------+---------+---------+---------+------------------+----------------+------------------+--------------+-------------+---------+--------------+
|      34 | 2023-11-07 12:20:00-05:00 | 10.7601 | 10.81   | 10.76   | 10.79   | 627323           |              1 |                1 |            1 |           0 |       3 |            0 |
+---------+---------------------------+---------+---------+---------+---------+------------------+----------------+------------------+--------------+-------------+---------+--------------+
|      35 | 2023-11-07 12:25:00-05:00 | 10.79   | 10.82   | 10.77   | 10.8166 | 391592           |              1 |                0 |            1 |           1 |       3 |            0 |
+---------+---------------------------+---------+---------+---------+---------+------------------+----------------+------------------+--------------+-------------+---------+--------------+
|      36 | 2023-11-07 12:30:00-05:00 | 10.819  | 10.86   | 10.78   | 10.7801 | 982116           |              1 |                0 |            1 |           1 |       3 |            0 |
+---------+---------------------------+---------+---------+---------+---------+------------------+----------------+------------------+--------------+-------------+---------+--------------+
|      37 | 2023-11-07 12:35:00-05:00 | 10.79   | 10.7997 | 10.74   | 10.75   |      1.00441e+06 |              1 |                0 |            1 |           1 |       3 |            0 |
+---------+---------------------------+---------+---------+---------+---------+------------------+----------------+------------------+--------------+-------------+---------+--------------+
|      38 | 2023-11-07 12:40:00-05:00 | 10.7463 | 10.7799 | 10.74   | 10.7442 | 240125           |              1 |                0 |            1 |           1 |       3 |            0 |
+---------+---------------------------+---------+---------+---------+---------+------------------+----------------+------------------+--------------+-------------+---------+--------------+
|      39 | 2023-11-07 12:45:00-05:00 | 10.74   | 10.78   | 10.71   | 10.765  | 603025           |              1 |                1 |            1 |           1 |       4 |            1 |
+---------+---------------------------+---------+---------+---------+---------+------------------+----------------+------------------+--------------+-------------+---------+--------------+
|      40 | 2023-11-07 12:50:00-05:00 | 10.76   | 10.78   | 10.74   | 10.75   | 186145           |              1 |                1 |            1 |           1 |       4 |            0 |
+---------+---------------------------+---------+---------+---------+---------+------------------+----------------+------------------+--------------+-------------+---------+--------------+
|      41 | 2023-11-07 12:55:00-05:00 | 10.76   | 10.77   | 10.72   | 10.7202 | 231894           |              0 |                1 |            1 |           1 |       3 |           -1 |
+---------+---------------------------+---------+---------+---------+---------+------------------+----------------+------------------+--------------+-------------+---------+--------------+
|      42 | 2023-11-07 13:00:00-05:00 | 10.72   | 10.74   | 10.69   | 10.725  | 447424           |              0 |                1 |            1 |           1 |       3 |            0 |
+---------+---------------------------+---------+---------+---------+---------+------------------+----------------+------------------+--------------+-------------+---------+--------------+
|      43 | 2023-11-07 13:05:00-05:00 | 10.7219 | 10.735  | 10.68   | 10.69   | 253736           |              0 |                1 |            0 |           1 |       2 |           -1 |
+---------+---------------------------+---------+---------+---------+---------+------------------+----------------+------------------+--------------+-------------+---------+--------------+
|      44 | 2023-11-07 13:10:00-05:00 | 10.69   | 10.7    | 10.67   | 10.6701 | 271952           |              0 |                1 |            0 |           1 |       2 |            0 |
+---------+---------------------------+---------+---------+---------+---------+------------------+----------------+------------------+--------------+-------------+---------+--------------+
|      45 | 2023-11-07 13:15:00-05:00 | 10.6767 | 10.6836 | 10.645  | 10.649  | 337432           |              0 |                1 |            0 |           1 |       2 |            0 |
+---------+---------------------------+---------+---------+---------+---------+------------------+----------------+------------------+--------------+-------------+---------+--------------+
|      46 | 2023-11-07 13:20:00-05:00 | 10.646  | 10.7    | 10.64   | 10.665  | 551423           |              0 |                1 |            0 |           1 |       2 |            0 |
+---------+---------------------------+---------+---------+---------+---------+------------------+----------------+------------------+--------------+-------------+---------+--------------+
|      47 | 2023-11-07 13:25:00-05:00 | 10.669  | 10.69   | 10.66   | 10.69   | 297530           |              0 |                1 |            0 |           1 |       2 |            0 |
+---------+---------------------------+---------+---------+---------+---------+------------------+----------------+------------------+--------------+-------------+---------+--------------+
|      48 | 2023-11-07 13:30:00-05:00 | 10.69   | 10.69   | 10.66   | 10.6799 | 185500           |              0 |                1 |            0 |           1 |       2 |            0 |
+---------+---------------------------+---------+---------+---------+---------+------------------+----------------+------------------+--------------+-------------+---------+--------------+
|      49 | 2023-11-07 13:35:00-05:00 | 10.68   | 10.69   | 10.665  | 10.6697 | 248048           |              0 |                1 |            0 |           1 |       2 |            0 |
+---------+---------------------------+---------+---------+---------+---------+------------------+----------------+------------------+--------------+-------------+---------+--------------+
|      50 | 2023-11-07 13:40:00-05:00 | 10.67   | 10.7    | 10.6699 | 10.6901 | 270658           |              0 |                1 |            0 |           1 |       2 |            0 |
+---------+---------------------------+---------+---------+---------+---------+------------------+----------------+------------------+--------------+-------------+---------+--------------+
|      51 | 2023-11-07 13:45:00-05:00 | 10.6999 | 10.7    | 10.65   | 10.665  | 227182           |              0 |                1 |            0 |           1 |       2 |            0 |
+---------+---------------------------+---------+---------+---------+---------+------------------+----------------+------------------+--------------+-------------+---------+--------------+
|      52 | 2023-11-07 13:50:00-05:00 | 10.66   | 10.6799 | 10.64   | 10.67   | 547555           |              0 |                1 |            0 |           0 |       1 |           -1 |
+---------+---------------------------+---------+---------+---------+---------+------------------+----------------+------------------+--------------+-------------+---------+--------------+
|      53 | 2023-11-07 13:55:00-05:00 | 10.67   | 10.7    | 10.6598 | 10.685  | 435558           |              0 |                1 |            0 |           0 |       1 |            0 |
+---------+---------------------------+---------+---------+---------+---------+------------------+----------------+------------------+--------------+-------------+---------+--------------+
|      54 | 2023-11-07 14:00:00-05:00 | 10.69   | 10.69   | 10.66   | 10.67   | 206669           |              0 |                1 |            0 |           1 |       2 |            1 |
+---------+---------------------------+---------+---------+---------+---------+------------------+----------------+------------------+--------------+-------------+---------+--------------+
|      55 | 2023-11-07 14:05:00-05:00 | 10.6699 | 10.71   | 10.6677 | 10.6852 | 224595           |              1 |                1 |            0 |           1 |       3 |            1 |
+---------+---------------------------+---------+---------+---------+---------+------------------+----------------+------------------+--------------+-------------+---------+--------------+
|      56 | 2023-11-07 14:10:00-05:00 | 10.685  | 10.7    | 10.66   | 10.695  | 223136           |              1 |                1 |            1 |           1 |       4 |            1 |
+---------+---------------------------+---------+---------+---------+---------+------------------+----------------+------------------+--------------+-------------+---------+--------------+
|      57 | 2023-11-07 14:15:00-05:00 | 10.7    | 10.7    | 10.66   | 10.66   | 189715           |              1 |                1 |            1 |           1 |       4 |            0 |
+---------+---------------------------+---------+---------+---------+---------+------------------+----------------+------------------+--------------+-------------+---------+--------------+
|      58 | 2023-11-07 14:20:00-05:00 | 10.67   | 10.675  | 10.65   | 10.6573 | 241431           |              1 |                1 |            0 |           1 |       3 |           -1 |
+---------+---------------------------+---------+---------+---------+---------+------------------+----------------+------------------+--------------+-------------+---------+--------------+
|      59 | 2023-11-07 14:25:00-05:00 | 10.6592 | 10.68   | 10.6592 | 10.66   | 236713           |              1 |                1 |            0 |           0 |       2 |           -1 |
+---------+---------------------------+---------+---------+---------+---------+------------------+----------------+------------------+--------------+-------------+---------+--------------+
|      60 | 2023-11-07 14:30:00-05:00 | 10.66   | 10.665  | 10.6301 | 10.645  | 382501           |              1 |                1 |            0 |           0 |       2 |            0 |
+---------+---------------------------+---------+---------+---------+---------+------------------+----------------+------------------+--------------+-------------+---------+--------------+
|      61 | 2023-11-07 14:35:00-05:00 | 10.6463 | 10.66   | 10.62   | 10.66   | 345948           |              0 |                1 |            0 |           0 |       1 |           -1 |
+---------+---------------------------+---------+---------+---------+---------+------------------+----------------+------------------+--------------+-------------+---------+--------------+
|      62 | 2023-11-07 14:40:00-05:00 | 10.66   | 10.72   | 10.6501 | 10.695  | 243263           |              1 |                1 |            1 |           0 |       3 |            2 |
+---------+---------------------------+---------+---------+---------+---------+------------------+----------------+------------------+--------------+-------------+---------+--------------+
|      63 | 2023-11-07 14:45:00-05:00 | 10.6999 | 10.71   | 10.66   | 10.7034 | 252705           |              1 |                1 |            1 |           0 |       3 |            0 |
+---------+---------------------------+---------+---------+---------+---------+------------------+----------------+------------------+--------------+-------------+---------+--------------+
|      64 | 2023-11-07 14:50:00-05:00 | 10.705  | 10.72   | 10.695  | 10.7041 | 282783           |              1 |                1 |            1 |           0 |       3 |            0 |
+---------+---------------------------+---------+---------+---------+---------+------------------+----------------+------------------+--------------+-------------+---------+--------------+
|      65 | 2023-11-07 14:55:00-05:00 | 10.7    | 10.71   | 10.68   | 10.69   | 347055           |              1 |                1 |            1 |           1 |       4 |            1 |
+---------+---------------------------+---------+---------+---------+---------+------------------+----------------+------------------+--------------+-------------+---------+--------------+
|      66 | 2023-11-07 15:00:00-05:00 | 10.68   | 10.73   | 10.68   | 10.725  | 204879           |              1 |                1 |            1 |           1 |       4 |            0 |
+---------+---------------------------+---------+---------+---------+---------+------------------+----------------+------------------+--------------+-------------+---------+--------------+
|      67 | 2023-11-07 15:05:00-05:00 | 10.725  | 10.74   | 10.7039 | 10.705  | 329996           |              1 |                1 |            1 |           1 |       4 |            0 |
+---------+---------------------------+---------+---------+---------+---------+------------------+----------------+------------------+--------------+-------------+---------+--------------+
|      68 | 2023-11-07 15:10:00-05:00 | 10.7    | 10.72   | 10.6735 | 10.675  | 311129           |              1 |                1 |            1 |           1 |       4 |            0 |
+---------+---------------------------+---------+---------+---------+---------+------------------+----------------+------------------+--------------+-------------+---------+--------------+
|      69 | 2023-11-07 15:15:00-05:00 | 10.68   | 10.7    | 10.65   | 10.6501 | 227775           |              0 |                1 |            1 |           1 |       3 |           -1 |
+---------+---------------------------+---------+---------+---------+---------+------------------+----------------+------------------+--------------+-------------+---------+--------------+
|      70 | 2023-11-07 15:20:00-05:00 | 10.66   | 10.69   | 10.62   | 10.635  | 630705           |              0 |                1 |            0 |           1 |       2 |           -1 |
+---------+---------------------------+---------+---------+---------+---------+------------------+----------------+------------------+--------------+-------------+---------+--------------+
|      71 | 2023-11-07 15:25:00-05:00 | 10.63   | 10.64   | 10.62   | 10.6298 | 284311           |              0 |                1 |            0 |           1 |       2 |            0 |
+---------+---------------------------+---------+---------+---------+---------+------------------+----------------+------------------+--------------+-------------+---------+--------------+
|      72 | 2023-11-07 15:30:00-05:00 | 10.6222 | 10.63   | 10.61   | 10.625  | 211776           |              0 |                1 |            0 |           1 |       2 |            0 |
+---------+---------------------------+---------+---------+---------+---------+------------------+----------------+------------------+--------------+-------------+---------+--------------+
|      73 | 2023-11-07 15:35:00-05:00 | 10.62   | 10.63   | 10.61   | 10.6199 | 322307           |              0 |                1 |            0 |           0 |       1 |           -1 |
+---------+---------------------------+---------+---------+---------+---------+------------------+----------------+------------------+--------------+-------------+---------+--------------+
|      74 | 2023-11-07 15:40:00-05:00 | 10.61   | 10.64   | 10.61   | 10.616  | 294549           |              0 |                1 |            0 |           0 |       1 |            0 |
+---------+---------------------------+---------+---------+---------+---------+------------------+----------------+------------------+--------------+-------------+---------+--------------+
|      75 | 2023-11-07 15:45:00-05:00 | 10.62   | 10.6572 | 10.61   | 10.64   | 452956           |              0 |                1 |            0 |           0 |       1 |            0 |
+---------+---------------------------+---------+---------+---------+---------+------------------+----------------+------------------+--------------+-------------+---------+--------------+
|      76 | 2023-11-07 15:50:00-05:00 | 10.65   | 10.7186 | 10.645  | 10.705  | 840845           |              1 |                1 |            1 |           1 |       4 |            3 |
+---------+---------------------------+---------+---------+---------+---------+------------------+----------------+------------------+--------------+-------------+---------+--------------+
|      77 | 2023-11-07 15:55:00-05:00 | 10.71   | 10.7399 | 10.69   | 10.6901 |      1.02631e+06 |              1 |                1 |            1 |           1 |       4 |            0 |
+---------+---------------------------+---------+---------+---------+---------+------------------+----------------+------------------+--------------+-------------+---------+--------------+
|      78 | 2023-11-08 09:30:00-05:00 | 10.66   | 10.765  | 10.61   | 10.615  |      3.26769e+06 |              0 |                1 |            1 |           1 |       3 |           -1 |
+---------+---------------------------+---------+---------+---------+---------+------------------+----------------+------------------+--------------+-------------+---------+--------------+
|      79 | 2023-11-08 09:35:00-05:00 | 10.615  | 10.65   | 10.5327 | 10.54   |      3.09697e+06 |              0 |                1 |            0 |           1 |       2 |           -1 |
+---------+---------------------------+---------+---------+---------+---------+------------------+----------------+------------------+--------------+-------------+---------+--------------+
|      80 | 2023-11-08 09:40:00-05:00 | 10.55   | 10.62   | 10.54   | 10.595  |      3.16203e+06 |              0 |                1 |            0 |           0 |       1 |           -1 |
+---------+---------------------------+---------+---------+---------+---------+------------------+----------------+------------------+--------------+-------------+---------+--------------+
|      81 | 2023-11-08 09:45:00-05:00 | 10.59   | 10.64   | 10.54   | 10.6299 |      2.21964e+06 |              0 |                1 |            0 |           0 |       1 |            0 |
+---------+---------------------------+---------+---------+---------+---------+------------------+----------------+------------------+--------------+-------------+---------+--------------+
|      82 | 2023-11-08 09:50:00-05:00 | 10.62   | 10.6299 | 10.5    | 10.54   |      1.40075e+06 |              0 |                1 |            0 |           0 |       1 |            0 |
+---------+---------------------------+---------+---------+---------+---------+------------------+----------------+------------------+--------------+-------------+---------+--------------+
|      83 | 2023-11-08 09:55:00-05:00 | 10.5399 | 10.68   | 10.5299 | 10.64   |      1.87043e+06 |              1 |                1 |            0 |           0 |       2 |            1 |
+---------+---------------------------+---------+---------+---------+---------+------------------+----------------+------------------+--------------+-------------+---------+--------------+
|      84 | 2023-11-08 10:00:00-05:00 | 10.6377 | 10.76   | 10.63   | 10.75   |      1.38467e+06 |              1 |                1 |            1 |           0 |       3 |            1 |
+---------+---------------------------+---------+---------+---------+---------+------------------+----------------+------------------+--------------+-------------+---------+--------------+
|      85 | 2023-11-08 10:05:00-05:00 | 10.75   | 10.77   | 10.67   | 10.678  |      1.30079e+06 |              1 |                1 |            1 |           0 |       3 |            0 |
+---------+---------------------------+---------+---------+---------+---------+------------------+----------------+------------------+--------------+-------------+---------+--------------+
|      86 | 2023-11-08 10:10:00-05:00 | 10.67   | 10.73   | 10.66   | 10.715  |      1.08952e+06 |              1 |                1 |            1 |           0 |       3 |            0 |
+---------+---------------------------+---------+---------+---------+---------+------------------+----------------+------------------+--------------+-------------+---------+--------------+
|      87 | 2023-11-08 10:15:00-05:00 | 10.7199 | 10.7453 | 10.68   | 10.705  | 798157           |              1 |                1 |            1 |           0 |       3 |            0 |
+---------+---------------------------+---------+---------+---------+---------+------------------+----------------+------------------+--------------+-------------+---------+--------------+
|      88 | 2023-11-08 10:20:00-05:00 | 10.7    | 10.77   | 10.6999 | 10.74   | 984225           |              1 |                1 |            1 |           0 |       3 |            0 |
+---------+---------------------------+---------+---------+---------+---------+------------------+----------------+------------------+--------------+-------------+---------+--------------+
|      89 | 2023-11-08 10:25:00-05:00 | 10.74   | 10.77   | 10.735  | 10.7456 | 668704           |              1 |                1 |            1 |           0 |       3 |            0 |
+---------+---------------------------+---------+---------+---------+---------+------------------+----------------+------------------+--------------+-------------+---------+--------------+
|      90 | 2023-11-08 10:30:00-05:00 | 10.749  | 10.76   | 10.7045 | 10.7047 | 598662           |              0 |                0 |            1 |           0 |       1 |           -2 |
+---------+---------------------------+---------+---------+---------+---------+------------------+----------------+------------------+--------------+-------------+---------+--------------+
|      91 | 2023-11-08 10:35:00-05:00 | 10.71   | 10.7699 | 10.7    | 10.7644 | 569584           |              1 |                0 |            1 |           0 |       2 |            1 |
+---------+---------------------------+---------+---------+---------+---------+------------------+----------------+------------------+--------------+-------------+---------+--------------+
|      92 | 2023-11-08 10:40:00-05:00 | 10.77   | 10.8099 | 10.75   | 10.77   |      1.22711e+06 |              1 |                0 |            1 |           0 |       2 |            0 |
+---------+---------------------------+---------+---------+---------+---------+------------------+----------------+------------------+--------------+-------------+---------+--------------+
|      93 | 2023-11-08 10:45:00-05:00 | 10.77   | 10.788  | 10.75   | 10.765  | 601423           |              1 |                0 |            1 |           0 |       2 |            0 |
+---------+---------------------------+---------+---------+---------+---------+------------------+----------------+------------------+--------------+-------------+---------+--------------+
|      94 | 2023-11-08 10:50:00-05:00 | 10.77   | 10.8    | 10.76   | 10.79   | 423806           |              1 |                0 |            1 |           0 |       2 |            0 |
+---------+---------------------------+---------+---------+---------+---------+------------------+----------------+------------------+--------------+-------------+---------+--------------+
|      95 | 2023-11-08 10:55:00-05:00 | 10.79   | 10.81   | 10.75   | 10.7999 |      1.05342e+06 |              1 |                0 |            1 |           1 |       3 |            1 |
+---------+---------------------------+---------+---------+---------+---------+------------------+----------------+------------------+--------------+-------------+---------+--------------+
|      96 | 2023-11-08 11:00:00-05:00 | 10.795  | 10.805  | 10.7501 | 10.7608 | 765561           |              1 |                0 |            1 |           1 |       3 |            0 |
+---------+---------------------------+---------+---------+---------+---------+------------------+----------------+------------------+--------------+-------------+---------+--------------+
|      97 | 2023-11-08 11:05:00-05:00 | 10.76   | 10.81   | 10.7501 | 10.8    | 654494           |              1 |                0 |            1 |           1 |       3 |            0 |
+---------+---------------------------+---------+---------+---------+---------+------------------+----------------+------------------+--------------+-------------+---------+--------------+
|      98 | 2023-11-08 11:10:00-05:00 | 10.805  | 10.8099 | 10.7501 | 10.77   | 527121           |              0 |                0 |            1 |           1 |       2 |           -1 |
+---------+---------------------------+---------+---------+---------+---------+------------------+----------------+------------------+--------------+-------------+---------+--------------+
|      99 | 2023-11-08 11:15:00-05:00 | 10.765  | 10.78   | 10.72   | 10.73   | 578398           |              0 |                0 |            1 |           1 |       2 |            0 |
+---------+---------------------------+---------+---------+---------+---------+------------------+----------------+------------------+--------------+-------------+---------+--------------+
|     100 | 2023-11-08 11:20:00-05:00 | 10.7201 | 10.769  | 10.7169 | 10.745  | 721244           |              0 |                0 |            0 |           1 |       1 |           -1 |
+---------+---------------------------+---------+---------+---------+---------+------------------+----------------+------------------+--------------+-------------+---------+--------------+
|     101 | 2023-11-08 11:25:00-05:00 | 10.75   | 10.77   | 10.74   | 10.76   | 308037           |              0 |                0 |            0 |           1 |       1 |            0 |
+---------+---------------------------+---------+---------+---------+---------+------------------+----------------+------------------+--------------+-------------+---------+--------------+
|     102 | 2023-11-08 11:30:00-05:00 | 10.7525 | 10.7623 | 10.695  | 10.7239 |      1.05196e+06 |              0 |                0 |            0 |           1 |       1 |            0 |
+---------+---------------------------+---------+---------+---------+---------+------------------+----------------+------------------+--------------+-------------+---------+--------------+
|     103 | 2023-11-08 11:35:00-05:00 | 10.72   | 10.721  | 10.66   | 10.695  | 885897           |              0 |                0 |            0 |           1 |       1 |            0 |
+---------+---------------------------+---------+---------+---------+---------+------------------+----------------+------------------+--------------+-------------+---------+--------------+
|     104 | 2023-11-08 11:40:00-05:00 | 10.695  | 10.72   | 10.67   | 10.68   | 759840           |              0 |                1 |            0 |           1 |       2 |            1 |
+---------+---------------------------+---------+---------+---------+---------+------------------+----------------+------------------+--------------+-------------+---------+--------------+
|     105 | 2023-11-08 11:45:00-05:00 | 10.68   | 10.69   | 10.65   | 10.68   | 423338           |              0 |                1 |            0 |           0 |       1 |           -1 |
+---------+---------------------------+---------+---------+---------+---------+------------------+----------------+------------------+--------------+-------------+---------+--------------+
|     106 | 2023-11-08 11:50:00-05:00 | 10.675  | 10.7089 | 10.6701 | 10.675  | 851603           |              0 |                1 |            0 |           0 |       1 |            0 |
+---------+---------------------------+---------+---------+---------+---------+------------------+----------------+------------------+--------------+-------------+---------+--------------+
|     107 | 2023-11-08 11:55:00-05:00 | 10.6746 | 10.7299 | 10.6618 | 10.72   | 246947           |              0 |                1 |            0 |           0 |       1 |            0 |
+---------+---------------------------+---------+---------+---------+---------+------------------+----------------+------------------+--------------+-------------+---------+--------------+
|     108 | 2023-11-08 12:00:00-05:00 | 10.72   | 10.76   | 10.71   | 10.75   | 780559           |              0 |                1 |            0 |           0 |       1 |            0 |
+---------+---------------------------+---------+---------+---------+---------+------------------+----------------+------------------+--------------+-------------+---------+--------------+
|     109 | 2023-11-08 12:05:00-05:00 | 10.755  | 10.8861 | 10.75   | 10.83   |      1.13369e+06 |              1 |                0 |            1 |           0 |       2 |            1 |
+---------+---------------------------+---------+---------+---------+---------+------------------+----------------+------------------+--------------+-------------+---------+--------------+
|     110 | 2023-11-08 12:10:00-05:00 | 10.8341 | 10.84   | 10.7818 | 10.81   |      1.08151e+06 |              1 |                0 |            1 |           0 |       2 |            0 |
+---------+---------------------------+---------+---------+---------+---------+------------------+----------------+------------------+--------------+-------------+---------+--------------+
|     111 | 2023-11-08 12:15:00-05:00 | 10.82   | 10.8269 | 10.78   | 10.8    | 629772           |              1 |                0 |            1 |           1 |       3 |            1 |
+---------+---------------------------+---------+---------+---------+---------+------------------+----------------+------------------+--------------+-------------+---------+--------------+
|     112 | 2023-11-08 12:20:00-05:00 | 10.8    | 10.81   | 10.7701 | 10.785  | 253329           |              1 |                0 |            1 |           1 |       3 |            0 |
+---------+---------------------------+---------+---------+---------+---------+------------------+----------------+------------------+--------------+-------------+---------+--------------+
|     113 | 2023-11-08 12:25:00-05:00 | 10.79   | 10.8    | 10.78   | 10.785  | 133045           |              1 |                0 |            1 |           1 |       3 |            0 |
+---------+---------------------------+---------+---------+---------+---------+------------------+----------------+------------------+--------------+-------------+---------+--------------+
|     114 | 2023-11-08 12:30:00-05:00 | 10.79   | 10.8057 | 10.77   | 10.779  | 355615           |              1 |                0 |            1 |           1 |       3 |            0 |
+---------+---------------------------+---------+---------+---------+---------+------------------+----------------+------------------+--------------+-------------+---------+--------------+
|     115 | 2023-11-08 12:35:00-05:00 | 10.78   | 10.8    | 10.74   | 10.7499 | 575590           |              0 |                0 |            1 |           1 |       2 |           -1 |
+---------+---------------------------+---------+---------+---------+---------+------------------+----------------+------------------+--------------+-------------+---------+--------------+
|     116 | 2023-11-08 12:40:00-05:00 | 10.75   | 10.78   | 10.7446 | 10.765  | 265479           |              1 |                0 |            0 |           1 |       2 |            0 |
+---------+---------------------------+---------+---------+---------+---------+------------------+----------------+------------------+--------------+-------------+---------+--------------+
|     117 | 2023-11-08 12:45:00-05:00 | 10.76   | 10.78   | 10.7401 | 10.745  | 242942           |              1 |                0 |            0 |           1 |       2 |            0 |
+---------+---------------------------+---------+---------+---------+---------+------------------+----------------+------------------+--------------+-------------+---------+--------------+
|     118 | 2023-11-08 12:50:00-05:00 | 10.745  | 10.761  | 10.7325 | 10.7397 | 286376           |              1 |                0 |            0 |           1 |       2 |            0 |
+---------+---------------------------+---------+---------+---------+---------+------------------+----------------+------------------+--------------+-------------+---------+--------------+
|     119 | 2023-11-08 12:55:00-05:00 | 10.74   | 10.77   | 10.74   | 10.7599 | 207009           |              1 |                0 |            0 |           1 |       2 |            0 |
+---------+---------------------------+---------+---------+---------+---------+------------------+----------------+------------------+--------------+-------------+---------+--------------+
|     120 | 2023-11-08 13:00:00-05:00 | 10.759  | 10.7864 | 10.695  | 10.73   | 570787           |              1 |                0 |            0 |           1 |       2 |            0 |
+---------+---------------------------+---------+---------+---------+---------+------------------+----------------+------------------+--------------+-------------+---------+--------------+
|     121 | 2023-11-08 13:05:00-05:00 | 10.72   | 10.726  | 10.68   | 10.6998 | 384306           |              0 |                0 |            0 |           1 |       1 |           -1 |
+---------+---------------------------+---------+---------+---------+---------+------------------+----------------+------------------+--------------+-------------+---------+--------------+
|     122 | 2023-11-08 13:10:00-05:00 | 10.695  | 10.75   | 10.6941 | 10.75   | 386705           |              0 |                0 |            0 |           1 |       1 |            0 |
+---------+---------------------------+---------+---------+---------+---------+------------------+----------------+------------------+--------------+-------------+---------+--------------+
|     123 | 2023-11-08 13:15:00-05:00 | 10.75   | 10.76   | 10.73   | 10.7555 | 218222           |              0 |                0 |            0 |           1 |       1 |            0 |
+---------+---------------------------+---------+---------+---------+---------+------------------+----------------+------------------+--------------+-------------+---------+--------------+
|     124 | 2023-11-08 13:20:00-05:00 | 10.7599 | 10.78   | 10.71   | 10.715  | 379648           |              0 |                0 |            0 |           1 |       1 |            0 |
+---------+---------------------------+---------+---------+---------+---------+------------------+----------------+------------------+--------------+-------------+---------+--------------+
|     125 | 2023-11-08 13:25:00-05:00 | 10.72   | 10.725  | 10.69   | 10.7062 | 304691           |              0 |                1 |            0 |           1 |       2 |            1 |
+---------+---------------------------+---------+---------+---------+---------+------------------+----------------+------------------+--------------+-------------+---------+--------------+
|     126 | 2023-11-08 13:30:00-05:00 | 10.7    | 10.7099 | 10.69   | 10.6999 | 176750           |              0 |                1 |            0 |           1 |       2 |            0 |
+---------+---------------------------+---------+---------+---------+---------+------------------+----------------+------------------+--------------+-------------+---------+--------------+
|     127 | 2023-11-08 13:35:00-05:00 | 10.7    | 10.7046 | 10.67   | 10.695  | 290565           |              0 |                1 |            0 |           1 |       2 |            0 |
+---------+---------------------------+---------+---------+---------+---------+------------------+----------------+------------------+--------------+-------------+---------+--------------+
|     128 | 2023-11-08 13:40:00-05:00 | 10.6956 | 10.7    | 10.68   | 10.6901 | 121474           |              0 |                1 |            0 |           1 |       2 |            0 |
+---------+---------------------------+---------+---------+---------+---------+------------------+----------------+------------------+--------------+-------------+---------+--------------+
|     129 | 2023-11-08 13:45:00-05:00 | 10.69   | 10.7    | 10.6735 | 10.68   |  98860           |              0 |                1 |            0 |           1 |       2 |            0 |
+---------+---------------------------+---------+---------+---------+---------+------------------+----------------+------------------+--------------+-------------+---------+--------------+
|     130 | 2023-11-08 13:50:00-05:00 | 10.68   | 10.6991 | 10.66   | 10.6752 | 156557           |              0 |                1 |            0 |           1 |       2 |            0 |
+---------+---------------------------+---------+---------+---------+---------+------------------+----------------+------------------+--------------+-------------+---------+--------------+
|     131 | 2023-11-08 13:55:00-05:00 | 10.68   | 10.7    | 10.67   | 10.69   | 216017           |              0 |                1 |            0 |           1 |       2 |            0 |
+---------+---------------------------+---------+---------+---------+---------+------------------+----------------+------------------+--------------+-------------+---------+--------------+
|     132 | 2023-11-08 14:00:00-05:00 | 10.685  | 10.6999 | 10.65   | 10.6525 | 328001           |              0 |                1 |            0 |           1 |       2 |            0 |
+---------+---------------------------+---------+---------+---------+---------+------------------+----------------+------------------+--------------+-------------+---------+--------------+
|     133 | 2023-11-08 14:05:00-05:00 | 10.655  | 10.66   | 10.62   | 10.6301 | 582358           |              0 |                1 |            0 |           1 |       2 |            0 |
+---------+---------------------------+---------+---------+---------+---------+------------------+----------------+------------------+--------------+-------------+---------+--------------+
|     134 | 2023-11-08 14:10:00-05:00 | 10.64   | 10.68   | 10.63   | 10.68   | 385379           |              1 |                1 |            0 |           0 |       2 |            0 |
+---------+---------------------------+---------+---------+---------+---------+------------------+----------------+------------------+--------------+-------------+---------+--------------+
|     135 | 2023-11-08 14:15:00-05:00 | 10.67   | 10.67   | 10.64   | 10.67   | 141424           |              1 |                1 |            0 |           1 |       3 |            1 |
+---------+---------------------------+---------+---------+---------+---------+------------------+----------------+------------------+--------------+-------------+---------+--------------+
|     136 | 2023-11-08 14:20:00-05:00 | 10.6699 | 10.68   | 10.65   | 10.66   |  75754           |              0 |                1 |            0 |           1 |       2 |           -1 |
+---------+---------------------------+---------+---------+---------+---------+------------------+----------------+------------------+--------------+-------------+---------+--------------+
|     137 | 2023-11-08 14:25:00-05:00 | 10.6599 | 10.67   | 10.65   | 10.665  | 135952           |              0 |                1 |            0 |           1 |       2 |            0 |
+---------+---------------------------+---------+---------+---------+---------+------------------+----------------+------------------+--------------+-------------+---------+--------------+
|     138 | 2023-11-08 14:30:00-05:00 | 10.67   | 10.68   | 10.63   | 10.675  | 235127           |              1 |                1 |            0 |           1 |       3 |            1 |
+---------+---------------------------+---------+---------+---------+---------+------------------+----------------+------------------+--------------+-------------+---------+--------------+
|     139 | 2023-11-08 14:35:00-05:00 | 10.67   | 10.6896 | 10.63   | 10.63   | 266901           |              0 |                1 |            0 |           0 |       1 |           -2 |
+---------+---------------------------+---------+---------+---------+---------+------------------+----------------+------------------+--------------+-------------+---------+--------------+
|     140 | 2023-11-08 14:40:00-05:00 | 10.64   | 10.66   | 10.62   | 10.63   | 195149           |              0 |                1 |            0 |           0 |       1 |            0 |
+---------+---------------------------+---------+---------+---------+---------+------------------+----------------+------------------+--------------+-------------+---------+--------------+
|     141 | 2023-11-08 14:45:00-05:00 | 10.635  | 10.66   | 10.63   | 10.655  |  80192           |              1 |                1 |            0 |           0 |       2 |            1 |
+---------+---------------------------+---------+---------+---------+---------+------------------+----------------+------------------+--------------+-------------+---------+--------------+
|     142 | 2023-11-08 14:50:00-05:00 | 10.659  | 10.68   | 10.6501 | 10.6659 | 284409           |              1 |                1 |            0 |           0 |       2 |            0 |
+---------+---------------------------+---------+---------+---------+---------+------------------+----------------+------------------+--------------+-------------+---------+--------------+
|     143 | 2023-11-08 14:55:00-05:00 | 10.6625 | 10.73   | 10.6625 | 10.7299 | 330872           |              1 |                1 |            1 |           0 |       3 |            1 |
+---------+---------------------------+---------+---------+---------+---------+------------------+----------------+------------------+--------------+-------------+---------+--------------+
|     144 | 2023-11-08 15:00:00-05:00 | 10.72   | 10.73   | 10.7001 | 10.7046 | 302437           |              1 |                1 |            1 |           0 |       3 |            0 |
+---------+---------------------------+---------+---------+---------+---------+------------------+----------------+------------------+--------------+-------------+---------+--------------+
|     145 | 2023-11-08 15:05:00-05:00 | 10.71   | 10.73   | 10.7001 | 10.7247 | 182759           |              1 |                1 |            1 |           1 |       4 |            1 |
+---------+---------------------------+---------+---------+---------+---------+------------------+----------------+------------------+--------------+-------------+---------+--------------+
|     146 | 2023-11-08 15:10:00-05:00 | 10.73   | 10.7597 | 10.7025 | 10.71   | 402313           |              1 |                1 |            1 |           1 |       4 |            0 |
+---------+---------------------------+---------+---------+---------+---------+------------------+----------------+------------------+--------------+-------------+---------+--------------+
|     147 | 2023-11-08 15:15:00-05:00 | 10.7    | 10.7199 | 10.68   | 10.691  | 200439           |              1 |                1 |            1 |           1 |       4 |            0 |
+---------+---------------------------+---------+---------+---------+---------+------------------+----------------+------------------+--------------+-------------+---------+--------------+
|     148 | 2023-11-08 15:20:00-05:00 | 10.69   | 10.7    | 10.66   | 10.67   | 151512           |              1 |                1 |            1 |           1 |       4 |            0 |
+---------+---------------------------+---------+---------+---------+---------+------------------+----------------+------------------+--------------+-------------+---------+--------------+
|     149 | 2023-11-08 15:25:00-05:00 | 10.67   | 10.68   | 10.65   | 10.665  | 153937           |              1 |                1 |            1 |           1 |       4 |            0 |
+---------+---------------------------+---------+---------+---------+---------+------------------+----------------+------------------+--------------+-------------+---------+--------------+
|     150 | 2023-11-08 15:30:00-05:00 | 10.67   | 10.695  | 10.66   | 10.6907 | 266507           |              1 |                1 |            1 |           0 |       3 |           -1 |
+---------+---------------------------+---------+---------+---------+---------+------------------+----------------+------------------+--------------+-------------+---------+--------------+
|     151 | 2023-11-08 15:35:00-05:00 | 10.695  | 10.7    | 10.6644 | 10.665  |  78189           |              1 |                1 |            1 |           0 |       3 |            0 |
+---------+---------------------------+---------+---------+---------+---------+------------------+----------------+------------------+--------------+-------------+---------+--------------+
|     152 | 2023-11-08 15:40:00-05:00 | 10.66   | 10.67   | 10.62   | 10.63   | 346496           |              0 |                1 |            0 |           0 |       1 |           -2 |
+---------+---------------------------+---------+---------+---------+---------+------------------+----------------+------------------+--------------+-------------+---------+--------------+
|     153 | 2023-11-08 15:45:00-05:00 | 10.6399 | 10.68   | 10.63   | 10.68   | 370274           |              1 |                1 |            0 |           0 |       2 |            1 |
+---------+---------------------------+---------+---------+---------+---------+------------------+----------------+------------------+--------------+-------------+---------+--------------+
|     154 | 2023-11-08 15:50:00-05:00 | 10.68   | 10.6888 | 10.6417 | 10.65   | 312285           |              1 |                1 |            0 |           0 |       2 |            0 |
+---------+---------------------------+---------+---------+---------+---------+------------------+----------------+------------------+--------------+-------------+---------+--------------+

Buy Price    Buy Time    Sell Price    Sell Time    Profit    Trade Length
-----------  ----------  ------------  -----------  --------  --------------
Total Profit: 0 Median Trade Length: nan Average Trade Length: nan
