Trading Output for soxl for the last 300 days
+---------+---------------------------+---------+---------+---------+---------+------------------+----------------+------------------+--------------+-------------+---------+--------------+
|   Index | Timestamp                 |    Open |    High |     Low |   Close |           Volume |   RSIEMA Cross |   SMA/VWAP Cross |   MACD Cross |   KNN EMA X |   Total |   Total Diff |
+=========+===========================+=========+=========+=========+=========+==================+================+==================+==============+=============+=========+==============+
|       0 | 2023-11-06 09:30:00-05:00 | 18.45   | 18.64   | 18.43   | 18.45   |      4.92417e+06 |              0 |                1 |            0 |           0 |       1 |            0 |
+---------+---------------------------+---------+---------+---------+---------+------------------+----------------+------------------+--------------+-------------+---------+--------------+
|       1 | 2023-11-06 09:35:00-05:00 | 18.45   | 18.62   | 18.33   | 18.51   |      1.99488e+06 |              0 |                1 |            1 |           0 |       2 |            1 |
+---------+---------------------------+---------+---------+---------+---------+------------------+----------------+------------------+--------------+-------------+---------+--------------+
|       2 | 2023-11-06 09:40:00-05:00 | 18.515  | 18.542  | 18.18   | 18.19   |      2.10744e+06 |              0 |                1 |            0 |           0 |       1 |           -1 |
+---------+---------------------------+---------+---------+---------+---------+------------------+----------------+------------------+--------------+-------------+---------+--------------+
|       3 | 2023-11-06 09:45:00-05:00 | 18.2    | 18.21   | 18.01   | 18.05   |      2.09922e+06 |              0 |                1 |            0 |           0 |       1 |            0 |
+---------+---------------------------+---------+---------+---------+---------+------------------+----------------+------------------+--------------+-------------+---------+--------------+
|       4 | 2023-11-06 09:50:00-05:00 | 18.05   | 18.14   | 18.01   | 18.04   |      1.58628e+06 |              0 |                1 |            0 |           1 |       2 |            1 |
+---------+---------------------------+---------+---------+---------+---------+------------------+----------------+------------------+--------------+-------------+---------+--------------+
|       5 | 2023-11-06 09:55:00-05:00 | 18.045  | 18.1606 | 17.98   | 18.135  |      1.73763e+06 |              0 |                1 |            0 |           1 |       2 |            0 |
+---------+---------------------------+---------+---------+---------+---------+------------------+----------------+------------------+--------------+-------------+---------+--------------+
|       6 | 2023-11-06 10:00:00-05:00 | 18.14   | 18.26   | 18.0301 | 18.12   |      1.24136e+06 |              0 |                1 |            0 |           1 |       2 |            0 |
+---------+---------------------------+---------+---------+---------+---------+------------------+----------------+------------------+--------------+-------------+---------+--------------+
|       7 | 2023-11-06 10:05:00-05:00 | 18.13   | 18.195  | 18.04   | 18.141  | 937178           |              0 |                1 |            0 |           1 |       2 |            0 |
+---------+---------------------------+---------+---------+---------+---------+------------------+----------------+------------------+--------------+-------------+---------+--------------+
|       8 | 2023-11-06 10:10:00-05:00 | 18.15   | 18.15   | 17.94   | 17.9547 |      1.09179e+06 |              0 |                1 |            0 |           1 |       2 |            0 |
+---------+---------------------------+---------+---------+---------+---------+------------------+----------------+------------------+--------------+-------------+---------+--------------+
|       9 | 2023-11-06 10:15:00-05:00 | 17.95   | 18.05   | 17.92   | 18.02   |      1.01322e+06 |              0 |                1 |            0 |           1 |       2 |            0 |
+---------+---------------------------+---------+---------+---------+---------+------------------+----------------+------------------+--------------+-------------+---------+--------------+
|      10 | 2023-11-06 10:20:00-05:00 | 18.02   | 18.11   | 17.995  | 18.0403 |      1.08745e+06 |              0 |                1 |            0 |           0 |       1 |           -1 |
+---------+---------------------------+---------+---------+---------+---------+------------------+----------------+------------------+--------------+-------------+---------+--------------+
|      11 | 2023-11-06 10:25:00-05:00 | 18.04   | 18.079  | 17.9807 | 18.0574 | 729928           |              0 |                1 |            0 |           0 |       1 |            0 |
+---------+---------------------------+---------+---------+---------+---------+------------------+----------------+------------------+--------------+-------------+---------+--------------+
|      12 | 2023-11-06 10:30:00-05:00 | 18.055  | 18.07   | 17.9601 | 17.9885 | 579488           |              0 |                1 |            0 |           0 |       1 |            0 |
+---------+---------------------------+---------+---------+---------+---------+------------------+----------------+------------------+--------------+-------------+---------+--------------+
|      13 | 2023-11-06 10:35:00-05:00 | 17.985  | 18.095  | 17.91   | 18.095  | 935216           |              0 |                1 |            0 |           0 |       1 |            0 |
+---------+---------------------------+---------+---------+---------+---------+------------------+----------------+------------------+--------------+-------------+---------+--------------+
|      14 | 2023-11-06 10:40:00-05:00 | 18.0985 | 18.188  | 18.0912 | 18.1324 | 793466           |              1 |                1 |            0 |           0 |       2 |            1 |
+---------+---------------------------+---------+---------+---------+---------+------------------+----------------+------------------+--------------+-------------+---------+--------------+
|      15 | 2023-11-06 10:45:00-05:00 | 18.135  | 18.135  | 18.02   | 18.05   | 723292           |              1 |                1 |            0 |           0 |       2 |            0 |
+---------+---------------------------+---------+---------+---------+---------+------------------+----------------+------------------+--------------+-------------+---------+--------------+
|      16 | 2023-11-06 10:50:00-05:00 | 18.05   | 18.18   | 18.0335 | 18.1209 | 580729           |              1 |                1 |            1 |           0 |       3 |            1 |
+---------+---------------------------+---------+---------+---------+---------+------------------+----------------+------------------+--------------+-------------+---------+--------------+
|      17 | 2023-11-06 10:55:00-05:00 | 18.12   | 18.165  | 18.1    | 18.1399 | 364945           |              1 |                1 |            1 |           0 |       3 |            0 |
+---------+---------------------------+---------+---------+---------+---------+------------------+----------------+------------------+--------------+-------------+---------+--------------+
|      18 | 2023-11-06 11:00:00-05:00 | 18.14   | 18.16   | 18.085  | 18.1399 | 307293           |              1 |                1 |            1 |           0 |       3 |            0 |
+---------+---------------------------+---------+---------+---------+---------+------------------+----------------+------------------+--------------+-------------+---------+--------------+
|      19 | 2023-11-06 11:05:00-05:00 | 18.14   | 18.2471 | 18.1316 | 18.23   | 617149           |              1 |                1 |            1 |           0 |       3 |            0 |
+---------+---------------------------+---------+---------+---------+---------+------------------+----------------+------------------+--------------+-------------+---------+--------------+
|      20 | 2023-11-06 11:10:00-05:00 | 18.23   | 18.23   | 18.14   | 18.205  | 463116           |              1 |                1 |            1 |           1 |       4 |            1 |
+---------+---------------------------+---------+---------+---------+---------+------------------+----------------+------------------+--------------+-------------+---------+--------------+
|      21 | 2023-11-06 11:15:00-05:00 | 18.21   | 18.22   | 18.1808 | 18.21   | 291102           |              1 |                1 |            1 |           1 |       4 |            0 |
+---------+---------------------------+---------+---------+---------+---------+------------------+----------------+------------------+--------------+-------------+---------+--------------+
|      22 | 2023-11-06 11:20:00-05:00 | 18.21   | 18.22   | 18.09   | 18.13   | 552021           |              1 |                1 |            1 |           1 |       4 |            0 |
+---------+---------------------------+---------+---------+---------+---------+------------------+----------------+------------------+--------------+-------------+---------+--------------+
|      23 | 2023-11-06 11:25:00-05:00 | 18.13   | 18.1877 | 18.1127 | 18.14   | 297392           |              1 |                1 |            1 |           1 |       4 |            0 |
+---------+---------------------------+---------+---------+---------+---------+------------------+----------------+------------------+--------------+-------------+---------+--------------+
|      24 | 2023-11-06 11:30:00-05:00 | 18.145  | 18.165  | 18.09   | 18.12   | 317634           |              1 |                1 |            1 |           1 |       4 |            0 |
+---------+---------------------------+---------+---------+---------+---------+------------------+----------------+------------------+--------------+-------------+---------+--------------+
|      25 | 2023-11-06 11:35:00-05:00 | 18.115  | 18.1518 | 18.0874 | 18.095  | 235155           |              1 |                1 |            1 |           1 |       4 |            0 |
+---------+---------------------------+---------+---------+---------+---------+------------------+----------------+------------------+--------------+-------------+---------+--------------+
|      26 | 2023-11-06 11:40:00-05:00 | 18.1    | 18.115  | 18.05   | 18.0599 | 334838           |              1 |                1 |            1 |           1 |       4 |            0 |
+---------+---------------------------+---------+---------+---------+---------+------------------+----------------+------------------+--------------+-------------+---------+--------------+
|      27 | 2023-11-06 11:45:00-05:00 | 18.06   | 18.0799 | 18      | 18.01   | 517713           |              0 |                1 |            1 |           1 |       3 |           -1 |
+---------+---------------------------+---------+---------+---------+---------+------------------+----------------+------------------+--------------+-------------+---------+--------------+
|      28 | 2023-11-06 11:50:00-05:00 | 18.02   | 18.09   | 18      | 18.085  | 371596           |              1 |                1 |            1 |           1 |       4 |            1 |
+---------+---------------------------+---------+---------+---------+---------+------------------+----------------+------------------+--------------+-------------+---------+--------------+
|      29 | 2023-11-06 11:55:00-05:00 | 18.0885 | 18.151  | 18.0531 | 18.13   | 283210           |              1 |                1 |            1 |           1 |       4 |            0 |
+---------+---------------------------+---------+---------+---------+---------+------------------+----------------+------------------+--------------+-------------+---------+--------------+
|      30 | 2023-11-06 12:00:00-05:00 | 18.135  | 18.15   | 17.98   | 18.02   | 523882           |              0 |                1 |            1 |           1 |       3 |           -1 |
+---------+---------------------------+---------+---------+---------+---------+------------------+----------------+------------------+--------------+-------------+---------+--------------+
|      31 | 2023-11-06 12:05:00-05:00 | 18.01   | 18.04   | 17.9701 | 18.03   | 497562           |              0 |                1 |            0 |           1 |       2 |           -1 |
+---------+---------------------------+---------+---------+---------+---------+------------------+----------------+------------------+--------------+-------------+---------+--------------+
|      32 | 2023-11-06 12:10:00-05:00 | 18.0199 | 18.04   | 18.01   | 18.02   | 235794           |              0 |                1 |            0 |           1 |       2 |            0 |
+---------+---------------------------+---------+---------+---------+---------+------------------+----------------+------------------+--------------+-------------+---------+--------------+
|      33 | 2023-11-06 12:15:00-05:00 | 18.01   | 18.05   | 17.9801 | 17.9988 | 300667           |              0 |                1 |            0 |           0 |       1 |           -1 |
+---------+---------------------------+---------+---------+---------+---------+------------------+----------------+------------------+--------------+-------------+---------+--------------+
|      34 | 2023-11-06 12:20:00-05:00 | 17.9988 | 18.01   | 17.9425 | 17.989  | 320375           |              0 |                1 |            0 |           0 |       1 |            0 |
+---------+---------------------------+---------+---------+---------+---------+------------------+----------------+------------------+--------------+-------------+---------+--------------+
|      35 | 2023-11-06 12:25:00-05:00 | 17.985  | 18.05   | 17.93   | 18.0401 | 551863           |              0 |                1 |            0 |           0 |       1 |            0 |
+---------+---------------------------+---------+---------+---------+---------+------------------+----------------+------------------+--------------+-------------+---------+--------------+
|      36 | 2023-11-06 12:30:00-05:00 | 18.05   | 18.12   | 18.03   | 18.09   | 428112           |              1 |                1 |            1 |           1 |       4 |            3 |
+---------+---------------------------+---------+---------+---------+---------+------------------+----------------+------------------+--------------+-------------+---------+--------------+
|      37 | 2023-11-06 12:35:00-05:00 | 18.09   | 18.099  | 18.04   | 18.075  | 278083           |              1 |                1 |            1 |           1 |       4 |            0 |
+---------+---------------------------+---------+---------+---------+---------+------------------+----------------+------------------+--------------+-------------+---------+--------------+
|      38 | 2023-11-06 12:40:00-05:00 | 18.0799 | 18.08   | 18.02   | 18.0449 | 516729           |              1 |                1 |            1 |           1 |       4 |            0 |
+---------+---------------------------+---------+---------+---------+---------+------------------+----------------+------------------+--------------+-------------+---------+--------------+
|      39 | 2023-11-06 12:45:00-05:00 | 18.04   | 18.06   | 17.991  | 18.015  | 458017           |              1 |                1 |            1 |           1 |       4 |            0 |
+---------+---------------------------+---------+---------+---------+---------+------------------+----------------+------------------+--------------+-------------+---------+--------------+
|      40 | 2023-11-06 12:50:00-05:00 | 18.01   | 18.02   | 17.9323 | 17.985  | 858492           |              1 |                1 |            1 |           1 |       4 |            0 |
+---------+---------------------------+---------+---------+---------+---------+------------------+----------------+------------------+--------------+-------------+---------+--------------+
|      41 | 2023-11-06 12:55:00-05:00 | 17.9839 | 18.0853 | 17.98   | 18.0853 | 363731           |              1 |                1 |            1 |           1 |       4 |            0 |
+---------+---------------------------+---------+---------+---------+---------+------------------+----------------+------------------+--------------+-------------+---------+--------------+
|      42 | 2023-11-06 13:00:00-05:00 | 18.09   | 18.0916 | 17.96   | 18.015  | 519321           |              1 |                1 |            1 |           1 |       4 |            0 |
+---------+---------------------------+---------+---------+---------+---------+------------------+----------------+------------------+--------------+-------------+---------+--------------+
|      43 | 2023-11-06 13:05:00-05:00 | 18.0193 | 18.04   | 17.98   | 17.99   | 221221           |              0 |                1 |            1 |           1 |       3 |           -1 |
+---------+---------------------------+---------+---------+---------+---------+------------------+----------------+------------------+--------------+-------------+---------+--------------+
|      44 | 2023-11-06 13:10:00-05:00 | 17.9823 | 18      | 17.91   | 17.9396 | 479307           |              0 |                1 |            0 |           1 |       2 |           -1 |
+---------+---------------------------+---------+---------+---------+---------+------------------+----------------+------------------+--------------+-------------+---------+--------------+
|      45 | 2023-11-06 13:15:00-05:00 | 17.94   | 17.985  | 17.83   | 17.84   | 750693           |              0 |                1 |            0 |           1 |       2 |            0 |
+---------+---------------------------+---------+---------+---------+---------+------------------+----------------+------------------+--------------+-------------+---------+--------------+
|      46 | 2023-11-06 13:20:00-05:00 | 17.84   | 17.8499 | 17.73   | 17.819  |      1.28296e+06 |              0 |                1 |            0 |           1 |       2 |            0 |
+---------+---------------------------+---------+---------+---------+---------+------------------+----------------+------------------+--------------+-------------+---------+--------------+
|      47 | 2023-11-06 13:25:00-05:00 | 17.82   | 17.8399 | 17.775  | 17.8124 | 406453           |              0 |                1 |            0 |           0 |       1 |           -1 |
+---------+---------------------------+---------+---------+---------+---------+------------------+----------------+------------------+--------------+-------------+---------+--------------+
|      48 | 2023-11-06 13:30:00-05:00 | 17.81   | 17.93   | 17.8    | 17.9107 | 525583           |              1 |                1 |            0 |           0 |       2 |            1 |
+---------+---------------------------+---------+---------+---------+---------+------------------+----------------+------------------+--------------+-------------+---------+--------------+
|      49 | 2023-11-06 13:35:00-05:00 | 17.91   | 17.995  | 17.91   | 17.9701 | 443183           |              1 |                1 |            0 |           0 |       2 |            0 |
+---------+---------------------------+---------+---------+---------+---------+------------------+----------------+------------------+--------------+-------------+---------+--------------+
|      50 | 2023-11-06 13:40:00-05:00 | 17.9799 | 17.99   | 17.9231 | 17.95   |      0           |              0 |                1 |            1 |           1 |       3 |            1 |
+---------+---------------------------+---------+---------+---------+---------+------------------+----------------+------------------+--------------+-------------+---------+--------------+
|      51 | 2023-11-06 13:45:00-05:00 | 17.95   | 17.9599 | 17.86   | 17.8903 |      3.99178e+07 |              0 |                1 |            0 |           1 |       2 |           -1 |
+---------+---------------------------+---------+---------+---------+---------+------------------+----------------+------------------+--------------+-------------+---------+--------------+
|      52 | 2023-11-06 13:50:00-05:00 | 17.895  | 17.91   | 17.85   | 17.852  | 323924           |              0 |                1 |            0 |           1 |       2 |            0 |
+---------+---------------------------+---------+---------+---------+---------+------------------+----------------+------------------+--------------+-------------+---------+--------------+
|      53 | 2023-11-06 13:55:00-05:00 | 17.855  | 17.93   | 17.82   | 17.905  | 325441           |              1 |                1 |            1 |           1 |       4 |            2 |
+---------+---------------------------+---------+---------+---------+---------+------------------+----------------+------------------+--------------+-------------+---------+--------------+
|      54 | 2023-11-06 14:00:00-05:00 | 17.91   | 17.94   | 17.8499 | 17.91   | 394235           |              1 |                1 |            1 |           1 |       4 |            0 |
+---------+---------------------------+---------+---------+---------+---------+------------------+----------------+------------------+--------------+-------------+---------+--------------+
|      55 | 2023-11-06 14:05:00-05:00 | 17.91   | 17.92   | 17.82   | 17.84   | 535629           |              0 |                1 |            1 |           1 |       3 |           -1 |
+---------+---------------------------+---------+---------+---------+---------+------------------+----------------+------------------+--------------+-------------+---------+--------------+
|      56 | 2023-11-06 14:10:00-05:00 | 17.8399 | 17.88   | 17.79   | 17.845  | 301493           |              0 |                1 |            0 |           0 |       1 |           -2 |
+---------+---------------------------+---------+---------+---------+---------+------------------+----------------+------------------+--------------+-------------+---------+--------------+
|      57 | 2023-11-06 14:15:00-05:00 | 17.85   | 17.9162 | 17.83   | 17.8799 | 393440           |              1 |                1 |            1 |           0 |       3 |            2 |
+---------+---------------------------+---------+---------+---------+---------+------------------+----------------+------------------+--------------+-------------+---------+--------------+
|      58 | 2023-11-06 14:20:00-05:00 | 17.8799 | 17.905  | 17.85   | 17.88   | 255642           |              1 |                1 |            1 |           0 |       3 |            0 |
+---------+---------------------------+---------+---------+---------+---------+------------------+----------------+------------------+--------------+-------------+---------+--------------+
|      59 | 2023-11-06 14:25:00-05:00 | 17.88   | 17.91   | 17.87   | 17.9    | 205268           |              1 |                1 |            1 |           0 |       3 |            0 |
+---------+---------------------------+---------+---------+---------+---------+------------------+----------------+------------------+--------------+-------------+---------+--------------+
|      60 | 2023-11-06 14:30:00-05:00 | 17.9    | 17.94   | 17.89   | 17.94   | 241714           |              1 |                1 |            1 |           0 |       3 |            0 |
+---------+---------------------------+---------+---------+---------+---------+------------------+----------------+------------------+--------------+-------------+---------+--------------+
|      61 | 2023-11-06 14:35:00-05:00 | 17.9323 | 17.9622 | 17.906  | 17.945  | 366642           |              1 |                1 |            1 |           0 |       3 |            0 |
+---------+---------------------------+---------+---------+---------+---------+------------------+----------------+------------------+--------------+-------------+---------+--------------+
|      62 | 2023-11-06 14:40:00-05:00 | 17.95   | 18.08   | 17.92   | 18.035  | 701914           |              1 |                1 |            1 |           0 |       3 |            0 |
+---------+---------------------------+---------+---------+---------+---------+------------------+----------------+------------------+--------------+-------------+---------+--------------+
|      63 | 2023-11-06 14:45:00-05:00 | 18.0375 | 18.07   | 18.0103 | 18.03   | 388648           |              1 |                1 |            1 |           0 |       3 |            0 |
+---------+---------------------------+---------+---------+---------+---------+------------------+----------------+------------------+--------------+-------------+---------+--------------+
|      64 | 2023-11-06 14:50:00-05:00 | 18.03   | 18.07   | 18.02   | 18.065  | 246283           |              1 |                1 |            1 |           0 |       3 |            0 |
+---------+---------------------------+---------+---------+---------+---------+------------------+----------------+------------------+--------------+-------------+---------+--------------+
|      65 | 2023-11-06 14:55:00-05:00 | 18.0686 | 18.11   | 18.06   | 18.1    | 546325           |              1 |                0 |            1 |           0 |       2 |           -1 |
+---------+---------------------------+---------+---------+---------+---------+------------------+----------------+------------------+--------------+-------------+---------+--------------+
|      66 | 2023-11-06 15:00:00-05:00 | 18.1    | 18.14   | 18.0783 | 18.105  | 460488           |              1 |                0 |            1 |           0 |       2 |            0 |
+---------+---------------------------+---------+---------+---------+---------+------------------+----------------+------------------+--------------+-------------+---------+--------------+
|      67 | 2023-11-06 15:05:00-05:00 | 18.105  | 18.11   | 18.05   | 18.08   | 635543           |              1 |                0 |            1 |           0 |       2 |            0 |
+---------+---------------------------+---------+---------+---------+---------+------------------+----------------+------------------+--------------+-------------+---------+--------------+
|      68 | 2023-11-06 15:10:00-05:00 | 18.085  | 18.12   | 18.06   | 18.08   | 362295           |              1 |                0 |            1 |           0 |       2 |            0 |
+---------+---------------------------+---------+---------+---------+---------+------------------+----------------+------------------+--------------+-------------+---------+--------------+
|      69 | 2023-11-06 15:15:00-05:00 | 18.0768 | 18.14   | 18.07   | 18.12   | 267552           |              1 |                0 |            1 |           0 |       2 |            0 |
+---------+---------------------------+---------+---------+---------+---------+------------------+----------------+------------------+--------------+-------------+---------+--------------+
|      70 | 2023-11-06 15:20:00-05:00 | 18.121  | 18.121  | 18.06   | 18.11   | 398727           |              1 |                0 |            1 |           0 |       2 |            0 |
+---------+---------------------------+---------+---------+---------+---------+------------------+----------------+------------------+--------------+-------------+---------+--------------+
|      71 | 2023-11-06 15:25:00-05:00 | 18.11   | 18.1101 | 18.0603 | 18.0997 | 403386           |              1 |                0 |            1 |           0 |       2 |            0 |
+---------+---------------------------+---------+---------+---------+---------+------------------+----------------+------------------+--------------+-------------+---------+--------------+
|      72 | 2023-11-06 15:30:00-05:00 | 18.1    | 18.15   | 18.07   | 18.1199 | 454183           |              1 |                0 |            1 |           0 |       2 |            0 |
+---------+---------------------------+---------+---------+---------+---------+------------------+----------------+------------------+--------------+-------------+---------+--------------+
|      73 | 2023-11-06 15:35:00-05:00 | 18.119  | 18.14   | 18.0801 | 18.11   | 339415           |              1 |                0 |            1 |           0 |       2 |            0 |
+---------+---------------------------+---------+---------+---------+---------+------------------+----------------+------------------+--------------+-------------+---------+--------------+
|      74 | 2023-11-06 15:40:00-05:00 | 18.105  | 18.14   | 18.0701 | 18.11   | 436676           |              1 |                0 |            1 |           0 |       2 |            0 |
+---------+---------------------------+---------+---------+---------+---------+------------------+----------------+------------------+--------------+-------------+---------+--------------+
|      75 | 2023-11-06 15:45:00-05:00 | 18.115  | 18.175  | 18.1001 | 18.16   | 424655           |              1 |                0 |            1 |           0 |       2 |            0 |
+---------+---------------------------+---------+---------+---------+---------+------------------+----------------+------------------+--------------+-------------+---------+--------------+
|      76 | 2023-11-06 15:50:00-05:00 | 18.16   | 18.24   | 18.16   | 18.204  |      1.10976e+06 |              1 |                0 |            1 |           0 |       2 |            0 |
+---------+---------------------------+---------+---------+---------+---------+------------------+----------------+------------------+--------------+-------------+---------+--------------+
|      77 | 2023-11-06 15:55:00-05:00 | 18.2074 | 18.31   | 18.2    | 18.28   |      1.07991e+06 |              1 |                0 |            1 |           1 |       3 |            1 |
+---------+---------------------------+---------+---------+---------+---------+------------------+----------------+------------------+--------------+-------------+---------+--------------+
|      78 | 2023-11-07 09:30:00-05:00 | 18.16   | 18.29   | 18.13   | 18.1802 |      5.09032e+06 |              0 |                0 |            1 |           0 |       1 |           -2 |
+---------+---------------------------+---------+---------+---------+---------+------------------+----------------+------------------+--------------+-------------+---------+--------------+
|      79 | 2023-11-07 09:35:00-05:00 | 18.185  | 18.29   | 18.07   | 18.09   |      1.21413e+06 |              0 |                0 |            1 |           0 |       1 |            0 |
+---------+---------------------------+---------+---------+---------+---------+------------------+----------------+------------------+--------------+-------------+---------+--------------+
|      80 | 2023-11-07 09:40:00-05:00 | 18.0998 | 18.27   | 18.06   | 18.25   |      1.35402e+06 |              0 |                0 |            1 |           0 |       1 |            0 |
+---------+---------------------------+---------+---------+---------+---------+------------------+----------------+------------------+--------------+-------------+---------+--------------+
|      81 | 2023-11-07 09:45:00-05:00 | 18.2584 | 18.28   | 18.1013 | 18.1601 |      1.31531e+06 |              0 |                0 |            1 |           0 |       1 |            0 |
+---------+---------------------------+---------+---------+---------+---------+------------------+----------------+------------------+--------------+-------------+---------+--------------+
|      82 | 2023-11-07 09:50:00-05:00 | 18.16   | 18.39   | 18.14   | 18.31   |      1.35121e+06 |              0 |                0 |            1 |           0 |       1 |            0 |
+---------+---------------------------+---------+---------+---------+---------+------------------+----------------+------------------+--------------+-------------+---------+--------------+
|      83 | 2023-11-07 09:55:00-05:00 | 18.3197 | 18.46   | 18.295  | 18.455  |      1.35269e+06 |              0 |                0 |            1 |           0 |       1 |            0 |
+---------+---------------------------+---------+---------+---------+---------+------------------+----------------+------------------+--------------+-------------+---------+--------------+
|      84 | 2023-11-07 10:00:00-05:00 | 18.4587 | 18.56   | 18.4029 | 18.4483 |      1.84479e+06 |              0 |                0 |            1 |           0 |       1 |            0 |
+---------+---------------------------+---------+---------+---------+---------+------------------+----------------+------------------+--------------+-------------+---------+--------------+
|      85 | 2023-11-07 10:05:00-05:00 | 18.45   | 18.47   | 18.31   | 18.3128 |      1.24521e+06 |              0 |                0 |            1 |           0 |       1 |            0 |
+---------+---------------------------+---------+---------+---------+---------+------------------+----------------+------------------+--------------+-------------+---------+--------------+
|      86 | 2023-11-07 10:10:00-05:00 | 18.3102 | 18.42   | 18.26   | 18.37   |      1.24684e+06 |              0 |                0 |            1 |           0 |       1 |            0 |
+---------+---------------------------+---------+---------+---------+---------+------------------+----------------+------------------+--------------+-------------+---------+--------------+
|      87 | 2023-11-07 10:15:00-05:00 | 18.335  | 18.4586 | 18.3301 | 18.42   | 888067           |              0 |                0 |            1 |           0 |       1 |            0 |
+---------+---------------------------+---------+---------+---------+---------+------------------+----------------+------------------+--------------+-------------+---------+--------------+
|      88 | 2023-11-07 10:20:00-05:00 | 18.4199 | 18.46   | 18.35   | 18.4517 | 774012           |              0 |                0 |            1 |           0 |       1 |            0 |
+---------+---------------------------+---------+---------+---------+---------+------------------+----------------+------------------+--------------+-------------+---------+--------------+
|      89 | 2023-11-07 10:25:00-05:00 | 18.45   | 18.55   | 18.41   | 18.52   |      1.33356e+06 |              0 |                0 |            1 |           0 |       1 |            0 |
+---------+---------------------------+---------+---------+---------+---------+------------------+----------------+------------------+--------------+-------------+---------+--------------+
|      90 | 2023-11-07 10:30:00-05:00 | 18.52   | 18.67   | 18.5    | 18.66   |      1.33814e+06 |              1 |                0 |            1 |           0 |       2 |            1 |
+---------+---------------------------+---------+---------+---------+---------+------------------+----------------+------------------+--------------+-------------+---------+--------------+
|      91 | 2023-11-07 10:35:00-05:00 | 18.66   | 18.78   | 18.66   | 18.77   |      1.13808e+06 |              1 |                0 |            1 |           0 |       2 |            0 |
+---------+---------------------------+---------+---------+---------+---------+------------------+----------------+------------------+--------------+-------------+---------+--------------+
|      92 | 2023-11-07 10:40:00-05:00 | 18.77   | 18.81   | 18.69   | 18.74   |      1.02929e+06 |              1 |                0 |            1 |           0 |       2 |            0 |
+---------+---------------------------+---------+---------+---------+---------+------------------+----------------+------------------+--------------+-------------+---------+--------------+
|      93 | 2023-11-07 10:45:00-05:00 | 18.7412 | 18.8    | 18.7    | 18.79   |      1.03501e+06 |              1 |                0 |            1 |           0 |       2 |            0 |
+---------+---------------------------+---------+---------+---------+---------+------------------+----------------+------------------+--------------+-------------+---------+--------------+
|      94 | 2023-11-07 10:50:00-05:00 | 18.79   | 18.8768 | 18.755  | 18.825  | 969405           |              1 |                0 |            1 |           0 |       2 |            0 |
+---------+---------------------------+---------+---------+---------+---------+------------------+----------------+------------------+--------------+-------------+---------+--------------+
|      95 | 2023-11-07 10:55:00-05:00 | 18.82   | 18.8599 | 18.8101 | 18.84   | 728639           |              1 |                0 |            1 |           1 |       3 |            1 |
+---------+---------------------------+---------+---------+---------+---------+------------------+----------------+------------------+--------------+-------------+---------+--------------+
|      96 | 2023-11-07 11:00:00-05:00 | 18.845  | 18.86   | 18.69   | 18.7182 | 914148           |              0 |                0 |            1 |           1 |       2 |           -1 |
+---------+---------------------------+---------+---------+---------+---------+------------------+----------------+------------------+--------------+-------------+---------+--------------+
|      97 | 2023-11-07 11:05:00-05:00 | 18.72   | 18.7887 | 18.72   | 18.745  | 522750           |              0 |                0 |            1 |           1 |       2 |            0 |
+---------+---------------------------+---------+---------+---------+---------+------------------+----------------+------------------+--------------+-------------+---------+--------------+
|      98 | 2023-11-07 11:10:00-05:00 | 18.745  | 18.8199 | 18.7136 | 18.76   | 615348           |              0 |                0 |            1 |           1 |       2 |            0 |
+---------+---------------------------+---------+---------+---------+---------+------------------+----------------+------------------+--------------+-------------+---------+--------------+
|      99 | 2023-11-07 11:15:00-05:00 | 18.7512 | 18.7512 | 18.689  | 18.6902 | 410051           |              1 |                0 |            0 |           1 |       2 |            0 |
+---------+---------------------------+---------+---------+---------+---------+------------------+----------------+------------------+--------------+-------------+---------+--------------+
|     100 | 2023-11-07 11:20:00-05:00 | 18.69   | 18.75   | 18.67   | 18.69   | 675224           |              1 |                0 |            0 |           1 |       2 |            0 |
+---------+---------------------------+---------+---------+---------+---------+------------------+----------------+------------------+--------------+-------------+---------+--------------+
|     101 | 2023-11-07 11:25:00-05:00 | 18.69   | 18.73   | 18.6606 | 18.69   | 540395           |              0 |                0 |            0 |           1 |       1 |           -1 |
+---------+---------------------------+---------+---------+---------+---------+------------------+----------------+------------------+--------------+-------------+---------+--------------+
|     102 | 2023-11-07 11:30:00-05:00 | 18.69   | 18.79   | 18.68   | 18.77   | 666793           |              1 |                0 |            0 |           1 |       2 |            1 |
+---------+---------------------------+---------+---------+---------+---------+------------------+----------------+------------------+--------------+-------------+---------+--------------+
|     103 | 2023-11-07 11:35:00-05:00 | 18.76   | 18.76   | 18.7001 | 18.71   | 599299           |              0 |                0 |            0 |           1 |       1 |           -1 |
+---------+---------------------------+---------+---------+---------+---------+------------------+----------------+------------------+--------------+-------------+---------+--------------+
|     104 | 2023-11-07 11:40:00-05:00 | 18.7138 | 18.74   | 18.6812 | 18.699  | 367514           |              0 |                0 |            0 |           1 |       1 |            0 |
+---------+---------------------------+---------+---------+---------+---------+------------------+----------------+------------------+--------------+-------------+---------+--------------+
|     105 | 2023-11-07 11:45:00-05:00 | 18.699  | 18.7199 | 18.51   | 18.59   |      1.10251e+06 |              0 |                0 |            0 |           1 |       1 |            0 |
+---------+---------------------------+---------+---------+---------+---------+------------------+----------------+------------------+--------------+-------------+---------+--------------+
|     106 | 2023-11-07 11:50:00-05:00 | 18.585  | 18.61   | 18.5487 | 18.56   | 411851           |              0 |                0 |            0 |           1 |       1 |            0 |
+---------+---------------------------+---------+---------+---------+---------+------------------+----------------+------------------+--------------+-------------+---------+--------------+
|     107 | 2023-11-07 11:55:00-05:00 | 18.565  | 18.6403 | 18.55   | 18.605  | 420479           |              0 |                0 |            0 |           1 |       1 |            0 |
+---------+---------------------------+---------+---------+---------+---------+------------------+----------------+------------------+--------------+-------------+---------+--------------+
|     108 | 2023-11-07 12:00:00-05:00 | 18.6021 | 18.61   | 18.47   | 18.4936 | 879416           |              0 |                0 |            0 |           1 |       1 |            0 |
+---------+---------------------------+---------+---------+---------+---------+------------------+----------------+------------------+--------------+-------------+---------+--------------+
|     109 | 2023-11-07 12:05:00-05:00 | 18.49   | 18.56   | 18.46   | 18.52   | 495320           |              0 |                0 |            0 |           1 |       1 |            0 |
+---------+---------------------------+---------+---------+---------+---------+------------------+----------------+------------------+--------------+-------------+---------+--------------+
|     110 | 2023-11-07 12:10:00-05:00 | 18.52   | 18.53   | 18.49   | 18.53   | 261959           |              0 |                0 |            0 |           1 |       1 |            0 |
+---------+---------------------------+---------+---------+---------+---------+------------------+----------------+------------------+--------------+-------------+---------+--------------+
|     111 | 2023-11-07 12:15:00-05:00 | 18.53   | 18.53   | 18.45   | 18.4987 | 546866           |              0 |                0 |            0 |           1 |       1 |            0 |
+---------+---------------------------+---------+---------+---------+---------+------------------+----------------+------------------+--------------+-------------+---------+--------------+
|     112 | 2023-11-07 12:20:00-05:00 | 18.4962 | 18.5    | 18.4201 | 18.455  | 435340           |              0 |                0 |            0 |           1 |       1 |            0 |
+---------+---------------------------+---------+---------+---------+---------+------------------+----------------+------------------+--------------+-------------+---------+--------------+
|     113 | 2023-11-07 12:25:00-05:00 | 18.47   | 18.486  | 18.4    | 18.4099 | 518635           |              0 |                0 |            0 |           0 |       0 |           -1 |
+---------+---------------------------+---------+---------+---------+---------+------------------+----------------+------------------+--------------+-------------+---------+--------------+
|     114 | 2023-11-07 12:30:00-05:00 | 18.41   | 18.4771 | 18.3313 | 18.4594 |      1.17325e+06 |              0 |                0 |            0 |           0 |       0 |            0 |
+---------+---------------------------+---------+---------+---------+---------+------------------+----------------+------------------+--------------+-------------+---------+--------------+
|     115 | 2023-11-07 12:35:00-05:00 | 18.4699 | 18.5399 | 18.44   | 18.525  | 581505           |              0 |                0 |            0 |           0 |       0 |            0 |
+---------+---------------------------+---------+---------+---------+---------+------------------+----------------+------------------+--------------+-------------+---------+--------------+
|     116 | 2023-11-07 12:40:00-05:00 | 18.5299 | 18.5485 | 18.48   | 18.5372 | 361838           |              0 |                0 |            0 |           0 |       0 |            0 |
+---------+---------------------------+---------+---------+---------+---------+------------------+----------------+------------------+--------------+-------------+---------+--------------+
|     117 | 2023-11-07 12:45:00-05:00 | 18.535  | 18.59   | 18.4811 | 18.5    | 609088           |              0 |                0 |            0 |           0 |       0 |            0 |
+---------+---------------------------+---------+---------+---------+---------+------------------+----------------+------------------+--------------+-------------+---------+--------------+
|     118 | 2023-11-07 12:50:00-05:00 | 18.5    | 18.54   | 18.47   | 18.5199 | 435277           |              0 |                0 |            0 |           0 |       0 |            0 |
+---------+---------------------------+---------+---------+---------+---------+------------------+----------------+------------------+--------------+-------------+---------+--------------+
|     119 | 2023-11-07 12:55:00-05:00 | 18.52   | 18.58   | 18.4901 | 18.57   | 309979           |              1 |                0 |            0 |           0 |       1 |            1 |
+---------+---------------------------+---------+---------+---------+---------+------------------+----------------+------------------+--------------+-------------+---------+--------------+
|     120 | 2023-11-07 13:00:00-05:00 | 18.5712 | 18.62   | 18.54   | 18.5525 | 630352           |              1 |                0 |            0 |           0 |       1 |            0 |
+---------+---------------------------+---------+---------+---------+---------+------------------+----------------+------------------+--------------+-------------+---------+--------------+
|     121 | 2023-11-07 13:05:00-05:00 | 18.56   | 18.6399 | 18.5401 | 18.63   | 428626           |              1 |                0 |            1 |           0 |       2 |            1 |
+---------+---------------------------+---------+---------+---------+---------+------------------+----------------+------------------+--------------+-------------+---------+--------------+
|     122 | 2023-11-07 13:10:00-05:00 | 18.63   | 18.66   | 18.6101 | 18.65   | 359943           |              1 |                0 |            1 |           0 |       2 |            0 |
+---------+---------------------------+---------+---------+---------+---------+------------------+----------------+------------------+--------------+-------------+---------+--------------+
|     123 | 2023-11-07 13:15:00-05:00 | 18.64   | 18.69   | 18.6224 | 18.6826 | 448555           |              1 |                0 |            1 |           0 |       2 |            0 |
+---------+---------------------------+---------+---------+---------+---------+------------------+----------------+------------------+--------------+-------------+---------+--------------+
|     124 | 2023-11-07 13:20:00-05:00 | 18.6801 | 18.7099 | 18.6    | 18.665  | 813730           |              1 |                0 |            1 |           0 |       2 |            0 |
+---------+---------------------------+---------+---------+---------+---------+------------------+----------------+------------------+--------------+-------------+---------+--------------+
|     125 | 2023-11-07 13:25:00-05:00 | 18.6618 | 18.6799 | 18.6125 | 18.6125 | 316599           |              1 |                0 |            1 |           0 |       2 |            0 |
+---------+---------------------------+---------+---------+---------+---------+------------------+----------------+------------------+--------------+-------------+---------+--------------+
|     126 | 2023-11-07 13:30:00-05:00 | 18.62   | 18.6695 | 18.62   | 18.64   | 370171           |              1 |                0 |            1 |           0 |       2 |            0 |
+---------+---------------------------+---------+---------+---------+---------+------------------+----------------+------------------+--------------+-------------+---------+--------------+
|     127 | 2023-11-07 13:35:00-05:00 | 18.65   | 18.67   | 18.63   | 18.6611 | 353980           |              1 |                0 |            1 |           0 |       2 |            0 |
+---------+---------------------------+---------+---------+---------+---------+------------------+----------------+------------------+--------------+-------------+---------+--------------+
|     128 | 2023-11-07 13:40:00-05:00 | 18.6699 | 18.6699 | 18.6001 | 18.62   | 336170           |              1 |                0 |            1 |           0 |       2 |            0 |
+---------+---------------------------+---------+---------+---------+---------+------------------+----------------+------------------+--------------+-------------+---------+--------------+
|     129 | 2023-11-07 13:45:00-05:00 | 18.62   | 18.69   | 18.62   | 18.665  | 346681           |              1 |                0 |            1 |           1 |       3 |            1 |
+---------+---------------------------+---------+---------+---------+---------+------------------+----------------+------------------+--------------+-------------+---------+--------------+
|     130 | 2023-11-07 13:50:00-05:00 | 18.6678 | 18.7    | 18.64   | 18.65   | 466014           |              1 |                0 |            1 |           1 |       3 |            0 |
+---------+---------------------------+---------+---------+---------+---------+------------------+----------------+------------------+--------------+-------------+---------+--------------+
|     131 | 2023-11-07 13:55:00-05:00 | 18.65   | 18.6759 | 18.61   | 18.6234 | 351594           |              1 |                0 |            1 |           1 |       3 |            0 |
+---------+---------------------------+---------+---------+---------+---------+------------------+----------------+------------------+--------------+-------------+---------+--------------+
|     132 | 2023-11-07 14:00:00-05:00 | 18.6299 | 18.68   | 18.625  | 18.65   | 220032           |              1 |                0 |            1 |           0 |       2 |           -1 |
+---------+---------------------------+---------+---------+---------+---------+------------------+----------------+------------------+--------------+-------------+---------+--------------+
|     133 | 2023-11-07 14:05:00-05:00 | 18.65   | 18.655  | 18.59   | 18.6235 | 365480           |              0 |                0 |            0 |           0 |       0 |           -2 |
+---------+---------------------------+---------+---------+---------+---------+------------------+----------------+------------------+--------------+-------------+---------+--------------+
|     134 | 2023-11-07 14:10:00-05:00 | 18.6292 | 18.6681 | 18.61   | 18.615  | 282070           |              0 |                0 |            0 |           0 |       0 |            0 |
+---------+---------------------------+---------+---------+---------+---------+------------------+----------------+------------------+--------------+-------------+---------+--------------+
|     135 | 2023-11-07 14:15:00-05:00 | 18.6199 | 18.6699 | 18.6    | 18.6634 | 192281           |              0 |                0 |            0 |           0 |       0 |            0 |
+---------+---------------------------+---------+---------+---------+---------+------------------+----------------+------------------+--------------+-------------+---------+--------------+
|     136 | 2023-11-07 14:20:00-05:00 | 18.661  | 18.69   | 18.6501 | 18.675  | 393265           |              0 |                0 |            1 |           0 |       1 |            1 |
+---------+---------------------------+---------+---------+---------+---------+------------------+----------------+------------------+--------------+-------------+---------+--------------+
|     137 | 2023-11-07 14:25:00-05:00 | 18.675  | 18.68   | 18.635  | 18.665  | 169937           |              0 |                0 |            1 |           1 |       2 |            1 |
+---------+---------------------------+---------+---------+---------+---------+------------------+----------------+------------------+--------------+-------------+---------+--------------+
|     138 | 2023-11-07 14:30:00-05:00 | 18.67   | 18.71   | 18.67   | 18.7    | 452083           |              0 |                0 |            1 |           1 |       2 |            0 |
+---------+---------------------------+---------+---------+---------+---------+------------------+----------------+------------------+--------------+-------------+---------+--------------+
|     139 | 2023-11-07 14:35:00-05:00 | 18.695  | 18.74   | 18.675  | 18.675  | 573613           |              1 |                0 |            1 |           1 |       3 |            1 |
+---------+---------------------------+---------+---------+---------+---------+------------------+----------------+------------------+--------------+-------------+---------+--------------+
|     140 | 2023-11-07 14:40:00-05:00 | 18.68   | 18.6868 | 18.5717 | 18.61   | 508301           |              0 |                0 |            0 |           1 |       1 |           -2 |
+---------+---------------------------+---------+---------+---------+---------+------------------+----------------+------------------+--------------+-------------+---------+--------------+
|     141 | 2023-11-07 14:45:00-05:00 | 18.65   | 18.66   | 18.59   | 18.605  | 312525           |              0 |                0 |            0 |           1 |       1 |            0 |
+---------+---------------------------+---------+---------+---------+---------+------------------+----------------+------------------+--------------+-------------+---------+--------------+
|     142 | 2023-11-07 14:50:00-05:00 | 18.6    | 18.61   | 18.5739 | 18.591  | 322446           |              0 |                0 |            0 |           1 |       1 |            0 |
+---------+---------------------------+---------+---------+---------+---------+------------------+----------------+------------------+--------------+-------------+---------+--------------+
|     143 | 2023-11-07 14:55:00-05:00 | 18.5932 | 18.64   | 18.59   | 18.6299 | 352127           |              0 |                0 |            0 |           1 |       1 |            0 |
+---------+---------------------------+---------+---------+---------+---------+------------------+----------------+------------------+--------------+-------------+---------+--------------+
|     144 | 2023-11-07 15:00:00-05:00 | 18.63   | 18.635  | 18.5512 | 18.5603 | 588824           |              0 |                0 |            0 |           0 |       0 |           -1 |
+---------+---------------------------+---------+---------+---------+---------+------------------+----------------+------------------+--------------+-------------+---------+--------------+
|     145 | 2023-11-07 15:05:00-05:00 | 18.5699 | 18.6    | 18.54   | 18.595  | 559699           |              0 |                0 |            0 |           0 |       0 |            0 |
+---------+---------------------------+---------+---------+---------+---------+------------------+----------------+------------------+--------------+-------------+---------+--------------+
|     146 | 2023-11-07 15:10:00-05:00 | 18.6    | 18.6481 | 18.57   | 18.6416 | 516917           |              0 |                0 |            0 |           0 |       0 |            0 |
+---------+---------------------------+---------+---------+---------+---------+------------------+----------------+------------------+--------------+-------------+---------+--------------+
|     147 | 2023-11-07 15:15:00-05:00 | 18.64   | 18.68   | 18.61   | 18.6778 | 400811           |              1 |                0 |            0 |           0 |       1 |            1 |
+---------+---------------------------+---------+---------+---------+---------+------------------+----------------+------------------+--------------+-------------+---------+--------------+
|     148 | 2023-11-07 15:20:00-05:00 | 18.67   | 18.7278 | 18.63   | 18.725  | 755782           |              1 |                0 |            1 |           0 |       2 |            1 |
+---------+---------------------------+---------+---------+---------+---------+------------------+----------------+------------------+--------------+-------------+---------+--------------+
|     149 | 2023-11-07 15:25:00-05:00 | 18.72   | 18.74   | 18.705  | 18.7235 | 484095           |              1 |                0 |            1 |           0 |       2 |            0 |
+---------+---------------------------+---------+---------+---------+---------+------------------+----------------+------------------+--------------+-------------+---------+--------------+
|     150 | 2023-11-07 15:30:00-05:00 | 18.73   | 18.755  | 18.72   | 18.733  | 400559           |              1 |                0 |            1 |           0 |       2 |            0 |
+---------+---------------------------+---------+---------+---------+---------+------------------+----------------+------------------+--------------+-------------+---------+--------------+
|     151 | 2023-11-07 15:35:00-05:00 | 18.73   | 18.76   | 18.72   | 18.7574 | 273061           |              1 |                0 |            1 |           1 |       3 |            1 |
+---------+---------------------------+---------+---------+---------+---------+------------------+----------------+------------------+--------------+-------------+---------+--------------+
|     152 | 2023-11-07 15:40:00-05:00 | 18.7503 | 18.7503 | 18.71   | 18.74   | 395044           |              1 |                0 |            1 |           1 |       3 |            0 |
+---------+---------------------------+---------+---------+---------+---------+------------------+----------------+------------------+--------------+-------------+---------+--------------+
|     153 | 2023-11-07 15:45:00-05:00 | 18.74   | 18.76   | 18.67   | 18.7    | 721516           |              0 |                0 |            1 |           1 |       2 |           -1 |
+---------+---------------------------+---------+---------+---------+---------+------------------+----------------+------------------+--------------+-------------+---------+--------------+
|     154 | 2023-11-07 15:50:00-05:00 | 18.7    | 18.7    | 18.57   | 18.6    |      1.04664e+06 |              0 |                0 |            0 |           0 |       0 |           -2 |
+---------+---------------------------+---------+---------+---------+---------+------------------+----------------+------------------+--------------+-------------+---------+--------------+
|     155 | 2023-11-07 15:55:00-05:00 | 18.6    | 18.62   | 18.54   | 18.6    |      1.3487e+06  |              0 |                0 |            0 |           0 |       0 |            0 |
+---------+---------------------------+---------+---------+---------+---------+------------------+----------------+------------------+--------------+-------------+---------+--------------+
|     156 | 2023-11-08 09:30:00-05:00 | 18.66   | 18.75   | 18.49   | 18.7496 |      3.67746e+06 |              1 |                0 |            0 |           0 |       1 |            1 |
+---------+---------------------------+---------+---------+---------+---------+------------------+----------------+------------------+--------------+-------------+---------+--------------+
|     157 | 2023-11-08 09:35:00-05:00 | 18.745  | 18.8999 | 18.7    | 18.8802 |      1.86898e+06 |              1 |                0 |            1 |           0 |       2 |            1 |
+---------+---------------------------+---------+---------+---------+---------+------------------+----------------+------------------+--------------+-------------+---------+--------------+
|     158 | 2023-11-08 09:40:00-05:00 | 18.88   | 18.9    | 18.76   | 18.7982 |      1.56855e+06 |              1 |                0 |            1 |           1 |       3 |            1 |
+---------+---------------------------+---------+---------+---------+---------+------------------+----------------+------------------+--------------+-------------+---------+--------------+
|     159 | 2023-11-08 09:45:00-05:00 | 18.8    | 18.9    | 18.72   | 18.74   |      1.71056e+06 |              1 |                0 |            1 |           1 |       3 |            0 |
+---------+---------------------------+---------+---------+---------+---------+------------------+----------------+------------------+--------------+-------------+---------+--------------+
|     160 | 2023-11-08 09:50:00-05:00 | 18.745  | 18.96   | 18.7401 | 18.899  |      1.2864e+06  |              1 |                0 |            1 |           1 |       3 |            0 |
+---------+---------------------------+---------+---------+---------+---------+------------------+----------------+------------------+--------------+-------------+---------+--------------+
|     161 | 2023-11-08 09:55:00-05:00 | 18.9    | 18.91   | 18.65   | 18.715  |      1.13033e+06 |              0 |                0 |            1 |           1 |       2 |           -1 |
+---------+---------------------------+---------+---------+---------+---------+------------------+----------------+------------------+--------------+-------------+---------+--------------+
|     162 | 2023-11-08 10:00:00-05:00 | 18.72   | 18.73   | 18.5    | 18.52   |      1.31437e+06 |              0 |                0 |            0 |           1 |       1 |           -1 |
+---------+---------------------------+---------+---------+---------+---------+------------------+----------------+------------------+--------------+-------------+---------+--------------+
|     163 | 2023-11-08 10:05:00-05:00 | 18.52   | 18.67   | 18.49   | 18.655  |      1.01882e+06 |              0 |                0 |            0 |           1 |       1 |            0 |
+---------+---------------------------+---------+---------+---------+---------+------------------+----------------+------------------+--------------+-------------+---------+--------------+
|     164 | 2023-11-08 10:10:00-05:00 | 18.6504 | 18.68   | 18.55   | 18.5799 | 733908           |              0 |                0 |            0 |           1 |       1 |            0 |
+---------+---------------------------+---------+---------+---------+---------+------------------+----------------+------------------+--------------+-------------+---------+--------------+
|     165 | 2023-11-08 10:15:00-05:00 | 18.57   | 18.6442 | 18.53   | 18.6003 | 632445           |              0 |                0 |            0 |           1 |       1 |            0 |
+---------+---------------------------+---------+---------+---------+---------+------------------+----------------+------------------+--------------+-------------+---------+--------------+
|     166 | 2023-11-08 10:20:00-05:00 | 18.605  | 18.6199 | 18.49   | 18.5392 | 720078           |              0 |                0 |            0 |           1 |       1 |            0 |
+---------+---------------------------+---------+---------+---------+---------+------------------+----------------+------------------+--------------+-------------+---------+--------------+
|     167 | 2023-11-08 10:25:00-05:00 | 18.535  | 18.55   | 18.49   | 18.5299 | 503021           |              0 |                0 |            0 |           1 |       1 |            0 |
+---------+---------------------------+---------+---------+---------+---------+------------------+----------------+------------------+--------------+-------------+---------+--------------+
|     168 | 2023-11-08 10:30:00-05:00 | 18.52   | 18.6    | 18.505  | 18.5963 | 650314           |              1 |                0 |            0 |           1 |       2 |            1 |
+---------+---------------------------+---------+---------+---------+---------+------------------+----------------+------------------+--------------+-------------+---------+--------------+
|     169 | 2023-11-08 10:35:00-05:00 | 18.59   | 18.61   | 18.49   | 18.4952 | 820921           |              0 |                0 |            0 |           1 |       1 |           -1 |
+---------+---------------------------+---------+---------+---------+---------+------------------+----------------+------------------+--------------+-------------+---------+--------------+
|     170 | 2023-11-08 10:40:00-05:00 | 18.495  | 18.5099 | 18.42   | 18.49   |      1.12426e+06 |              0 |                0 |            0 |           1 |       1 |            0 |
+---------+---------------------------+---------+---------+---------+---------+------------------+----------------+------------------+--------------+-------------+---------+--------------+
|     171 | 2023-11-08 10:45:00-05:00 | 18.4903 | 18.51   | 18.46   | 18.5    | 661849           |              0 |                0 |            0 |           1 |       1 |            0 |
+---------+---------------------------+---------+---------+---------+---------+------------------+----------------+------------------+--------------+-------------+---------+--------------+
|     172 | 2023-11-08 10:50:00-05:00 | 18.5    | 18.5012 | 18.43   | 18.45   | 670233           |              0 |                0 |            0 |           1 |       1 |            0 |
+---------+---------------------------+---------+---------+---------+---------+------------------+----------------+------------------+--------------+-------------+---------+--------------+
|     173 | 2023-11-08 10:55:00-05:00 | 18.4599 | 18.5296 | 18.42   | 18.4424 | 696656           |              0 |                0 |            0 |           0 |       0 |           -1 |
+---------+---------------------------+---------+---------+---------+---------+------------------+----------------+------------------+--------------+-------------+---------+--------------+
|     174 | 2023-11-08 11:00:00-05:00 | 18.45   | 18.51   | 18.4198 | 18.4895 | 617875           |              0 |                0 |            0 |           0 |       0 |            0 |
+---------+---------------------------+---------+---------+---------+---------+------------------+----------------+------------------+--------------+-------------+---------+--------------+
|     175 | 2023-11-08 11:05:00-05:00 | 18.49   | 18.505  | 18.4165 | 18.43   | 416596           |              0 |                0 |            0 |           0 |       0 |            0 |
+---------+---------------------------+---------+---------+---------+---------+------------------+----------------+------------------+--------------+-------------+---------+--------------+
|     176 | 2023-11-08 11:10:00-05:00 | 18.425  | 18.51   | 18.425  | 18.4979 | 479799           |              1 |                0 |            0 |           0 |       1 |            1 |
+---------+---------------------------+---------+---------+---------+---------+------------------+----------------+------------------+--------------+-------------+---------+--------------+
|     177 | 2023-11-08 11:15:00-05:00 | 18.495  | 18.5699 | 18.47   | 18.56   | 612032           |              1 |                0 |            0 |           0 |       1 |            0 |
+---------+---------------------------+---------+---------+---------+---------+------------------+----------------+------------------+--------------+-------------+---------+--------------+
|     178 | 2023-11-08 11:20:00-05:00 | 18.56   | 18.58   | 18.49   | 18.53   | 719128           |              1 |                0 |            1 |           0 |       2 |            1 |
+---------+---------------------------+---------+---------+---------+---------+------------------+----------------+------------------+--------------+-------------+---------+--------------+
|     179 | 2023-11-08 11:25:00-05:00 | 18.54   | 18.54   | 18.48   | 18.51   | 293965           |              1 |                0 |            1 |           0 |       2 |            0 |
+---------+---------------------------+---------+---------+---------+---------+------------------+----------------+------------------+--------------+-------------+---------+--------------+
|     180 | 2023-11-08 11:30:00-05:00 | 18.51   | 18.61   | 18.5    | 18.57   |      1.09566e+06 |              1 |                0 |            1 |           0 |       2 |            0 |
+---------+---------------------------+---------+---------+---------+---------+------------------+----------------+------------------+--------------+-------------+---------+--------------+
|     181 | 2023-11-08 11:35:00-05:00 | 18.5722 | 18.67   | 18.572  | 18.6201 | 943512           |              1 |                0 |            1 |           0 |       2 |            0 |
+---------+---------------------------+---------+---------+---------+---------+------------------+----------------+------------------+--------------+-------------+---------+--------------+
|     182 | 2023-11-08 11:40:00-05:00 | 18.62   | 18.665  | 18.58   | 18.6401 | 990500           |              1 |                0 |            1 |           0 |       2 |            0 |
+---------+---------------------------+---------+---------+---------+---------+------------------+----------------+------------------+--------------+-------------+---------+--------------+
|     183 | 2023-11-08 11:45:00-05:00 | 18.645  | 18.7    | 18.63   | 18.64   | 560501           |              1 |                0 |            1 |           1 |       3 |            1 |
+---------+---------------------------+---------+---------+---------+---------+------------------+----------------+------------------+--------------+-------------+---------+--------------+
|     184 | 2023-11-08 11:50:00-05:00 | 18.65   | 18.6583 | 18.6    | 18.645  |      1.02736e+06 |              1 |                0 |            1 |           1 |       3 |            0 |
+---------+---------------------------+---------+---------+---------+---------+------------------+----------------+------------------+--------------+-------------+---------+--------------+
|     185 | 2023-11-08 11:55:00-05:00 | 18.64   | 18.6699 | 18.56   | 18.5636 | 642131           |              1 |                0 |            1 |           1 |       3 |            0 |
+---------+---------------------------+---------+---------+---------+---------+------------------+----------------+------------------+--------------+-------------+---------+--------------+
|     186 | 2023-11-08 12:00:00-05:00 | 18.561  | 18.59   | 18.5032 | 18.5142 |      1.11576e+06 |              1 |                0 |            1 |           1 |       3 |            0 |
+---------+---------------------------+---------+---------+---------+---------+------------------+----------------+------------------+--------------+-------------+---------+--------------+
|     187 | 2023-11-08 12:05:00-05:00 | 18.52   | 18.52   | 18.281  | 18.375  |      1.4528e+06  |              0 |                0 |            0 |           1 |       1 |           -2 |
+---------+---------------------------+---------+---------+---------+---------+------------------+----------------+------------------+--------------+-------------+---------+--------------+
|     188 | 2023-11-08 12:10:00-05:00 | 18.375  | 18.455  | 18.36   | 18.41   | 821206           |              0 |                0 |            0 |           1 |       1 |            0 |
+---------+---------------------------+---------+---------+---------+---------+------------------+----------------+------------------+--------------+-------------+---------+--------------+
|     189 | 2023-11-08 12:15:00-05:00 | 18.4    | 18.4684 | 18.3889 | 18.44   | 335502           |              1 |                0 |            0 |           0 |       1 |            0 |
+---------+---------------------------+---------+---------+---------+---------+------------------+----------------+------------------+--------------+-------------+---------+--------------+
|     190 | 2023-11-08 12:20:00-05:00 | 18.4601 | 18.47   | 18.42   | 18.4591 | 212634           |              0 |                0 |            0 |           0 |       0 |           -1 |
+---------+---------------------------+---------+---------+---------+---------+------------------+----------------+------------------+--------------+-------------+---------+--------------+
|     191 | 2023-11-08 12:25:00-05:00 | 18.4599 | 18.47   | 18.43   | 18.46   | 231571           |              0 |                0 |            0 |           0 |       0 |            0 |
+---------+---------------------------+---------+---------+---------+---------+------------------+----------------+------------------+--------------+-------------+---------+--------------+
|     192 | 2023-11-08 12:30:00-05:00 | 18.455  | 18.478  | 18.4299 | 18.47   | 288546           |              0 |                0 |            0 |           0 |       0 |            0 |
+---------+---------------------------+---------+---------+---------+---------+------------------+----------------+------------------+--------------+-------------+---------+--------------+
|     193 | 2023-11-08 12:35:00-05:00 | 18.46   | 18.54   | 18.4399 | 18.53   | 267205           |              1 |                0 |            0 |           0 |       1 |            1 |
+---------+---------------------------+---------+---------+---------+---------+------------------+----------------+------------------+--------------+-------------+---------+--------------+
|     194 | 2023-11-08 12:40:00-05:00 | 18.52   | 18.5299 | 18.47   | 18.501  | 321690           |              0 |                0 |            1 |           0 |       1 |            0 |
+---------+---------------------------+---------+---------+---------+---------+------------------+----------------+------------------+--------------+-------------+---------+--------------+
|     195 | 2023-11-08 12:45:00-05:00 | 18.501  | 18.53   | 18.475  | 18.525  | 242067           |              0 |                0 |            1 |           0 |       1 |            0 |
+---------+---------------------------+---------+---------+---------+---------+------------------+----------------+------------------+--------------+-------------+---------+--------------+
|     196 | 2023-11-08 12:50:00-05:00 | 18.525  | 18.55   | 18.5    | 18.5381 | 229818           |              0 |                0 |            1 |           0 |       1 |            0 |
+---------+---------------------------+---------+---------+---------+---------+------------------+----------------+------------------+--------------+-------------+---------+--------------+
|     197 | 2023-11-08 12:55:00-05:00 | 18.535  | 18.54   | 18.4817 | 18.51   | 169541           |              0 |                0 |            1 |           0 |       1 |            0 |
+---------+---------------------------+---------+---------+---------+---------+------------------+----------------+------------------+--------------+-------------+---------+--------------+
|     198 | 2023-11-08 13:00:00-05:00 | 18.5    | 18.61   | 18.46   | 18.565  |      1.03823e+06 |              0 |                0 |            1 |           0 |       1 |            0 |
+---------+---------------------------+---------+---------+---------+---------+------------------+----------------+------------------+--------------+-------------+---------+--------------+
|     199 | 2023-11-08 13:05:00-05:00 | 18.568  | 18.64   | 18.565  | 18.6197 | 532630           |              1 |                0 |            1 |           0 |       2 |            1 |
+---------+---------------------------+---------+---------+---------+---------+------------------+----------------+------------------+--------------+-------------+---------+--------------+
|     200 | 2023-11-08 13:10:00-05:00 | 18.6106 | 18.619  | 18.5201 | 18.525  |      3.76322e+07 |              1 |                0 |            1 |           0 |       2 |            0 |
+---------+---------------------------+---------+---------+---------+---------+------------------+----------------+------------------+--------------+-------------+---------+--------------+
|     201 | 2023-11-08 13:15:00-05:00 | 18.53   | 18.56   | 18.5    | 18.51   | 395016           |              1 |                0 |            1 |           0 |       2 |            0 |
+---------+---------------------------+---------+---------+---------+---------+------------------+----------------+------------------+--------------+-------------+---------+--------------+
|     202 | 2023-11-08 13:20:00-05:00 | 18.519  | 18.59   | 18.47   | 18.5801 | 540047           |              1 |                0 |            1 |           0 |       2 |            0 |
+---------+---------------------------+---------+---------+---------+---------+------------------+----------------+------------------+--------------+-------------+---------+--------------+
|     203 | 2023-11-08 13:25:00-05:00 | 18.58   | 18.62   | 18.5699 | 18.6001 | 300591           |              1 |                0 |            1 |           0 |       2 |            0 |
+---------+---------------------------+---------+---------+---------+---------+------------------+----------------+------------------+--------------+-------------+---------+--------------+
|     204 | 2023-11-08 13:30:00-05:00 | 18.608  | 18.63   | 18.59   | 18.6025 | 350484           |              1 |                0 |            1 |           0 |       2 |            0 |
+---------+---------------------------+---------+---------+---------+---------+------------------+----------------+------------------+--------------+-------------+---------+--------------+
|     205 | 2023-11-08 13:35:00-05:00 | 18.605  | 18.65   | 18.6    | 18.619  | 337518           |              1 |                0 |            1 |           0 |       2 |            0 |
+---------+---------------------------+---------+---------+---------+---------+------------------+----------------+------------------+--------------+-------------+---------+--------------+
|     206 | 2023-11-08 13:40:00-05:00 | 18.615  | 18.6385 | 18.61   | 18.62   | 264790           |              1 |                0 |            1 |           0 |       2 |            0 |
+---------+---------------------------+---------+---------+---------+---------+------------------+----------------+------------------+--------------+-------------+---------+--------------+
|     207 | 2023-11-08 13:45:00-05:00 | 18.615  | 18.65   | 18.605  | 18.635  | 204928           |              1 |                0 |            1 |           0 |       2 |            0 |
+---------+---------------------------+---------+---------+---------+---------+------------------+----------------+------------------+--------------+-------------+---------+--------------+
|     208 | 2023-11-08 13:50:00-05:00 | 18.64   | 18.67   | 18.61   | 18.645  | 401705           |              1 |                0 |            1 |           0 |       2 |            0 |
+---------+---------------------------+---------+---------+---------+---------+------------------+----------------+------------------+--------------+-------------+---------+--------------+
|     209 | 2023-11-08 13:55:00-05:00 | 18.641  | 18.66   | 18.61   | 18.63   | 290099           |              1 |                0 |            1 |           0 |       2 |            0 |
+---------+---------------------------+---------+---------+---------+---------+------------------+----------------+------------------+--------------+-------------+---------+--------------+
|     210 | 2023-11-08 14:00:00-05:00 | 18.63   | 18.695  | 18.61   | 18.68   | 414073           |              1 |                0 |            1 |           0 |       2 |            0 |
+---------+---------------------------+---------+---------+---------+---------+------------------+----------------+------------------+--------------+-------------+---------+--------------+
|     211 | 2023-11-08 14:05:00-05:00 | 18.68   | 18.74   | 18.6728 | 18.73   | 459965           |              1 |                0 |            1 |           0 |       2 |            0 |
+---------+---------------------------+---------+---------+---------+---------+------------------+----------------+------------------+--------------+-------------+---------+--------------+
|     212 | 2023-11-08 14:10:00-05:00 | 18.72   | 18.73   | 18.65   | 18.66   | 466658           |              0 |                0 |            1 |           1 |       2 |            0 |
+---------+---------------------------+---------+---------+---------+---------+------------------+----------------+------------------+--------------+-------------+---------+--------------+
|     213 | 2023-11-08 14:15:00-05:00 | 18.66   | 18.71   | 18.66   | 18.665  | 280059           |              0 |                0 |            1 |           0 |       1 |           -1 |
+---------+---------------------------+---------+---------+---------+---------+------------------+----------------+------------------+--------------+-------------+---------+--------------+
|     214 | 2023-11-08 14:20:00-05:00 | 18.6701 | 18.7    | 18.67   | 18.68   | 192698           |              1 |                0 |            1 |           0 |       2 |            1 |
+---------+---------------------------+---------+---------+---------+---------+------------------+----------------+------------------+--------------+-------------+---------+--------------+
|     215 | 2023-11-08 14:25:00-05:00 | 18.67   | 18.684  | 18.65   | 18.6632 | 222367           |              1 |                0 |            1 |           0 |       2 |            0 |
+---------+---------------------------+---------+---------+---------+---------+------------------+----------------+------------------+--------------+-------------+---------+--------------+
|     216 | 2023-11-08 14:30:00-05:00 | 18.665  | 18.72   | 18.64   | 18.655  | 632537           |              0 |                0 |            1 |           0 |       1 |           -1 |
+---------+---------------------------+---------+---------+---------+---------+------------------+----------------+------------------+--------------+-------------+---------+--------------+
|     217 | 2023-11-08 14:35:00-05:00 | 18.6504 | 18.73   | 18.6301 | 18.72   | 471291           |              1 |                0 |            1 |           1 |       3 |            2 |
+---------+---------------------------+---------+---------+---------+---------+------------------+----------------+------------------+--------------+-------------+---------+--------------+
|     218 | 2023-11-08 14:40:00-05:00 | 18.7218 | 18.74   | 18.67   | 18.7235 | 391134           |              1 |                0 |            1 |           1 |       3 |            0 |
+---------+---------------------------+---------+---------+---------+---------+------------------+----------------+------------------+--------------+-------------+---------+--------------+
|     219 | 2023-11-08 14:45:00-05:00 | 18.7208 | 18.73   | 18.68   | 18.68   | 236312           |              0 |                0 |            1 |           1 |       2 |           -1 |
+---------+---------------------------+---------+---------+---------+---------+------------------+----------------+------------------+--------------+-------------+---------+--------------+
|     220 | 2023-11-08 14:50:00-05:00 | 18.68   | 18.68   | 18.64   | 18.67   | 274617           |              0 |                0 |            1 |           1 |       2 |            0 |
+---------+---------------------------+---------+---------+---------+---------+------------------+----------------+------------------+--------------+-------------+---------+--------------+
|     221 | 2023-11-08 14:55:00-05:00 | 18.66   | 18.67   | 18.56   | 18.5688 | 409936           |              0 |                0 |            0 |           1 |       1 |           -1 |
+---------+---------------------------+---------+---------+---------+---------+------------------+----------------+------------------+--------------+-------------+---------+--------------+
|     222 | 2023-11-08 15:00:00-05:00 | 18.57   | 18.6    | 18.55   | 18.59   | 368281           |              0 |                0 |            0 |           1 |       1 |            0 |
+---------+---------------------------+---------+---------+---------+---------+------------------+----------------+------------------+--------------+-------------+---------+--------------+
|     223 | 2023-11-08 15:05:00-05:00 | 18.59   | 18.6    | 18.55   | 18.55   | 232819           |              0 |                0 |            0 |           0 |       0 |           -1 |
+---------+---------------------------+---------+---------+---------+---------+------------------+----------------+------------------+--------------+-------------+---------+--------------+
|     224 | 2023-11-08 15:10:00-05:00 | 18.56   | 18.5903 | 18.51   | 18.5903 | 354120           |              0 |                0 |            0 |           0 |       0 |            0 |
+---------+---------------------------+---------+---------+---------+---------+------------------+----------------+------------------+--------------+-------------+---------+--------------+
|     225 | 2023-11-08 15:15:00-05:00 | 18.595  | 18.635  | 18.5869 | 18.62   | 230030           |              0 |                0 |            0 |           0 |       0 |            0 |
+---------+---------------------------+---------+---------+---------+---------+------------------+----------------+------------------+--------------+-------------+---------+--------------+
|     226 | 2023-11-08 15:20:00-05:00 | 18.62   | 18.6619 | 18.6099 | 18.6619 | 226344           |              0 |                0 |            0 |           0 |       0 |            0 |
+---------+---------------------------+---------+---------+---------+---------+------------------+----------------+------------------+--------------+-------------+---------+--------------+
|     227 | 2023-11-08 15:25:00-05:00 | 18.66   | 18.6899 | 18.6435 | 18.66   | 321857           |              0 |                0 |            0 |           0 |       0 |            0 |
+---------+---------------------------+---------+---------+---------+---------+------------------+----------------+------------------+--------------+-------------+---------+--------------+
|     228 | 2023-11-08 15:30:00-05:00 | 18.67   | 18.67   | 18.6142 | 18.62   | 282095           |              0 |                0 |            0 |           0 |       0 |            0 |
+---------+---------------------------+---------+---------+---------+---------+------------------+----------------+------------------+--------------+-------------+---------+--------------+
|     229 | 2023-11-08 15:35:00-05:00 | 18.625  | 18.68   | 18.62   | 18.665  | 297863           |              0 |                0 |            0 |           0 |       0 |            0 |
+---------+---------------------------+---------+---------+---------+---------+------------------+----------------+------------------+--------------+-------------+---------+--------------+
|     230 | 2023-11-08 15:40:00-05:00 | 18.67   | 18.74   | 18.66   | 18.725  | 526983           |              1 |                0 |            1 |           0 |       2 |            2 |
+---------+---------------------------+---------+---------+---------+---------+------------------+----------------+------------------+--------------+-------------+---------+--------------+
|     231 | 2023-11-08 15:45:00-05:00 | 18.725  | 18.7278 | 18.64   | 18.64   | 373635           |              0 |                0 |            1 |           0 |       1 |           -1 |
+---------+---------------------------+---------+---------+---------+---------+------------------+----------------+------------------+--------------+-------------+---------+--------------+
|     232 | 2023-11-08 15:50:00-05:00 | 18.64   | 18.705  | 18.62   | 18.6547 | 786445           |              0 |                0 |            1 |           0 |       1 |            0 |
+---------+---------------------------+---------+---------+---------+---------+------------------+----------------+------------------+--------------+-------------+---------+--------------+
|     233 | 2023-11-08 15:55:00-05:00 | 18.65   | 18.7022 | 18.65   | 18.676  | 964828           |              1 |                0 |            1 |           0 |       2 |            1 |
+---------+---------------------------+---------+---------+---------+---------+------------------+----------------+------------------+--------------+-------------+---------+--------------+

  Buy Price  Buy Time                     Sell Price  Sell Time                     Profit    Trade Length
-----------  -------------------------  ------------  -------------------------  ---------  --------------
    18.4099  2023-11-07 12:25:00-05:00       18.57    2023-11-07 12:55:00-05:00  0.160099                6
    18.6235  2023-11-07 14:05:00-05:00       18.675   2023-11-07 14:20:00-05:00  0.0514984               3
    18.5603  2023-11-07 15:00:00-05:00       18.6778  2023-11-07 15:15:00-05:00  0.117498                3
    18.6     2023-11-07 15:50:00-05:00       18.7496  2023-11-08 09:30:00-05:00  0.149599                2
    18.4424  2023-11-08 10:55:00-05:00       18.4979  2023-11-08 11:10:00-05:00  0.0555                  3
    18.4591  2023-11-08 12:20:00-05:00       18.53    2023-11-08 12:35:00-05:00  0.0709                  3
    18.55    2023-11-08 15:05:00-05:00       18.725   2023-11-08 15:40:00-05:00  0.175001                7
Total Profit: 0.7800960540771484 Median Trade Length: 3.0 Average Trade Length: 3.857142857142857
