Trading Output for tqqq for the last 300 days
+---------+---------------------------+---------+---------+---------+---------+-------------+----------------+------------------+--------------+-------------+---------+--------------+----------+---------+
|   Index | Timestamp                 |    Open |    High |     Low |   Close |      Volume |   RSIEMA Cross |   SMA/VWAP Cross |   MACD Cross |   KNN EMA X |   Total |   Total Diff |   KNN MA |   EMA 5 |
+=========+===========================+=========+=========+=========+=========+=============+================+==================+==============+=============+=========+==============+==========+=========+
|       1 | 2023-08-01 00:00:00-04:00 | 44.6328 | 45.0712 | 44.0548 | 44.8022 | 7.65283e+07 |              0 |                1 |            0 |           0 |       1 |            0 |  42.2512 |  0      |
+---------+---------------------------+---------+---------+---------+---------+-------------+----------------+------------------+--------------+-------------+---------+--------------+----------+---------+
|       2 | 2023-08-02 00:00:00-04:00 | 43.5366 | 43.5466 | 41.3842 | 41.8725 | 1.29022e+08 |              0 |                1 |            0 |           0 |       1 |            0 |  41.4779 |  0      |
+---------+---------------------------+---------+---------+---------+---------+-------------+----------------+------------------+--------------+-------------+---------+--------------+----------+---------+
|       3 | 2023-08-03 00:00:00-04:00 | 40.9657 | 42.311  | 40.9059 | 41.5736 | 1.0067e+08  |              0 |                1 |            0 |           0 |       1 |            0 |  41.0175 |  0      |
+---------+---------------------------+---------+---------+---------+---------+-------------+----------------+------------------+--------------+-------------+---------+--------------+----------+---------+
|       4 | 2023-08-04 00:00:00-04:00 | 42.2412 | 43.0185 | 40.8262 | 40.9956 | 1.23503e+08 |              0 |                1 |            0 |           0 |       1 |            0 |  40.6528 |  0      |
+---------+---------------------------+---------+---------+---------+---------+-------------+----------------+------------------+--------------+-------------+---------+--------------+----------+---------+
|       5 | 2023-08-07 00:00:00-04:00 | 41.5835 | 42.0519 | 40.7963 | 42.012  | 7.48961e+07 |              0 |                0 |            0 |           1 |       0 |           -1 |  40.2442 | 42.2512 |
+---------+---------------------------+---------+---------+---------+---------+-------------+----------------+------------------+--------------+-------------+---------+--------------+----------+---------+
|       6 | 2023-08-08 00:00:00-04:00 | 41.1451 | 41.1451 | 39.8596 | 40.9358 | 9.439e+07   |              0 |                1 |            0 |           1 |       1 |            1 |  39.8915 | 41.8127 |
+---------+---------------------------+---------+---------+---------+---------+-------------+----------------+------------------+--------------+-------------+---------+--------------+----------+---------+
|       7 | 2023-08-09 00:00:00-04:00 | 41.0155 | 41.0653 | 39.3115 | 39.5706 | 9.97153e+07 |              0 |                1 |            0 |           1 |       1 |            0 |  39.5068 | 41.0653 |
+---------+---------------------------+---------+---------+---------+---------+-------------+----------------+------------------+--------------+-------------+---------+--------------+----------+---------+
|       8 | 2023-08-10 00:00:00-04:00 | 40.5173 | 41.6035 | 39.2318 | 39.75   | 1.30277e+08 |              0 |                1 |            0 |           1 |       1 |            0 |  39.1361 | 40.6269 |
+---------+---------------------------+---------+---------+---------+---------+-------------+----------------+------------------+--------------+-------------+---------+--------------+----------+---------+
|       9 | 2023-08-11 00:00:00-04:00 | 38.893  | 39.5308 | 38.4645 | 38.9528 | 1.00581e+08 |              0 |                1 |            0 |           1 |       1 |            0 |  38.4745 | 40.0689 |
+---------+---------------------------+---------+---------+---------+---------+-------------+----------------+------------------+--------------+-------------+---------+--------------+----------+---------+
|      10 | 2023-08-14 00:00:00-04:00 | 38.6937 | 40.298  | 38.4645 | 40.2482 | 7.12768e+07 |              0 |                1 |            0 |           1 |       1 |            0 |  37.9384 | 40.1286 |
+---------+---------------------------+---------+---------+---------+---------+-------------+----------------+------------------+--------------+-------------+---------+--------------+----------+---------+
|      11 | 2023-08-15 00:00:00-04:00 | 39.9293 | 40.1984 | 38.7435 | 39.0126 | 8.12768e+07 |              0 |                1 |            0 |           1 |       1 |            0 |  37.4939 | 39.7566 |
+---------+---------------------------+---------+---------+---------+---------+-------------+----------------+------------------+--------------+-------------+---------+--------------+----------+---------+
|      12 | 2023-08-16 00:00:00-04:00 | 38.7834 | 39.2816 | 37.6872 | 37.7171 | 9.5111e+07  |              0 |                1 |            0 |           1 |       1 |            0 |  37.2627 | 39.0768 |
+---------+---------------------------+---------+---------+---------+---------+-------------+----------------+------------------+--------------+-------------+---------+--------------+----------+---------+
|      13 | 2023-08-17 00:00:00-04:00 | 38.1157 | 38.2254 | 36.3021 | 36.4416 | 1.05116e+08 |              0 |                1 |            0 |           1 |       1 |            0 |  37.6474 | 38.1984 |
+---------+---------------------------+---------+---------+---------+---------+-------------+----------------+------------------+--------------+-------------+---------+--------------+----------+---------+
|      14 | 2023-08-18 00:00:00-04:00 | 35.4053 | 36.6808 | 35.2458 | 36.2722 | 1.23265e+08 |              0 |                1 |            0 |           0 |       1 |            0 |  37.765  | 37.5564 |
+---------+---------------------------+---------+---------+---------+---------+-------------+----------------+------------------+--------------+-------------+---------+--------------+----------+---------+
|      15 | 2023-08-21 00:00:00-04:00 | 36.7406 | 38.2453 | 36.5811 | 38.0261 | 9.57436e+07 |              1 |                1 |            0 |           0 |       2 |            1 |  38.0918 | 37.7129 |
+---------+---------------------------+---------+---------+---------+---------+-------------+----------------+------------------+--------------+-------------+---------+--------------+----------+---------+
|      16 | 2023-08-22 00:00:00-04:00 | 38.8332 | 38.8432 | 37.6374 | 37.8567 | 9.0393e+07  |              1 |                1 |            0 |           0 |       2 |            0 |  38.2373 | 37.7608 |
+---------+---------------------------+---------+---------+---------+---------+-------------+----------------+------------------+--------------+-------------+---------+--------------+----------+---------+
|      17 | 2023-08-23 00:00:00-04:00 | 38.2154 | 39.9792 | 38.1456 | 39.6404 | 8.7727e+07  |              1 |                1 |            0 |           0 |       2 |            0 |  38.9109 | 38.3873 |
+---------+---------------------------+---------+---------+---------+---------+-------------+----------------+------------------+--------------+-------------+---------+--------------+----------+---------+
|      18 | 2023-08-24 00:00:00-04:00 | 40.7365 | 40.7664 | 36.9698 | 37.0296 | 1.16199e+08 |              1 |                1 |            0 |           0 |       2 |            0 |  39.3653 | 37.9347 |
+---------+---------------------------+---------+---------+---------+---------+-------------+----------------+------------------+--------------+-------------+---------+--------------+----------+---------+
|      19 | 2023-08-25 00:00:00-04:00 | 37.2986 | 38.4247 | 36.2224 | 37.9065 | 1.39145e+08 |              1 |                1 |            0 |           0 |       2 |            0 |  40.4176 | 37.9253 |
+---------+---------------------------+---------+---------+---------+---------+-------------+----------------+------------------+--------------+-------------+---------+--------------+----------+---------+
|      20 | 2023-08-28 00:00:00-04:00 | 38.8133 | 39.0325 | 37.9463 | 38.7535 | 9.13205e+07 |              1 |                1 |            1 |           0 |       3 |            1 |  41.2646 | 38.2014 |
+---------+---------------------------+---------+---------+---------+---------+-------------+----------------+------------------+--------------+-------------+---------+--------------+----------+---------+
|      21 | 2023-08-29 00:00:00-04:00 | 38.6638 | 41.3743 | 38.5542 | 41.2248 | 9.37478e+07 |              1 |                1 |            1 |           0 |       3 |            0 |  41.9642 | 39.2092 |
+---------+---------------------------+---------+---------+---------+---------+-------------+----------------+------------------+--------------+-------------+---------+--------------+----------+---------+
|      22 | 2023-08-30 00:00:00-04:00 | 41.2846 | 42.1316 | 40.9358 | 41.9124 | 9.29791e+07 |              1 |                1 |            1 |           0 |       3 |            0 |  41.9462 | 40.1102 |
+---------+---------------------------+---------+---------+---------+---------+-------------+----------------+------------------+--------------+-------------+---------+--------------+----------+---------+
|      23 | 2023-08-31 00:00:00-04:00 | 41.8924 | 42.8291 | 41.8725 | 42.291  | 8.11214e+07 |              1 |                0 |            1 |           0 |       2 |           -1 |  41.6114 | 40.8372 |
+---------+---------------------------+---------+---------+---------+---------+-------------+----------------+------------------+--------------+-------------+---------+--------------+----------+---------+
|      24 | 2023-09-01 00:00:00-04:00 | 43.0583 | 43.2078 | 41.6035 | 42.1416 | 8.24135e+07 |              1 |                0 |            1 |           1 |       2 |            0 |  41.2248 | 41.272  |
+---------+---------------------------+---------+---------+---------+---------+-------------+----------------+------------------+--------------+-------------+---------+--------------+----------+---------+
|      25 | 2023-09-05 00:00:00-04:00 | 41.8227 | 42.6697 | 41.5138 | 42.2512 | 6.18893e+07 |              1 |                0 |            1 |           1 |       2 |            0 |  41.1431 | 41.5984 |
+---------+---------------------------+---------+---------+---------+---------+-------------+----------------+------------------+--------------+-------------+---------+--------------+----------+---------+
|      26 | 2023-09-06 00:00:00-04:00 | 41.9921 | 42.0917 | 40.4376 | 41.1351 | 7.40291e+07 |              1 |                0 |            1 |           1 |       2 |            0 |  40.7724 | 41.4439 |
+---------+---------------------------+---------+---------+---------+---------+-------------+----------------+------------------+--------------+-------------+---------+--------------+----------+---------+
|      27 | 2023-09-07 00:00:00-04:00 | 39.6005 | 40.4575 | 39.2418 | 40.2383 | 8.43115e+07 |              1 |                0 |            1 |           1 |       2 |            0 |  40.7046 | 41.0421 |
+---------+---------------------------+---------+---------+---------+---------+-------------+----------------+------------------+--------------+-------------+---------+--------------+----------+---------+
|      28 | 2023-09-08 00:00:00-04:00 | 40.1685 | 41.0952 | 40.029  | 40.3578 | 7.47708e+07 |              1 |                0 |            1 |           0 |       2 |            0 |  41.0076 | 40.814  |
+---------+---------------------------+---------+---------+---------+---------+-------------+----------------+------------------+--------------+-------------+---------+--------------+----------+---------+
|      29 | 2023-09-11 00:00:00-04:00 | 41.3444 | 41.9423 | 40.6966 | 41.733  | 7.08564e+07 |              1 |                0 |            1 |           1 |       2 |            0 |  40.8581 | 41.1203 |
+---------+---------------------------+---------+---------+---------+---------+-------------+----------------+------------------+--------------+-------------+---------+--------------+----------+---------+
|      30 | 2023-09-12 00:00:00-04:00 | 41.1949 | 41.6632 | 40.2582 | 40.3977 | 7.77621e+07 |              1 |                0 |            1 |           1 |       2 |            0 |  40.4515 | 40.8794 |
+---------+---------------------------+---------+---------+---------+---------+-------------+----------------+------------------+--------------+-------------+---------+--------------+----------+---------+
|      31 | 2023-09-13 00:00:00-04:00 | 40.4376 | 41.3444 | 40.0489 | 40.7963 | 8.54247e+07 |              1 |                0 |            1 |           1 |       2 |            0 |  40.2642 | 40.8517 |
+---------+---------------------------+---------+---------+---------+---------+-------------+----------------+------------------+--------------+-------------+---------+--------------+----------+---------+
|      32 | 2023-09-14 00:00:00-04:00 | 41.3543 | 42.0917 | 40.6568 | 41.7529 | 7.61899e+07 |              1 |                0 |            1 |           1 |       2 |            0 |  39.6549 | 41.1521 |
+---------+---------------------------+---------+---------+---------+---------+-------------+----------------+------------------+--------------+-------------+---------+--------------+----------+---------+
|      33 | 2023-09-15 00:00:00-04:00 | 41.3045 | 41.444  | 39.2916 | 39.6105 | 8.96637e+07 |              1 |                0 |            1 |           1 |       2 |            0 |  38.4243 | 40.6382 |
+---------+---------------------------+---------+---------+---------+---------+-------------+----------------+------------------+--------------+-------------+---------+--------------+----------+---------+
|      34 | 2023-09-18 00:00:00-04:00 | 39.2916 | 40.0788 | 39.1919 | 39.7002 | 6.23991e+07 |              0 |                0 |            1 |           1 |       1 |           -1 |  37.6282 | 40.3255 |
+---------+---------------------------+---------+---------+---------+---------+-------------+----------------+------------------+--------------+-------------+---------+--------------+----------+---------+
|      35 | 2023-09-19 00:00:00-04:00 | 39.2717 | 39.6902 | 38.4645 | 39.461  | 7.43707e+07 |              0 |                0 |            0 |           1 |       0 |           -1 |  36.9082 | 40.0374 |
+---------+---------------------------+---------+---------+---------+---------+-------------+----------------+------------------+--------------+-------------+---------+--------------+----------+---------+
|      36 | 2023-09-20 00:00:00-04:00 | 39.77   | 39.9    | 37.7    | 37.75   | 9.80192e+07 |              0 |                1 |            0 |           1 |       1 |            1 |  35.914  | 39.2749 |
+---------+---------------------------+---------+---------+---------+---------+-------------+----------------+------------------+--------------+-------------+---------+--------------+----------+---------+
|      37 | 2023-09-21 00:00:00-04:00 | 36.55   | 36.78   | 35.57   | 35.6    | 1.07852e+08 |              0 |                1 |            0 |           1 |       1 |            0 |  35.304  | 38.0499 |
+---------+---------------------------+---------+---------+---------+---------+-------------+----------------+------------------+--------------+-------------+---------+--------------+----------+---------+
|      38 | 2023-09-22 00:00:00-04:00 | 36.13   | 36.78   | 35.52   | 35.63   | 9.40906e+07 |              0 |                1 |            0 |           1 |       1 |            0 |  35.292  | 37.2433 |
+---------+---------------------------+---------+---------+---------+---------+-------------+----------------+------------------+--------------+-------------+---------+--------------+----------+---------+
|      39 | 2023-09-25 00:00:00-04:00 | 35.31   | 36.14   | 35.01   | 36.1    | 8.12692e+07 |              0 |                1 |            0 |           1 |       1 |            0 |  35.29   | 36.8622 |
+---------+---------------------------+---------+---------+---------+---------+-------------+----------------+------------------+--------------+-------------+---------+--------------+----------+---------+
|      40 | 2023-09-26 00:00:00-04:00 | 35.31   | 35.48   | 34.17   | 34.49   | 1.0534e+08  |              0 |                1 |            0 |           1 |       1 |            0 |  35.364  | 36.0715 |
+---------+---------------------------+---------+---------+---------+---------+-------------+----------------+------------------+--------------+-------------+---------+--------------+----------+---------+
|      41 | 2023-09-27 00:00:00-04:00 | 34.81   | 35.27   | 33.63   | 34.7    | 1.28436e+08 |              0 |                1 |            0 |           1 |       1 |            0 |  35.374  | 35.6143 |
+---------+---------------------------+---------+---------+---------+---------+-------------+----------------+------------------+--------------+-------------+---------+--------------+----------+---------+
|      42 | 2023-09-28 00:00:00-04:00 | 34.39   | 36.17   | 34.13   | 35.54   | 1.34073e+08 |              0 |                1 |            0 |           0 |       1 |            0 |  35.622  | 35.5895 |
+---------+---------------------------+---------+---------+---------+---------+-------------+----------------+------------------+--------------+-------------+---------+--------------+----------+---------+
|      43 | 2023-09-29 00:00:00-04:00 | 36.58   | 37      | 35.23   | 35.62   | 1.43081e+08 |              0 |                1 |            0 |           0 |       1 |            0 |  35.626  | 35.5997 |
+---------+---------------------------+---------+---------+---------+---------+-------------+----------------+------------------+--------------+-------------+---------+--------------+----------+---------+
|      44 | 2023-10-02 00:00:00-04:00 | 35.67   | 36.9    | 35.48   | 36.47   | 1.18232e+08 |              0 |                1 |            0 |           0 |       1 |            0 |  35.972  | 35.8898 |
+---------+---------------------------+---------+---------+---------+---------+-------------+----------------+------------------+--------------+-------------+---------+--------------+----------+---------+
|      45 | 2023-10-03 00:00:00-04:00 | 35.71   | 36.39   | 34.04   | 34.54   | 1.3327e+08  |              0 |                1 |            0 |           0 |       1 |            0 |  36.258  | 35.4399 |
+---------+---------------------------+---------+---------+---------+---------+-------------+----------------+------------------+--------------+-------------+---------+--------------+----------+---------+
|      46 | 2023-10-04 00:00:00-04:00 | 34.78   | 36.19   | 34.64   | 35.94   | 1.2638e+08  |              0 |                1 |            0 |           0 |       1 |            0 |  37.054  | 35.6066 |
+---------+---------------------------+---------+---------+---------+---------+-------------+----------------+------------------+--------------+-------------+---------+--------------+----------+---------+
|      47 | 2023-10-05 00:00:00-04:00 | 35.89   | 36      | 34.5    | 35.56   | 1.09003e+08 |              0 |                1 |            0 |           0 |       1 |            0 |  37.734  | 35.5911 |
+---------+---------------------------+---------+---------+---------+---------+-------------+----------------+------------------+--------------+-------------+---------+--------------+----------+---------+
|      48 | 2023-10-06 00:00:00-04:00 | 34.65   | 37.69   | 34.41   | 37.35   | 1.47151e+08 |              1 |                1 |            1 |           0 |       3 |            2 |  38.398  | 36.1774 |
+---------+---------------------------+---------+---------+---------+---------+-------------+----------------+------------------+--------------+-------------+---------+--------------+----------+---------+
|      49 | 2023-10-09 00:00:00-04:00 | 36.61   | 38.09   | 36.14   | 37.9    | 1.05483e+08 |              1 |                1 |            1 |           0 |       3 |            0 |  38.41   | 36.7516 |
+---------+---------------------------+---------+---------+---------+---------+-------------+----------------+------------------+--------------+-------------+---------+--------------+----------+---------+
|      50 | 2023-10-10 00:00:00-04:00 | 38.01   | 39.37   | 37.85   | 38.52   | 1.08055e+08 |              1 |                1 |            1 |           0 |       3 |            0 |  38.564  | 37.3411 |
+---------+---------------------------+---------+---------+---------+---------+-------------+----------------+------------------+--------------+-------------+---------+--------------+----------+---------+
|      51 | 2023-10-11 00:00:00-04:00 | 38.94   | 39.41   | 38.4    | 39.34   | 9.58554e+07 |              1 |                1 |            1 |           0 |       3 |            0 |  38.52   | 38.0074 |
+---------+---------------------------+---------+---------+---------+---------+-------------+----------------+------------------+--------------+-------------+---------+--------------+----------+---------+
|      52 | 2023-10-12 00:00:00-04:00 | 39.47   | 40.05   | 38.12   | 38.88   | 1.18255e+08 |              1 |                1 |            1 |           1 |       3 |            0 |  37.988  | 38.2982 |
+---------+---------------------------+---------+---------+---------+---------+-------------+----------------+------------------+--------------+-------------+---------+--------------+----------+---------+
|      53 | 2023-10-13 00:00:00-04:00 | 39.09   | 39.28   | 36.97   | 37.41   | 1.29756e+08 |              1 |                1 |            1 |           1 |       3 |            0 |  37.352  | 38.0022 |
+---------+---------------------------+---------+---------+---------+---------+-------------+----------------+------------------+--------------+-------------+---------+--------------+----------+---------+
|      54 | 2023-10-16 00:00:00-04:00 | 37.82   | 39      | 37.77   | 38.67   | 8.65761e+07 |              1 |                1 |            1 |           1 |       3 |            0 |  36.688  | 38.2248 |
+---------+---------------------------+---------+---------+---------+---------+-------------+----------------+------------------+--------------+-------------+---------+--------------+----------+---------+
|      55 | 2023-10-17 00:00:00-04:00 | 37.52   | 38.82   | 36.85   | 38.3    | 1.05194e+08 |              1 |                1 |            1 |           1 |       3 |            0 |  35.832  | 38.2498 |
+---------+---------------------------+---------+---------+---------+---------+-------------+----------------+------------------+--------------+-------------+---------+--------------+----------+---------+
|      56 | 2023-10-18 00:00:00-04:00 | 37.47   | 38.18   | 36.33   | 36.68   | 1.31583e+08 |              1 |                1 |            1 |           1 |       3 |            0 |  35.244  | 37.7266 |
+---------+---------------------------+---------+---------+---------+---------+-------------+----------------+------------------+--------------+-------------+---------+--------------+----------+---------+
|      57 | 2023-10-19 00:00:00-04:00 | 37.15   | 37.51   | 35.44   | 35.7    | 1.85025e+08 |              0 |                1 |            1 |           1 |       2 |           -1 |  34.462  | 37.051  |
+---------+---------------------------+---------+---------+---------+---------+-------------+----------------+------------------+--------------+-------------+---------+--------------+----------+---------+
|      58 | 2023-10-20 00:00:00-04:00 | 35.52   | 35.7    | 34.02   | 34.09   | 1.38488e+08 |              0 |                1 |            0 |           1 |       1 |           -1 |  33.494  | 36.064  |
+---------+---------------------------+---------+---------+---------+---------+-------------+----------------+------------------+--------------+-------------+---------+--------------+----------+---------+
|      59 | 2023-10-23 00:00:00-04:00 | 33.67   | 35.41   | 33.06   | 34.39   | 1.318e+08   |              0 |                1 |            0 |           1 |       1 |            0 |  32.936  | 35.506  |
+---------+---------------------------+---------+---------+---------+---------+-------------+----------------+------------------+--------------+-------------+---------+--------------+----------+---------+
|      60 | 2023-10-24 00:00:00-04:00 | 34.9    | 35.59   | 34.4    | 35.36   | 1.22537e+08 |              0 |                1 |            0 |           1 |       1 |            0 |  32.52   | 35.4573 |
+---------+---------------------------+---------+---------+---------+---------+-------------+----------------+------------------+--------------+-------------+---------+--------------+----------+---------+
|      61 | 2023-10-25 00:00:00-04:00 | 34.63   | 34.68   | 32.58   | 32.77   | 1.64182e+08 |              0 |                1 |            0 |           1 |       1 |            0 |  32.004  | 34.5616 |
+---------+---------------------------+---------+---------+---------+---------+-------------+----------------+------------------+--------------+-------------+---------+--------------+----------+---------+
|      62 | 2023-10-26 00:00:00-04:00 | 32.38   | 32.64   | 30.47   | 30.86   | 1.87024e+08 |              0 |                1 |            0 |           1 |       1 |            0 |  32.344  | 33.3277 |
+---------+---------------------------+---------+---------+---------+---------+-------------+----------------+------------------+--------------+-------------+---------+--------------+----------+---------+
|      63 | 2023-10-27 00:00:00-04:00 | 31.58   | 32.23   | 30.95   | 31.3    | 1.47351e+08 |              0 |                1 |            0 |           0 |       1 |            0 |  33.432  | 32.6518 |
+---------+---------------------------+---------+---------+---------+---------+-------------+----------------+------------------+--------------+-------------+---------+--------------+----------+---------+
|      64 | 2023-10-30 00:00:00-04:00 | 31.95   | 32.69   | 31.58   | 32.31   | 1.32153e+08 |              0 |                1 |            0 |           0 |       1 |            0 |  34.688  | 32.5379 |
+---------+---------------------------+---------+---------+---------+---------+-------------+----------------+------------------+--------------+-------------+---------+--------------+----------+---------+
|      65 | 2023-10-31 00:00:00-04:00 | 32.32   | 32.89   | 31.6    | 32.78   | 1.11462e+08 |              0 |                1 |            0 |           0 |       1 |            0 |  35.828  | 32.6186 |
+---------+---------------------------+---------+---------+---------+---------+-------------+----------------+------------------+--------------+-------------+---------+--------------+----------+---------+
|      66 | 2023-11-01 00:00:00-04:00 | 33      | 34.63   | 32.97   | 34.47   | 1.66318e+08 |              0 |                1 |            0 |           0 |       1 |            0 |  37.088  | 33.2357 |
+---------+---------------------------+---------+---------+---------+---------+-------------+----------------+------------------+--------------+-------------+---------+--------------+----------+---------+
|      67 | 2023-11-02 00:00:00-04:00 | 35.76   | 36.38   | 35.4    | 36.3    | 1.17067e+08 |              1 |                1 |            1 |           0 |       3 |            2 |  38.024  | 34.2571 |
+---------+---------------------------+---------+---------+---------+---------+-------------+----------------+------------------+--------------+-------------+---------+--------------+----------+---------+
|      68 | 2023-11-03 00:00:00-04:00 | 36.7    | 37.98   | 36.63   | 37.58   | 1.1411e+08  |              1 |                1 |            1 |           0 |       3 |            0 |  38.408  | 35.3648 |
+---------+---------------------------+---------+---------+---------+---------+-------------+----------------+------------------+--------------+-------------+---------+--------------+----------+---------+
|      69 | 2023-11-06 00:00:00-05:00 | 37.81   | 38.21   | 37.32   | 38.01   | 9.17998e+07 |              1 |                1 |            1 |           0 |       3 |            0 |   0      |  0      |
+---------+---------------------------+---------+---------+---------+---------+-------------+----------------+------------------+--------------+-------------+---------+--------------+----------+---------+
|      70 | 2023-11-07 00:00:00-05:00 | 38.35   | 39.37   | 37.97   | 39.08   | 1.02251e+08 |              1 |                1 |            1 |           0 |       3 |            0 |   0      |  0      |
+---------+---------------------------+---------+---------+---------+---------+-------------+----------------+------------------+--------------+-------------+---------+--------------+----------+---------+
|      71 | 2023-11-08 00:00:00-05:00 | 39.2    | 39.43   | 38.43   | 39.15   | 9.39801e+07 |              1 |                0 |            1 |           0 |       2 |           -1 |   0      |  0      |
+---------+---------------------------+---------+---------+---------+---------+-------------+----------------+------------------+--------------+-------------+---------+--------------+----------+---------+
|      72 | 2023-11-09 00:00:00-05:00 | 39.34   | 39.71   | 38.06   | 38.22   | 1.29183e+08 |              1 |                0 |            1 |           0 |       2 |            0 |   0      |  0      |
+---------+---------------------------+---------+---------+---------+---------+-------------+----------------+------------------+--------------+-------------+---------+--------------+----------+---------+
|      73 | 2023-11-10 00:00:00-05:00 | 38.75   | 40.83   | 38.58   | 40.77   | 1.24464e+08 |              1 |                0 |            1 |           0 |       2 |            0 |   0      |  0      |
+---------+---------------------------+---------+---------+---------+---------+-------------+----------------+------------------+--------------+-------------+---------+--------------+----------+---------+

  Buy Price  Buy Time                     Sell Price  Sell Time                    Profit    Trade Length
-----------  -------------------------  ------------  -------------------------  --------  --------------
     42.012  2023-08-07 00:00:00-04:00       40.9358  2023-08-08 00:00:00-04:00  -1.07621               1
     39.461  2023-09-19 00:00:00-04:00       37.75    2023-09-20 00:00:00-04:00  -1.711                 1
Total Profit: -2.7872047424316406 Median Trade Length: 1.0 Average Trade Length: 1.0
