Trading Output for gld for the last 300 days
+---------+---------------------------+--------+--------+--------+---------+-------------+----------------+------------------+--------------+-------------+---------+--------------+
|   Index | Timestamp                 |   Open |   High |    Low |   Close |      Volume |   RSIEMA Cross |   SMA/VWAP Cross |   MACD Cross |   KNN EMA X |   Total |   Total Diff |
+=========+===========================+========+========+========+=========+=============+================+==================+==============+=============+=========+==============+
|       0 | 2023-06-21 00:00:00-04:00 | 179.15 | 179.95 | 178.19 |  179.49 | 6.7023e+06  |              0 |                1 |            0 |           0 |       1 |            0 |
+---------+---------------------------+--------+--------+--------+---------+-------------+----------------+------------------+--------------+-------------+---------+--------------+
|       1 | 2023-06-22 00:00:00-04:00 | 178.36 | 178.99 | 177.63 |  177.71 | 7.945e+06   |              0 |                1 |            0 |           0 |       1 |            0 |
+---------+---------------------------+--------+--------+--------+---------+-------------+----------------+------------------+--------------+-------------+---------+--------------+
|       2 | 2023-06-23 00:00:00-04:00 | 179.6  | 179.95 | 178.09 |  178.2  | 5.4168e+06  |              0 |                1 |            0 |           0 |       1 |            0 |
+---------+---------------------------+--------+--------+--------+---------+-------------+----------------+------------------+--------------+-------------+---------+--------------+
|       3 | 2023-06-26 00:00:00-04:00 | 179.05 | 179.08 | 178.42 |  178.51 | 3.2221e+06  |              0 |                1 |            0 |           0 |       1 |            0 |
+---------+---------------------------+--------+--------+--------+---------+-------------+----------------+------------------+--------------+-------------+---------+--------------+
|       4 | 2023-06-27 00:00:00-04:00 | 179.07 | 179.29 | 177.43 |  177.69 | 5.0369e+06  |              0 |                0 |            0 |           1 |       1 |            0 |
+---------+---------------------------+--------+--------+--------+---------+-------------+----------------+------------------+--------------+-------------+---------+--------------+
|       5 | 2023-06-28 00:00:00-04:00 | 177.23 | 177.69 | 176.7  |  177.28 | 5.8667e+06  |              0 |                1 |            0 |           1 |       2 |            1 |
+---------+---------------------------+--------+--------+--------+---------+-------------+----------------+------------------+--------------+-------------+---------+--------------+
|       6 | 2023-06-29 00:00:00-04:00 | 175.83 | 177.63 | 175.79 |  177.09 | 6.8625e+06  |              0 |                1 |            0 |           0 |       1 |           -1 |
+---------+---------------------------+--------+--------+--------+---------+-------------+----------------+------------------+--------------+-------------+---------+--------------+
|       7 | 2023-06-30 00:00:00-04:00 | 177.69 | 178.53 | 177.32 |  178.27 | 6.4206e+06  |              0 |                1 |            0 |           0 |       1 |            0 |
+---------+---------------------------+--------+--------+--------+---------+-------------+----------------+------------------+--------------+-------------+---------+--------------+
|       8 | 2023-07-03 00:00:00-04:00 | 178.61 | 179.34 | 178.46 |  178.47 | 4.0857e+06  |              0 |                1 |            0 |           0 |       1 |            0 |
+---------+---------------------------+--------+--------+--------+---------+-------------+----------------+------------------+--------------+-------------+---------+--------------+
|       9 | 2023-07-05 00:00:00-04:00 | 179.41 | 179.42 | 177.83 |  177.84 | 5.6506e+06  |              0 |                1 |            0 |           0 |       1 |            0 |
+---------+---------------------------+--------+--------+--------+---------+-------------+----------------+------------------+--------------+-------------+---------+--------------+
|      10 | 2023-07-06 00:00:00-04:00 | 177.51 | 177.8  | 176.66 |  177.31 | 5.133e+06   |              0 |                1 |            0 |           0 |       1 |            0 |
+---------+---------------------------+--------+--------+--------+---------+-------------+----------------+------------------+--------------+-------------+---------+--------------+
|      11 | 2023-07-07 00:00:00-04:00 | 178.38 | 179.65 | 178.35 |  178.64 | 5.2003e+06  |              0 |                0 |            0 |           0 |       0 |           -1 |
+---------+---------------------------+--------+--------+--------+---------+-------------+----------------+------------------+--------------+-------------+---------+--------------+
|      12 | 2023-07-10 00:00:00-04:00 | 178.37 | 178.92 | 178.26 |  178.78 | 3.3205e+06  |              0 |                0 |            1 |           0 |       1 |            1 |
+---------+---------------------------+--------+--------+--------+---------+-------------+----------------+------------------+--------------+-------------+---------+--------------+
|      13 | 2023-07-11 00:00:00-04:00 | 179.43 | 179.71 | 179.13 |  179.45 | 2.8196e+06  |              0 |                0 |            1 |           0 |       1 |            0 |
+---------+---------------------------+--------+--------+--------+---------+-------------+----------------+------------------+--------------+-------------+---------+--------------+
|      14 | 2023-07-12 00:00:00-04:00 | 181.18 | 181.95 | 181.1  |  181.88 | 7.062e+06   |              1 |                0 |            1 |           0 |       2 |            1 |
+---------+---------------------------+--------+--------+--------+---------+-------------+----------------+------------------+--------------+-------------+---------+--------------+
|      15 | 2023-07-13 00:00:00-04:00 | 181.96 | 182.15 | 181.49 |  182.01 | 4.5279e+06  |              1 |                0 |            1 |           0 |       2 |            0 |
+---------+---------------------------+--------+--------+--------+---------+-------------+----------------+------------------+--------------+-------------+---------+--------------+
|      16 | 2023-07-14 00:00:00-04:00 | 181.59 | 182.17 | 181.11 |  181.43 | 5.3893e+06  |              1 |                0 |            1 |           0 |       2 |            0 |
+---------+---------------------------+--------+--------+--------+---------+-------------+----------------+------------------+--------------+-------------+---------+--------------+
|      17 | 2023-07-17 00:00:00-04:00 | 180.99 | 181.63 | 180.64 |  181.56 | 4.1524e+06  |              1 |                0 |            1 |           0 |       2 |            0 |
+---------+---------------------------+--------+--------+--------+---------+-------------+----------------+------------------+--------------+-------------+---------+--------------+
|      18 | 2023-07-18 00:00:00-04:00 | 182.79 | 184.23 | 182.32 |  183.64 | 8.2426e+06  |              1 |                0 |            1 |           0 |       2 |            0 |
+---------+---------------------------+--------+--------+--------+---------+-------------+----------------+------------------+--------------+-------------+---------+--------------+
|      19 | 2023-07-19 00:00:00-04:00 | 183.45 | 183.84 | 182.87 |  183.67 | 3.9116e+06  |              1 |                0 |            1 |           1 |       3 |            1 |
+---------+---------------------------+--------+--------+--------+---------+-------------+----------------+------------------+--------------+-------------+---------+--------------+
|      20 | 2023-07-20 00:00:00-04:00 | 183.73 | 183.77 | 182.47 |  182.74 | 4.9729e+06  |              1 |                0 |            1 |           1 |       3 |            0 |
+---------+---------------------------+--------+--------+--------+---------+-------------+----------------+------------------+--------------+-------------+---------+--------------+
|      21 | 2023-07-21 00:00:00-04:00 | 182.06 | 182.46 | 181.68 |  182.18 | 3.8435e+06  |              1 |                0 |            1 |           1 |       3 |            0 |
+---------+---------------------------+--------+--------+--------+---------+-------------+----------------+------------------+--------------+-------------+---------+--------------+
|      22 | 2023-07-24 00:00:00-04:00 | 182.22 | 182.54 | 181.34 |  181.4  | 4.37e+06    |              1 |                0 |            1 |           1 |       3 |            0 |
+---------+---------------------------+--------+--------+--------+---------+-------------+----------------+------------------+--------------+-------------+---------+--------------+
|      23 | 2023-07-25 00:00:00-04:00 | 181.72 | 182.47 | 181.1  |  182.41 | 4.0901e+06  |              1 |                0 |            1 |           1 |       3 |            0 |
+---------+---------------------------+--------+--------+--------+---------+-------------+----------------+------------------+--------------+-------------+---------+--------------+
|      24 | 2023-07-26 00:00:00-04:00 | 182.66 | 183.64 | 182.31 |  183.3  | 6.1584e+06  |              1 |                0 |            1 |           1 |       3 |            0 |
+---------+---------------------------+--------+--------+--------+---------+-------------+----------------+------------------+--------------+-------------+---------+--------------+
|      25 | 2023-07-27 00:00:00-04:00 | 181.64 | 181.64 | 180.32 |  180.42 | 7.5928e+06  |              1 |                0 |            1 |           1 |       3 |            0 |
+---------+---------------------------+--------+--------+--------+---------+-------------+----------------+------------------+--------------+-------------+---------+--------------+
|      26 | 2023-07-28 00:00:00-04:00 | 181.48 | 182.27 | 181.25 |  181.86 | 3.8288e+06  |              1 |                0 |            0 |           1 |       2 |           -1 |
+---------+---------------------------+--------+--------+--------+---------+-------------+----------------+------------------+--------------+-------------+---------+--------------+
|      27 | 2023-07-31 00:00:00-04:00 | 182.43 | 183.09 | 182.31 |  182.35 | 5.4948e+06  |              1 |                0 |            0 |           1 |       2 |            0 |
+---------+---------------------------+--------+--------+--------+---------+-------------+----------------+------------------+--------------+-------------+---------+--------------+
|      28 | 2023-08-01 00:00:00-04:00 | 180.85 | 181.38 | 180.19 |  180.46 | 6.2397e+06  |              0 |                0 |            0 |           1 |       1 |           -1 |
+---------+---------------------------+--------+--------+--------+---------+-------------+----------------+------------------+--------------+-------------+---------+--------------+
|      29 | 2023-08-02 00:00:00-04:00 | 180.57 | 180.79 | 179.41 |  179.6  | 6.3397e+06  |              0 |                0 |            0 |           1 |       1 |            0 |
+---------+---------------------------+--------+--------+--------+---------+-------------+----------------+------------------+--------------+-------------+---------+--------------+
|      30 | 2023-08-03 00:00:00-04:00 | 179.44 | 179.95 | 179.28 |  179.54 | 4.6363e+06  |              0 |                0 |            0 |           1 |       1 |            0 |
+---------+---------------------------+--------+--------+--------+---------+-------------+----------------+------------------+--------------+-------------+---------+--------------+
|      31 | 2023-08-04 00:00:00-04:00 | 180.25 | 180.77 | 179.85 |  180.19 | 5.3257e+06  |              0 |                0 |            0 |           1 |       1 |            0 |
+---------+---------------------------+--------+--------+--------+---------+-------------+----------------+------------------+--------------+-------------+---------+--------------+
|      32 | 2023-08-07 00:00:00-04:00 | 180.15 | 180.15 | 179.27 |  179.78 | 4.5104e+06  |              0 |                1 |            0 |           1 |       2 |            1 |
+---------+---------------------------+--------+--------+--------+---------+-------------+----------------+------------------+--------------+-------------+---------+--------------+
|      33 | 2023-08-08 00:00:00-04:00 | 178.64 | 179.33 | 178.46 |  178.64 | 6.1629e+06  |              0 |                1 |            0 |           1 |       2 |            0 |
+---------+---------------------------+--------+--------+--------+---------+-------------+----------------+------------------+--------------+-------------+---------+--------------+
|      34 | 2023-08-09 00:00:00-04:00 | 178.68 | 178.92 | 177.78 |  177.79 | 4.644e+06   |              0 |                1 |            0 |           1 |       2 |            0 |
+---------+---------------------------+--------+--------+--------+---------+-------------+----------------+------------------+--------------+-------------+---------+--------------+
|      35 | 2023-08-10 00:00:00-04:00 | 178.22 | 178.7  | 177.54 |  177.6  | 5.9346e+06  |              0 |                1 |            0 |           1 |       2 |            0 |
+---------+---------------------------+--------+--------+--------+---------+-------------+----------------+------------------+--------------+-------------+---------+--------------+
|      36 | 2023-08-11 00:00:00-04:00 | 177.7  | 178.36 | 177.49 |  177.6  | 5.2894e+06  |              0 |                1 |            0 |           1 |       2 |            0 |
+---------+---------------------------+--------+--------+--------+---------+-------------+----------------+------------------+--------------+-------------+---------+--------------+
|      37 | 2023-08-14 00:00:00-04:00 | 176.86 | 177.58 | 176.58 |  177.06 | 9.5545e+06  |              0 |                1 |            0 |           1 |       2 |            0 |
+---------+---------------------------+--------+--------+--------+---------+-------------+----------------+------------------+--------------+-------------+---------+--------------+
|      38 | 2023-08-15 00:00:00-04:00 | 176.75 | 177.43 | 176.33 |  176.59 | 7.5827e+06  |              0 |                1 |            0 |           1 |       2 |            0 |
+---------+---------------------------+--------+--------+--------+---------+-------------+----------------+------------------+--------------+-------------+---------+--------------+
|      39 | 2023-08-16 00:00:00-04:00 | 176.62 | 176.95 | 175.56 |  175.57 | 6.5594e+06  |              0 |                1 |            0 |           1 |       2 |            0 |
+---------+---------------------------+--------+--------+--------+---------+-------------+----------------+------------------+--------------+-------------+---------+--------------+
|      40 | 2023-08-17 00:00:00-04:00 | 176.53 | 176.56 | 174.93 |  175.3  | 7.9377e+06  |              0 |                1 |            0 |           1 |       2 |            0 |
+---------+---------------------------+--------+--------+--------+---------+-------------+----------------+------------------+--------------+-------------+---------+--------------+
|      41 | 2023-08-18 00:00:00-04:00 | 175.83 | 176.06 | 175.1  |  175.33 | 6.251e+06   |              0 |                1 |            0 |           0 |       1 |           -1 |
+---------+---------------------------+--------+--------+--------+---------+-------------+----------------+------------------+--------------+-------------+---------+--------------+
|      42 | 2023-08-21 00:00:00-04:00 | 175.9  | 175.94 | 174.96 |  175.81 | 4.2064e+06  |              0 |                1 |            0 |           0 |       1 |            0 |
+---------+---------------------------+--------+--------+--------+---------+-------------+----------------+------------------+--------------+-------------+---------+--------------+
|      43 | 2023-08-22 00:00:00-04:00 | 175.83 | 176.25 | 175.31 |  176.1  | 5.8925e+06  |              0 |                1 |            0 |           0 |       1 |            0 |
+---------+---------------------------+--------+--------+--------+---------+-------------+----------------+------------------+--------------+-------------+---------+--------------+
|      44 | 2023-08-23 00:00:00-04:00 | 177.32 | 178.22 | 177.07 |  177.89 | 7.9491e+06  |              1 |                1 |            0 |           0 |       2 |            1 |
+---------+---------------------------+--------+--------+--------+---------+-------------+----------------+------------------+--------------+-------------+---------+--------------+
|      45 | 2023-08-24 00:00:00-04:00 | 177.66 | 178.49 | 177.41 |  177.85 | 5.5264e+06  |              1 |                1 |            1 |           0 |       3 |            1 |
+---------+---------------------------+--------+--------+--------+---------+-------------+----------------+------------------+--------------+-------------+---------+--------------+
|      46 | 2023-08-25 00:00:00-04:00 | 177.58 | 178.38 | 176.63 |  177.62 | 6.1328e+06  |              1 |                1 |            1 |           0 |       3 |            0 |
+---------+---------------------------+--------+--------+--------+---------+-------------+----------------+------------------+--------------+-------------+---------+--------------+
|      47 | 2023-08-28 00:00:00-04:00 | 177.65 | 178.73 | 177.51 |  178.13 | 4.7407e+06  |              1 |                1 |            1 |           0 |       3 |            0 |
+---------+---------------------------+--------+--------+--------+---------+-------------+----------------+------------------+--------------+-------------+---------+--------------+
|      48 | 2023-08-29 00:00:00-04:00 | 178.03 | 179.88 | 177.9  |  179.87 | 7.5766e+06  |              1 |                1 |            1 |           0 |       3 |            0 |
+---------+---------------------------+--------+--------+--------+---------+-------------+----------------+------------------+--------------+-------------+---------+--------------+
|      49 | 2023-08-30 00:00:00-04:00 | 180.58 | 180.88 | 180.29 |  180.32 | 6.5937e+06  |              1 |                1 |            1 |           0 |       3 |            0 |
+---------+---------------------------+--------+--------+--------+---------+-------------+----------------+------------------+--------------+-------------+---------+--------------+
|      50 | 2023-08-31 00:00:00-04:00 | 180.37 | 180.49 | 179.94 |  180.02 | 4.7956e+06  |              1 |                0 |            1 |           1 |       3 |            0 |
+---------+---------------------------+--------+--------+--------+---------+-------------+----------------+------------------+--------------+-------------+---------+--------------+
|      51 | 2023-09-01 00:00:00-04:00 | 180.8  | 181.12 | 179.51 |  180.11 | 4.9693e+06  |              1 |                0 |            1 |           1 |       3 |            0 |
+---------+---------------------------+--------+--------+--------+---------+-------------+----------------+------------------+--------------+-------------+---------+--------------+
|      52 | 2023-09-05 00:00:00-04:00 | 179.33 | 179.44 | 178.64 |  178.64 | 7.0568e+06  |              1 |                0 |            1 |           1 |       3 |            0 |
+---------+---------------------------+--------+--------+--------+---------+-------------+----------------+------------------+--------------+-------------+---------+--------------+
|      53 | 2023-09-06 00:00:00-04:00 | 178.33 | 179.01 | 177.7  |  177.83 | 6.4272e+06  |              1 |                0 |            1 |           1 |       3 |            0 |
+---------+---------------------------+--------+--------+--------+---------+-------------+----------------+------------------+--------------+-------------+---------+--------------+
|      54 | 2023-09-07 00:00:00-04:00 | 178.31 | 178.37 | 177.9  |  178.02 | 3.2572e+06  |              1 |                1 |            1 |           1 |       4 |            1 |
+---------+---------------------------+--------+--------+--------+---------+-------------+----------------+------------------+--------------+-------------+---------+--------------+
|      55 | 2023-09-08 00:00:00-04:00 | 178.36 | 179.05 | 177.9  |  178.08 | 3.2927e+06  |              1 |                1 |            1 |           1 |       4 |            0 |
+---------+---------------------------+--------+--------+--------+---------+-------------+----------------+------------------+--------------+-------------+---------+--------------+
|      56 | 2023-09-11 00:00:00-04:00 | 178.97 | 179.07 | 178.26 |  178.41 | 3.6891e+06  |              1 |                1 |            1 |           1 |       4 |            0 |
+---------+---------------------------+--------+--------+--------+---------+-------------+----------------+------------------+--------------+-------------+---------+--------------+
|      57 | 2023-09-12 00:00:00-04:00 | 177.11 | 177.7  | 177.05 |  177.49 | 4.4454e+06  |              1 |                1 |            1 |           1 |       4 |            0 |
+---------+---------------------------+--------+--------+--------+---------+-------------+----------------+------------------+--------------+-------------+---------+--------------+
|      58 | 2023-09-13 00:00:00-04:00 | 177.53 | 177.75 | 177.04 |  177.08 | 3.8748e+06  |              0 |                1 |            0 |           0 |       1 |           -3 |
+---------+---------------------------+--------+--------+--------+---------+-------------+----------------+------------------+--------------+-------------+---------+--------------+
|      59 | 2023-09-14 00:00:00-04:00 | 176.5  | 177.39 | 176.36 |  177.17 | 6.1844e+06  |              0 |                1 |            0 |           0 |       1 |            0 |
+---------+---------------------------+--------+--------+--------+---------+-------------+----------------+------------------+--------------+-------------+---------+--------------+
|      60 | 2023-09-15 00:00:00-04:00 | 178.55 | 179.11 | 178.34 |  178.34 | 5.6196e+06  |              1 |                1 |            0 |           0 |       2 |            1 |
+---------+---------------------------+--------+--------+--------+---------+-------------+----------------+------------------+--------------+-------------+---------+--------------+
|      61 | 2023-09-18 00:00:00-04:00 | 178.82 | 179.41 | 178.38 |  179.39 | 5.0493e+06  |              1 |                1 |            1 |           0 |       3 |            1 |
+---------+---------------------------+--------+--------+--------+---------+-------------+----------------+------------------+--------------+-------------+---------+--------------+
|      62 | 2023-09-19 00:00:00-04:00 | 179.54 | 179.65 | 179.03 |  179.22 | 4.2247e+06  |              0 |                1 |            1 |           1 |       3 |            0 |
+---------+---------------------------+--------+--------+--------+---------+-------------+----------------+------------------+--------------+-------------+---------+--------------+
|      63 | 2023-09-20 00:00:00-04:00 | 179.34 | 180.66 | 179.32 |  179.35 | 9.328e+06   |              0 |                1 |            1 |           1 |       3 |            0 |
+---------+---------------------------+--------+--------+--------+---------+-------------+----------------+------------------+--------------+-------------+---------+--------------+
|      64 | 2023-09-21 00:00:00-04:00 | 177.86 | 178.49 | 177.69 |  178.05 | 7.5719e+06  |              0 |                1 |            1 |           1 |       3 |            0 |
+---------+---------------------------+--------+--------+--------+---------+-------------+----------------+------------------+--------------+-------------+---------+--------------+
|      65 | 2023-09-22 00:00:00-04:00 | 178.65 | 178.95 | 178.51 |  178.62 | 3.6348e+06  |              0 |                1 |            1 |           1 |       3 |            0 |
+---------+---------------------------+--------+--------+--------+---------+-------------+----------------+------------------+--------------+-------------+---------+--------------+
|      66 | 2023-09-25 00:00:00-04:00 | 178.41 | 178.71 | 177.64 |  177.7  | 5.5821e+06  |              0 |                1 |            1 |           1 |       3 |            0 |
+---------+---------------------------+--------+--------+--------+---------+-------------+----------------+------------------+--------------+-------------+---------+--------------+
|      67 | 2023-09-26 00:00:00-04:00 | 176.83 | 177.14 | 176.16 |  176.28 | 7.1811e+06  |              0 |                1 |            0 |           1 |       2 |           -1 |
+---------+---------------------------+--------+--------+--------+---------+-------------+----------------+------------------+--------------+-------------+---------+--------------+
|      68 | 2023-09-27 00:00:00-04:00 | 175.27 | 175.32 | 173.7  |  174.1  | 1.09196e+07 |              0 |                1 |            0 |           1 |       2 |            0 |
+---------+---------------------------+--------+--------+--------+---------+-------------+----------------+------------------+--------------+-------------+---------+--------------+
|      69 | 2023-09-28 00:00:00-04:00 | 173.91 | 174.14 | 172.32 |  173.23 | 1.00619e+07 |              0 |                1 |            0 |           1 |       2 |            0 |
+---------+---------------------------+--------+--------+--------+---------+-------------+----------------+------------------+--------------+-------------+---------+--------------+
|      70 | 2023-09-29 00:00:00-04:00 | 173.92 | 174.03 | 171.27 |  171.45 | 1.04249e+07 |              0 |                1 |            0 |           1 |       2 |            0 |
+---------+---------------------------+--------+--------+--------+---------+-------------+----------------+------------------+--------------+-------------+---------+--------------+
|      71 | 2023-10-02 00:00:00-04:00 | 170.23 | 170.46 | 169.5  |  169.65 | 1.2706e+07  |              0 |                1 |            0 |           1 |       2 |            0 |
+---------+---------------------------+--------+--------+--------+---------+-------------+----------------+------------------+--------------+-------------+---------+--------------+
|      72 | 2023-10-03 00:00:00-04:00 | 169.14 | 170.08 | 168.75 |  169.16 | 1.14598e+07 |              0 |                1 |            0 |           1 |       2 |            0 |
+---------+---------------------------+--------+--------+--------+---------+-------------+----------------+------------------+--------------+-------------+---------+--------------+
|      73 | 2023-10-04 00:00:00-04:00 | 169.21 | 169.41 | 168.5  |  169.14 | 1.00346e+07 |              0 |                1 |            0 |           1 |       2 |            0 |
+---------+---------------------------+--------+--------+--------+---------+-------------+----------------+------------------+--------------+-------------+---------+--------------+
|      74 | 2023-10-05 00:00:00-04:00 | 168.74 | 169    | 168.3  |  168.83 | 6.9702e+06  |              0 |                1 |            0 |           0 |       1 |           -1 |
+---------+---------------------------+--------+--------+--------+---------+-------------+----------------+------------------+--------------+-------------+---------+--------------+
|      75 | 2023-10-06 00:00:00-04:00 | 169.17 | 170.23 | 168.5  |  169.7  | 9.9422e+06  |              0 |                1 |            0 |           0 |       1 |            0 |
+---------+---------------------------+--------+--------+--------+---------+-------------+----------------+------------------+--------------+-------------+---------+--------------+
|      76 | 2023-10-09 00:00:00-04:00 | 171.18 | 172.86 | 171.08 |  172.82 | 1.02015e+07 |              1 |                1 |            0 |           0 |       2 |            1 |
+---------+---------------------------+--------+--------+--------+---------+-------------+----------------+------------------+--------------+-------------+---------+--------------+
|      77 | 2023-10-10 00:00:00-04:00 | 172.08 | 172.8  | 171.9  |  172.53 | 5.844e+06   |              0 |                1 |            0 |           0 |       1 |           -1 |
+---------+---------------------------+--------+--------+--------+---------+-------------+----------------+------------------+--------------+-------------+---------+--------------+
|      78 | 2023-10-11 00:00:00-04:00 | 173.6  | 174.13 | 173.26 |  173.79 | 7.128e+06   |              1 |                1 |            1 |           0 |       3 |            2 |
+---------+---------------------------+--------+--------+--------+---------+-------------+----------------+------------------+--------------+-------------+---------+--------------+
|      79 | 2023-10-12 00:00:00-04:00 | 174.06 | 174.23 | 173.24 |  173.26 | 5.9127e+06  |              1 |                1 |            1 |           0 |       3 |            0 |
+---------+---------------------------+--------+--------+--------+---------+-------------+----------------+------------------+--------------+-------------+---------+--------------+
|      80 | 2023-10-13 00:00:00-04:00 | 176.89 | 179.1  | 176.72 |  178.83 | 1.87965e+07 |              1 |                1 |            1 |           0 |       3 |            0 |
+---------+---------------------------+--------+--------+--------+---------+-------------+----------------+------------------+--------------+-------------+---------+--------------+
|      81 | 2023-10-16 00:00:00-04:00 | 177.84 | 178.33 | 177.54 |  177.96 | 8.3854e+06  |              1 |                1 |            1 |           0 |       3 |            0 |
+---------+---------------------------+--------+--------+--------+---------+-------------+----------------+------------------+--------------+-------------+---------+--------------+
|      82 | 2023-10-17 00:00:00-04:00 | 178.37 | 179.13 | 177.98 |  178.29 | 8.2319e+06  |              1 |                1 |            1 |           0 |       3 |            0 |
+---------+---------------------------+--------+--------+--------+---------+-------------+----------------+------------------+--------------+-------------+---------+--------------+
|      83 | 2023-10-18 00:00:00-04:00 | 180.89 | 182.02 | 179.75 |  180.87 | 1.39208e+07 |              1 |                0 |            1 |           0 |       2 |           -1 |
+---------+---------------------------+--------+--------+--------+---------+-------------+----------------+------------------+--------------+-------------+---------+--------------+
|      84 | 2023-10-19 00:00:00-04:00 | 181.04 | 183.43 | 180.82 |  183.09 | 1.34066e+07 |              1 |                0 |            1 |           0 |       2 |            0 |
+---------+---------------------------+--------+--------+--------+---------+-------------+----------------+------------------+--------------+-------------+---------+--------------+
|      85 | 2023-10-20 00:00:00-04:00 | 183.43 | 185.23 | 183.09 |  183.59 | 1.27828e+07 |              1 |                0 |            1 |           0 |       2 |            0 |
+---------+---------------------------+--------+--------+--------+---------+-------------+----------------+------------------+--------------+-------------+---------+--------------+
|      86 | 2023-10-23 00:00:00-04:00 | 183.51 | 183.56 | 182.71 |  182.97 | 9.4798e+06  |              1 |                0 |            1 |           0 |       2 |            0 |
+---------+---------------------------+--------+--------+--------+---------+-------------+----------------+------------------+--------------+-------------+---------+--------------+
|      87 | 2023-10-24 00:00:00-04:00 | 182.07 | 183.4  | 181.68 |  182.95 | 6.594e+06   |              1 |                0 |            1 |           0 |       2 |            0 |
+---------+---------------------------+--------+--------+--------+---------+-------------+----------------+------------------+--------------+-------------+---------+--------------+
|      88 | 2023-10-25 00:00:00-04:00 | 183.42 | 184.3  | 182.04 |  183.72 | 1.0087e+07  |              1 |                0 |            1 |           0 |       2 |            0 |
+---------+---------------------------+--------+--------+--------+---------+-------------+----------------+------------------+--------------+-------------+---------+--------------+
|      89 | 2023-10-26 00:00:00-04:00 | 183.4  | 184.49 | 182.87 |  184.01 | 7.6714e+06  |              1 |                0 |            1 |           0 |       2 |            0 |
+---------+---------------------------+--------+--------+--------+---------+-------------+----------------+------------------+--------------+-------------+---------+--------------+
|      90 | 2023-10-27 00:00:00-04:00 | 183.76 | 186.36 | 183.47 |  186.15 | 1.41028e+07 |              1 |                0 |            1 |           0 |       2 |            0 |
+---------+---------------------------+--------+--------+--------+---------+-------------+----------------+------------------+--------------+-------------+---------+--------------+
|      91 | 2023-10-30 00:00:00-04:00 | 185.54 | 185.7  | 184.73 |  185.1  | 8.7564e+06  |              1 |                0 |            1 |           1 |       3 |            1 |
+---------+---------------------------+--------+--------+--------+---------+-------------+----------------+------------------+--------------+-------------+---------+--------------+
|      92 | 2023-10-31 00:00:00-04:00 | 185.08 | 186.21 | 183.5  |  184.09 | 1.01046e+07 |              1 |                0 |            1 |           1 |       3 |            0 |
+---------+---------------------------+--------+--------+--------+---------+-------------+----------------+------------------+--------------+-------------+---------+--------------+
|      93 | 2023-11-01 00:00:00-04:00 | 183.91 | 185    | 182.67 |  183.51 | 9.0486e+06  |              1 |                0 |            1 |           1 |       3 |            0 |
+---------+---------------------------+--------+--------+--------+---------+-------------+----------------+------------------+--------------+-------------+---------+--------------+
|      94 | 2023-11-02 00:00:00-04:00 | 184.13 | 184.28 | 183.5  |  184.12 | 7.3437e+06  |              0 |                0 |            1 |           1 |       2 |           -1 |
+---------+---------------------------+--------+--------+--------+---------+-------------+----------------+------------------+--------------+-------------+---------+--------------+
|      95 | 2023-11-03 00:00:00-04:00 | 184.48 | 185.47 | 184.35 |  184.79 | 8.529e+06   |              1 |                0 |            1 |           0 |       2 |            0 |
+---------+---------------------------+--------+--------+--------+---------+-------------+----------------+------------------+--------------+-------------+---------+--------------+
|      96 | 2023-11-06 00:00:00-05:00 | 184.14 | 184.23 | 183.34 |  183.35 | 8.2747e+06  |              0 |                0 |            1 |           0 |       1 |           -1 |
+---------+---------------------------+--------+--------+--------+---------+-------------+----------------+------------------+--------------+-------------+---------+--------------+
|      97 | 2023-11-07 00:00:00-05:00 | 182.25 | 182.65 | 181.75 |  182.59 | 6.7958e+06  |              0 |                0 |            0 |           0 |       0 |           -1 |
+---------+---------------------------+--------+--------+--------+---------+-------------+----------------+------------------+--------------+-------------+---------+--------------+
|      98 | 2023-11-08 00:00:00-05:00 | 182.01 | 182.07 | 180.57 |  180.77 | 6.7383e+06  |              0 |                0 |            0 |           0 |       0 |            0 |
+---------+---------------------------+--------+--------+--------+---------+-------------+----------------+------------------+--------------+-------------+---------+--------------+
|      99 | 2023-11-09 00:00:00-05:00 | 180.98 | 182.28 | 180.89 |  181.49 | 6.47021e+06 |              0 |                0 |            0 |           0 |       0 |            0 |
+---------+---------------------------+--------+--------+--------+---------+-------------+----------------+------------------+--------------+-------------+---------+--------------+

Still holding position
Buy Price: 182.58999633789062 Buy Date: 2023-11-07 00:00:00-05:00

  Buy Price  Buy Time                     Sell Price  Sell Time                    Profit    Trade Length
-----------  -------------------------  ------------  -------------------------  --------  --------------
     178.64  2023-07-07 00:00:00-04:00        178.78  2023-07-10 00:00:00-04:00  0.139999               1
Total Profit: 0.1399993896484375 Median Trade Length: 1.0 Average Trade Length: 1.0
