Trading Output for soxl for the last 300 days
+---------+---------------------------+---------+---------+---------+---------+------------------+----------------+------------------+--------------+-------------+---------+--------------+
|   Index | Timestamp                 |    Open |    High |     Low |   Close |           Volume |   RSIEMA Cross |   SMA/VWAP Cross |   MACD Cross |   KNN EMA X |   Total |   Total Diff |
+=========+===========================+=========+=========+=========+=========+==================+================+==================+==============+=============+=========+==============+
|       0 | 2023-11-07 09:30:00-05:00 | 18.16   | 18.29   | 18.13   | 18.1802 |      5.09032e+06 |              0 |                1 |            0 |           0 |       1 |            0 |
+---------+---------------------------+---------+---------+---------+---------+------------------+----------------+------------------+--------------+-------------+---------+--------------+
|       1 | 2023-11-07 09:35:00-05:00 | 18.185  | 18.29   | 18.07   | 18.09   |      1.21413e+06 |              0 |                1 |            0 |           0 |       1 |            0 |
+---------+---------------------------+---------+---------+---------+---------+------------------+----------------+------------------+--------------+-------------+---------+--------------+
|       2 | 2023-11-07 09:40:00-05:00 | 18.0998 | 18.27   | 18.06   | 18.25   |      1.35402e+06 |              0 |                1 |            1 |           0 |       2 |            1 |
+---------+---------------------------+---------+---------+---------+---------+------------------+----------------+------------------+--------------+-------------+---------+--------------+
|       3 | 2023-11-07 09:45:00-05:00 | 18.2584 | 18.28   | 18.1013 | 18.1601 |      1.31531e+06 |              0 |                1 |            0 |           0 |       1 |           -1 |
+---------+---------------------------+---------+---------+---------+---------+------------------+----------------+------------------+--------------+-------------+---------+--------------+
|       4 | 2023-11-07 09:50:00-05:00 | 18.16   | 18.39   | 18.14   | 18.31   |      1.35121e+06 |              0 |                0 |            1 |           0 |       1 |            0 |
+---------+---------------------------+---------+---------+---------+---------+------------------+----------------+------------------+--------------+-------------+---------+--------------+
|       5 | 2023-11-07 09:55:00-05:00 | 18.3197 | 18.46   | 18.295  | 18.455  |      1.35269e+06 |              0 |                0 |            1 |           0 |       1 |            0 |
+---------+---------------------------+---------+---------+---------+---------+------------------+----------------+------------------+--------------+-------------+---------+--------------+
|       6 | 2023-11-07 10:00:00-05:00 | 18.4587 | 18.56   | 18.4029 | 18.4483 |      1.84479e+06 |              0 |                0 |            1 |           0 |       1 |            0 |
+---------+---------------------------+---------+---------+---------+---------+------------------+----------------+------------------+--------------+-------------+---------+--------------+
|       7 | 2023-11-07 10:05:00-05:00 | 18.45   | 18.47   | 18.31   | 18.3128 |      1.24521e+06 |              0 |                0 |            1 |           0 |       1 |            0 |
+---------+---------------------------+---------+---------+---------+---------+------------------+----------------+------------------+--------------+-------------+---------+--------------+
|       8 | 2023-11-07 10:10:00-05:00 | 18.3102 | 18.42   | 18.26   | 18.37   |      1.24684e+06 |              0 |                0 |            1 |           0 |       1 |            0 |
+---------+---------------------------+---------+---------+---------+---------+------------------+----------------+------------------+--------------+-------------+---------+--------------+
|       9 | 2023-11-07 10:15:00-05:00 | 18.335  | 18.4586 | 18.3301 | 18.42   | 888067           |              0 |                0 |            1 |           0 |       1 |            0 |
+---------+---------------------------+---------+---------+---------+---------+------------------+----------------+------------------+--------------+-------------+---------+--------------+
|      10 | 2023-11-07 10:20:00-05:00 | 18.4199 | 18.46   | 18.35   | 18.4517 | 774012           |              0 |                0 |            1 |           0 |       1 |            0 |
+---------+---------------------------+---------+---------+---------+---------+------------------+----------------+------------------+--------------+-------------+---------+--------------+
|      11 | 2023-11-07 10:25:00-05:00 | 18.45   | 18.55   | 18.41   | 18.52   |      1.33356e+06 |              0 |                0 |            1 |           0 |       1 |            0 |
+---------+---------------------------+---------+---------+---------+---------+------------------+----------------+------------------+--------------+-------------+---------+--------------+
|      12 | 2023-11-07 10:30:00-05:00 | 18.52   | 18.67   | 18.5    | 18.66   |      1.33814e+06 |              0 |                0 |            1 |           0 |       1 |            0 |
+---------+---------------------------+---------+---------+---------+---------+------------------+----------------+------------------+--------------+-------------+---------+--------------+
|      13 | 2023-11-07 10:35:00-05:00 | 18.66   | 18.78   | 18.66   | 18.77   |      1.13808e+06 |              0 |                0 |            1 |           0 |       1 |            0 |
+---------+---------------------------+---------+---------+---------+---------+------------------+----------------+------------------+--------------+-------------+---------+--------------+
|      14 | 2023-11-07 10:40:00-05:00 | 18.77   | 18.81   | 18.69   | 18.74   |      1.02929e+06 |              1 |                0 |            1 |           0 |       2 |            1 |
+---------+---------------------------+---------+---------+---------+---------+------------------+----------------+------------------+--------------+-------------+---------+--------------+
|      15 | 2023-11-07 10:45:00-05:00 | 18.7412 | 18.8    | 18.7    | 18.79   |      1.03501e+06 |              1 |                0 |            1 |           0 |       2 |            0 |
+---------+---------------------------+---------+---------+---------+---------+------------------+----------------+------------------+--------------+-------------+---------+--------------+
|      16 | 2023-11-07 10:50:00-05:00 | 18.79   | 18.8768 | 18.755  | 18.825  | 969405           |              1 |                0 |            1 |           0 |       2 |            0 |
+---------+---------------------------+---------+---------+---------+---------+------------------+----------------+------------------+--------------+-------------+---------+--------------+
|      17 | 2023-11-07 10:55:00-05:00 | 18.82   | 18.8599 | 18.8101 | 18.84   | 728639           |              1 |                0 |            1 |           1 |       3 |            1 |
+---------+---------------------------+---------+---------+---------+---------+------------------+----------------+------------------+--------------+-------------+---------+--------------+
|      18 | 2023-11-07 11:00:00-05:00 | 18.845  | 18.86   | 18.69   | 18.7182 | 914148           |              1 |                0 |            1 |           1 |       3 |            0 |
+---------+---------------------------+---------+---------+---------+---------+------------------+----------------+------------------+--------------+-------------+---------+--------------+
|      19 | 2023-11-07 11:05:00-05:00 | 18.72   | 18.7887 | 18.72   | 18.745  | 522750           |              1 |                0 |            1 |           1 |       3 |            0 |
+---------+---------------------------+---------+---------+---------+---------+------------------+----------------+------------------+--------------+-------------+---------+--------------+
|      20 | 2023-11-07 11:10:00-05:00 | 18.745  | 18.8199 | 18.7136 | 18.76   | 615348           |              1 |                0 |            1 |           1 |       3 |            0 |
+---------+---------------------------+---------+---------+---------+---------+------------------+----------------+------------------+--------------+-------------+---------+--------------+
|      21 | 2023-11-07 11:15:00-05:00 | 18.7512 | 18.7512 | 18.689  | 18.6902 | 410051           |              1 |                0 |            1 |           1 |       3 |            0 |
+---------+---------------------------+---------+---------+---------+---------+------------------+----------------+------------------+--------------+-------------+---------+--------------+
|      22 | 2023-11-07 11:20:00-05:00 | 18.69   | 18.75   | 18.67   | 18.69   | 675224           |              1 |                0 |            0 |           1 |       2 |           -1 |
+---------+---------------------------+---------+---------+---------+---------+------------------+----------------+------------------+--------------+-------------+---------+--------------+
|      23 | 2023-11-07 11:25:00-05:00 | 18.69   | 18.73   | 18.6606 | 18.69   | 540395           |              1 |                0 |            0 |           1 |       2 |            0 |
+---------+---------------------------+---------+---------+---------+---------+------------------+----------------+------------------+--------------+-------------+---------+--------------+
|      24 | 2023-11-07 11:30:00-05:00 | 18.69   | 18.79   | 18.68   | 18.77   | 666793           |              1 |                0 |            0 |           1 |       2 |            0 |
+---------+---------------------------+---------+---------+---------+---------+------------------+----------------+------------------+--------------+-------------+---------+--------------+
|      25 | 2023-11-07 11:35:00-05:00 | 18.76   | 18.76   | 18.7001 | 18.71   | 599299           |              1 |                0 |            0 |           1 |       2 |            0 |
+---------+---------------------------+---------+---------+---------+---------+------------------+----------------+------------------+--------------+-------------+---------+--------------+
|      26 | 2023-11-07 11:40:00-05:00 | 18.7138 | 18.74   | 18.6812 | 18.699  | 367514           |              0 |                0 |            0 |           1 |       1 |           -1 |
+---------+---------------------------+---------+---------+---------+---------+------------------+----------------+------------------+--------------+-------------+---------+--------------+
|      27 | 2023-11-07 11:45:00-05:00 | 18.699  | 18.7199 | 18.51   | 18.59   |      1.10251e+06 |              0 |                0 |            0 |           1 |       1 |            0 |
+---------+---------------------------+---------+---------+---------+---------+------------------+----------------+------------------+--------------+-------------+---------+--------------+
|      28 | 2023-11-07 11:50:00-05:00 | 18.585  | 18.61   | 18.5487 | 18.56   | 411851           |              0 |                0 |            0 |           1 |       1 |            0 |
+---------+---------------------------+---------+---------+---------+---------+------------------+----------------+------------------+--------------+-------------+---------+--------------+
|      29 | 2023-11-07 11:55:00-05:00 | 18.565  | 18.6403 | 18.55   | 18.605  | 420479           |              0 |                0 |            0 |           1 |       1 |            0 |
+---------+---------------------------+---------+---------+---------+---------+------------------+----------------+------------------+--------------+-------------+---------+--------------+
|      30 | 2023-11-07 12:00:00-05:00 | 18.6021 | 18.61   | 18.47   | 18.4936 | 879416           |              0 |                0 |            0 |           1 |       1 |            0 |
+---------+---------------------------+---------+---------+---------+---------+------------------+----------------+------------------+--------------+-------------+---------+--------------+
|      31 | 2023-11-07 12:05:00-05:00 | 18.49   | 18.56   | 18.46   | 18.52   | 495320           |              0 |                0 |            0 |           1 |       1 |            0 |
+---------+---------------------------+---------+---------+---------+---------+------------------+----------------+------------------+--------------+-------------+---------+--------------+
|      32 | 2023-11-07 12:10:00-05:00 | 18.52   | 18.53   | 18.49   | 18.53   | 261959           |              0 |                0 |            0 |           1 |       1 |            0 |
+---------+---------------------------+---------+---------+---------+---------+------------------+----------------+------------------+--------------+-------------+---------+--------------+
|      33 | 2023-11-07 12:15:00-05:00 | 18.53   | 18.53   | 18.45   | 18.4987 | 546866           |              0 |                0 |            0 |           1 |       1 |            0 |
+---------+---------------------------+---------+---------+---------+---------+------------------+----------------+------------------+--------------+-------------+---------+--------------+
|      34 | 2023-11-07 12:20:00-05:00 | 18.4962 | 18.5    | 18.4201 | 18.455  | 435340           |              0 |                0 |            0 |           1 |       1 |            0 |
+---------+---------------------------+---------+---------+---------+---------+------------------+----------------+------------------+--------------+-------------+---------+--------------+
|      35 | 2023-11-07 12:25:00-05:00 | 18.47   | 18.486  | 18.4    | 18.4099 | 518635           |              0 |                0 |            0 |           0 |       0 |           -1 |
+---------+---------------------------+---------+---------+---------+---------+------------------+----------------+------------------+--------------+-------------+---------+--------------+
|      36 | 2023-11-07 12:30:00-05:00 | 18.41   | 18.4771 | 18.3313 | 18.4594 |      1.17325e+06 |              0 |                1 |            0 |           0 |       1 |            1 |
+---------+---------------------------+---------+---------+---------+---------+------------------+----------------+------------------+--------------+-------------+---------+--------------+
|      37 | 2023-11-07 12:35:00-05:00 | 18.4699 | 18.5399 | 18.44   | 18.525  | 581505           |              1 |                1 |            0 |           0 |       2 |            1 |
+---------+---------------------------+---------+---------+---------+---------+------------------+----------------+------------------+--------------+-------------+---------+--------------+
|      38 | 2023-11-07 12:40:00-05:00 | 18.5299 | 18.5485 | 18.48   | 18.5372 | 361838           |              0 |                0 |            0 |           0 |       0 |           -2 |
+---------+---------------------------+---------+---------+---------+---------+------------------+----------------+------------------+--------------+-------------+---------+--------------+
|      39 | 2023-11-07 12:45:00-05:00 | 18.535  | 18.59   | 18.4811 | 18.5    | 609088           |              0 |                0 |            0 |           0 |       0 |            0 |
+---------+---------------------------+---------+---------+---------+---------+------------------+----------------+------------------+--------------+-------------+---------+--------------+
|      40 | 2023-11-07 12:50:00-05:00 | 18.5    | 18.54   | 18.47   | 18.5199 | 435277           |              1 |                0 |            0 |           0 |       1 |            1 |
+---------+---------------------------+---------+---------+---------+---------+------------------+----------------+------------------+--------------+-------------+---------+--------------+
|      41 | 2023-11-07 12:55:00-05:00 | 18.52   | 18.58   | 18.4901 | 18.57   | 309979           |              1 |                0 |            0 |           0 |       1 |            0 |
+---------+---------------------------+---------+---------+---------+---------+------------------+----------------+------------------+--------------+-------------+---------+--------------+
|      42 | 2023-11-07 13:00:00-05:00 | 18.5712 | 18.62   | 18.54   | 18.5525 | 630352           |              1 |                0 |            0 |           0 |       1 |            0 |
+---------+---------------------------+---------+---------+---------+---------+------------------+----------------+------------------+--------------+-------------+---------+--------------+
|      43 | 2023-11-07 13:05:00-05:00 | 18.56   | 18.6399 | 18.5401 | 18.63   | 428626           |              1 |                0 |            1 |           0 |       2 |            1 |
+---------+---------------------------+---------+---------+---------+---------+------------------+----------------+------------------+--------------+-------------+---------+--------------+
|      44 | 2023-11-07 13:10:00-05:00 | 18.63   | 18.66   | 18.6101 | 18.65   | 359943           |              1 |                0 |            1 |           0 |       2 |            0 |
+---------+---------------------------+---------+---------+---------+---------+------------------+----------------+------------------+--------------+-------------+---------+--------------+
|      45 | 2023-11-07 13:15:00-05:00 | 18.64   | 18.69   | 18.6224 | 18.6826 | 448555           |              1 |                0 |            1 |           0 |       2 |            0 |
+---------+---------------------------+---------+---------+---------+---------+------------------+----------------+------------------+--------------+-------------+---------+--------------+
|      46 | 2023-11-07 13:20:00-05:00 | 18.6801 | 18.7099 | 18.6    | 18.665  | 813730           |              1 |                0 |            1 |           0 |       2 |            0 |
+---------+---------------------------+---------+---------+---------+---------+------------------+----------------+------------------+--------------+-------------+---------+--------------+
|      47 | 2023-11-07 13:25:00-05:00 | 18.6618 | 18.6799 | 18.6125 | 18.6125 | 316599           |              1 |                0 |            1 |           0 |       2 |            0 |
+---------+---------------------------+---------+---------+---------+---------+------------------+----------------+------------------+--------------+-------------+---------+--------------+
|      48 | 2023-11-07 13:30:00-05:00 | 18.62   | 18.6695 | 18.62   | 18.64   | 370171           |              1 |                0 |            1 |           0 |       2 |            0 |
+---------+---------------------------+---------+---------+---------+---------+------------------+----------------+------------------+--------------+-------------+---------+--------------+
|      49 | 2023-11-07 13:35:00-05:00 | 18.65   | 18.67   | 18.63   | 18.6611 | 353980           |              1 |                0 |            1 |           0 |       2 |            0 |
+---------+---------------------------+---------+---------+---------+---------+------------------+----------------+------------------+--------------+-------------+---------+--------------+
|      50 | 2023-11-07 13:40:00-05:00 | 18.6699 | 18.6699 | 18.6001 | 18.62   | 336170           |              1 |                0 |            1 |           0 |       2 |            0 |
+---------+---------------------------+---------+---------+---------+---------+------------------+----------------+------------------+--------------+-------------+---------+--------------+
|      51 | 2023-11-07 13:45:00-05:00 | 18.62   | 18.69   | 18.62   | 18.665  | 346681           |              1 |                0 |            1 |           1 |       3 |            1 |
+---------+---------------------------+---------+---------+---------+---------+------------------+----------------+------------------+--------------+-------------+---------+--------------+
|      52 | 2023-11-07 13:50:00-05:00 | 18.6678 | 18.7    | 18.64   | 18.65   | 466014           |              1 |                0 |            1 |           1 |       3 |            0 |
+---------+---------------------------+---------+---------+---------+---------+------------------+----------------+------------------+--------------+-------------+---------+--------------+
|      53 | 2023-11-07 13:55:00-05:00 | 18.65   | 18.6759 | 18.61   | 18.6234 | 351594           |              1 |                0 |            1 |           1 |       3 |            0 |
+---------+---------------------------+---------+---------+---------+---------+------------------+----------------+------------------+--------------+-------------+---------+--------------+
|      54 | 2023-11-07 14:00:00-05:00 | 18.6299 | 18.68   | 18.625  | 18.65   | 220032           |              1 |                0 |            1 |           0 |       2 |           -1 |
+---------+---------------------------+---------+---------+---------+---------+------------------+----------------+------------------+--------------+-------------+---------+--------------+
|      55 | 2023-11-07 14:05:00-05:00 | 18.65   | 18.655  | 18.59   | 18.6235 | 365480           |              0 |                0 |            1 |           0 |       1 |           -1 |
+---------+---------------------------+---------+---------+---------+---------+------------------+----------------+------------------+--------------+-------------+---------+--------------+
|      56 | 2023-11-07 14:10:00-05:00 | 18.6292 | 18.6681 | 18.61   | 18.615  | 282070           |              0 |                0 |            0 |           0 |       0 |           -1 |
+---------+---------------------------+---------+---------+---------+---------+------------------+----------------+------------------+--------------+-------------+---------+--------------+
|      57 | 2023-11-07 14:15:00-05:00 | 18.6199 | 18.6699 | 18.6    | 18.6634 | 192281           |              0 |                0 |            0 |           0 |       0 |            0 |
+---------+---------------------------+---------+---------+---------+---------+------------------+----------------+------------------+--------------+-------------+---------+--------------+
|      58 | 2023-11-07 14:20:00-05:00 | 18.661  | 18.69   | 18.6501 | 18.675  | 393265           |              0 |                0 |            1 |           0 |       1 |            1 |
+---------+---------------------------+---------+---------+---------+---------+------------------+----------------+------------------+--------------+-------------+---------+--------------+
|      59 | 2023-11-07 14:25:00-05:00 | 18.675  | 18.68   | 18.635  | 18.665  | 169937           |              0 |                0 |            1 |           1 |       2 |            1 |
+---------+---------------------------+---------+---------+---------+---------+------------------+----------------+------------------+--------------+-------------+---------+--------------+
|      60 | 2023-11-07 14:30:00-05:00 | 18.67   | 18.71   | 18.67   | 18.7    | 452083           |              0 |                0 |            1 |           1 |       2 |            0 |
+---------+---------------------------+---------+---------+---------+---------+------------------+----------------+------------------+--------------+-------------+---------+--------------+
|      61 | 2023-11-07 14:35:00-05:00 | 18.695  | 18.74   | 18.675  | 18.675  | 573613           |              1 |                0 |            1 |           1 |       3 |            1 |
+---------+---------------------------+---------+---------+---------+---------+------------------+----------------+------------------+--------------+-------------+---------+--------------+
|      62 | 2023-11-07 14:40:00-05:00 | 18.68   | 18.6868 | 18.5717 | 18.61   | 508301           |              0 |                0 |            0 |           1 |       1 |           -2 |
+---------+---------------------------+---------+---------+---------+---------+------------------+----------------+------------------+--------------+-------------+---------+--------------+
|      63 | 2023-11-07 14:45:00-05:00 | 18.65   | 18.66   | 18.59   | 18.605  | 312525           |              0 |                0 |            0 |           1 |       1 |            0 |
+---------+---------------------------+---------+---------+---------+---------+------------------+----------------+------------------+--------------+-------------+---------+--------------+
|      64 | 2023-11-07 14:50:00-05:00 | 18.6    | 18.61   | 18.5739 | 18.591  | 322446           |              0 |                0 |            0 |           1 |       1 |            0 |
+---------+---------------------------+---------+---------+---------+---------+------------------+----------------+------------------+--------------+-------------+---------+--------------+
|      65 | 2023-11-07 14:55:00-05:00 | 18.5932 | 18.64   | 18.59   | 18.6299 | 352127           |              0 |                0 |            0 |           1 |       1 |            0 |
+---------+---------------------------+---------+---------+---------+---------+------------------+----------------+------------------+--------------+-------------+---------+--------------+
|      66 | 2023-11-07 15:00:00-05:00 | 18.63   | 18.635  | 18.5512 | 18.5603 | 588824           |              0 |                0 |            0 |           0 |       0 |           -1 |
+---------+---------------------------+---------+---------+---------+---------+------------------+----------------+------------------+--------------+-------------+---------+--------------+
|      67 | 2023-11-07 15:05:00-05:00 | 18.5699 | 18.6    | 18.54   | 18.595  | 559699           |              0 |                0 |            0 |           0 |       0 |            0 |
+---------+---------------------------+---------+---------+---------+---------+------------------+----------------+------------------+--------------+-------------+---------+--------------+
|      68 | 2023-11-07 15:10:00-05:00 | 18.6    | 18.6481 | 18.57   | 18.6416 | 516917           |              0 |                0 |            0 |           0 |       0 |            0 |
+---------+---------------------------+---------+---------+---------+---------+------------------+----------------+------------------+--------------+-------------+---------+--------------+
|      69 | 2023-11-07 15:15:00-05:00 | 18.64   | 18.68   | 18.61   | 18.6778 | 400811           |              1 |                0 |            0 |           0 |       1 |            1 |
+---------+---------------------------+---------+---------+---------+---------+------------------+----------------+------------------+--------------+-------------+---------+--------------+
|      70 | 2023-11-07 15:20:00-05:00 | 18.67   | 18.7278 | 18.63   | 18.725  | 755782           |              1 |                0 |            1 |           0 |       2 |            1 |
+---------+---------------------------+---------+---------+---------+---------+------------------+----------------+------------------+--------------+-------------+---------+--------------+
|      71 | 2023-11-07 15:25:00-05:00 | 18.72   | 18.74   | 18.705  | 18.7235 | 484095           |              1 |                0 |            1 |           0 |       2 |            0 |
+---------+---------------------------+---------+---------+---------+---------+------------------+----------------+------------------+--------------+-------------+---------+--------------+
|      72 | 2023-11-07 15:30:00-05:00 | 18.73   | 18.755  | 18.72   | 18.733  | 400559           |              1 |                0 |            1 |           0 |       2 |            0 |
+---------+---------------------------+---------+---------+---------+---------+------------------+----------------+------------------+--------------+-------------+---------+--------------+
|      73 | 2023-11-07 15:35:00-05:00 | 18.73   | 18.76   | 18.72   | 18.7574 | 273061           |              1 |                0 |            1 |           1 |       3 |            1 |
+---------+---------------------------+---------+---------+---------+---------+------------------+----------------+------------------+--------------+-------------+---------+--------------+
|      74 | 2023-11-07 15:40:00-05:00 | 18.7503 | 18.7503 | 18.71   | 18.74   | 395044           |              1 |                0 |            1 |           1 |       3 |            0 |
+---------+---------------------------+---------+---------+---------+---------+------------------+----------------+------------------+--------------+-------------+---------+--------------+
|      75 | 2023-11-07 15:45:00-05:00 | 18.74   | 18.76   | 18.67   | 18.7    | 721516           |              0 |                0 |            1 |           1 |       2 |           -1 |
+---------+---------------------------+---------+---------+---------+---------+------------------+----------------+------------------+--------------+-------------+---------+--------------+
|      76 | 2023-11-07 15:50:00-05:00 | 18.7    | 18.7    | 18.57   | 18.6    |      1.04664e+06 |              0 |                0 |            0 |           0 |       0 |           -2 |
+---------+---------------------------+---------+---------+---------+---------+------------------+----------------+------------------+--------------+-------------+---------+--------------+
|      77 | 2023-11-07 15:55:00-05:00 | 18.6    | 18.62   | 18.54   | 18.6    |      1.3487e+06  |              0 |                0 |            0 |           0 |       0 |            0 |
+---------+---------------------------+---------+---------+---------+---------+------------------+----------------+------------------+--------------+-------------+---------+--------------+
|      78 | 2023-11-08 09:30:00-05:00 | 18.66   | 18.75   | 18.49   | 18.7496 |      3.67746e+06 |              1 |                0 |            0 |           0 |       1 |            1 |
+---------+---------------------------+---------+---------+---------+---------+------------------+----------------+------------------+--------------+-------------+---------+--------------+
|      79 | 2023-11-08 09:35:00-05:00 | 18.745  | 18.8999 | 18.7    | 18.8802 |      1.86898e+06 |              1 |                0 |            1 |           0 |       2 |            1 |
+---------+---------------------------+---------+---------+---------+---------+------------------+----------------+------------------+--------------+-------------+---------+--------------+
|      80 | 2023-11-08 09:40:00-05:00 | 18.88   | 18.9    | 18.76   | 18.7982 |      1.56855e+06 |              1 |                0 |            1 |           1 |       3 |            1 |
+---------+---------------------------+---------+---------+---------+---------+------------------+----------------+------------------+--------------+-------------+---------+--------------+
|      81 | 2023-11-08 09:45:00-05:00 | 18.8    | 18.9    | 18.72   | 18.74   |      1.71056e+06 |              1 |                0 |            1 |           1 |       3 |            0 |
+---------+---------------------------+---------+---------+---------+---------+------------------+----------------+------------------+--------------+-------------+---------+--------------+
|      82 | 2023-11-08 09:50:00-05:00 | 18.745  | 18.96   | 18.7401 | 18.899  |      1.2864e+06  |              1 |                0 |            1 |           1 |       3 |            0 |
+---------+---------------------------+---------+---------+---------+---------+------------------+----------------+------------------+--------------+-------------+---------+--------------+
|      83 | 2023-11-08 09:55:00-05:00 | 18.9    | 18.91   | 18.65   | 18.715  |      1.13033e+06 |              0 |                0 |            1 |           1 |       2 |           -1 |
+---------+---------------------------+---------+---------+---------+---------+------------------+----------------+------------------+--------------+-------------+---------+--------------+
|      84 | 2023-11-08 10:00:00-05:00 | 18.72   | 18.73   | 18.5    | 18.52   |      1.31437e+06 |              0 |                0 |            0 |           1 |       1 |           -1 |
+---------+---------------------------+---------+---------+---------+---------+------------------+----------------+------------------+--------------+-------------+---------+--------------+
|      85 | 2023-11-08 10:05:00-05:00 | 18.52   | 18.67   | 18.49   | 18.655  |      1.01882e+06 |              0 |                0 |            0 |           1 |       1 |            0 |
+---------+---------------------------+---------+---------+---------+---------+------------------+----------------+------------------+--------------+-------------+---------+--------------+
|      86 | 2023-11-08 10:10:00-05:00 | 18.6504 | 18.68   | 18.55   | 18.5799 | 733908           |              0 |                0 |            0 |           1 |       1 |            0 |
+---------+---------------------------+---------+---------+---------+---------+------------------+----------------+------------------+--------------+-------------+---------+--------------+
|      87 | 2023-11-08 10:15:00-05:00 | 18.57   | 18.6442 | 18.53   | 18.6003 | 632445           |              0 |                0 |            0 |           1 |       1 |            0 |
+---------+---------------------------+---------+---------+---------+---------+------------------+----------------+------------------+--------------+-------------+---------+--------------+
|      88 | 2023-11-08 10:20:00-05:00 | 18.605  | 18.6199 | 18.49   | 18.5392 | 720078           |              0 |                0 |            0 |           1 |       1 |            0 |
+---------+---------------------------+---------+---------+---------+---------+------------------+----------------+------------------+--------------+-------------+---------+--------------+
|      89 | 2023-11-08 10:25:00-05:00 | 18.535  | 18.55   | 18.49   | 18.5299 | 503021           |              0 |                0 |            0 |           1 |       1 |            0 |
+---------+---------------------------+---------+---------+---------+---------+------------------+----------------+------------------+--------------+-------------+---------+--------------+
|      90 | 2023-11-08 10:30:00-05:00 | 18.52   | 18.6    | 18.505  | 18.5963 | 650314           |              1 |                1 |            0 |           1 |       3 |            2 |
+---------+---------------------------+---------+---------+---------+---------+------------------+----------------+------------------+--------------+-------------+---------+--------------+
|      91 | 2023-11-08 10:35:00-05:00 | 18.59   | 18.61   | 18.49   | 18.4952 | 820921           |              0 |                1 |            0 |           1 |       2 |           -1 |
+---------+---------------------------+---------+---------+---------+---------+------------------+----------------+------------------+--------------+-------------+---------+--------------+
|      92 | 2023-11-08 10:40:00-05:00 | 18.495  | 18.5099 | 18.42   | 18.49   |      1.12426e+06 |              0 |                1 |            0 |           1 |       2 |            0 |
+---------+---------------------------+---------+---------+---------+---------+------------------+----------------+------------------+--------------+-------------+---------+--------------+
|      93 | 2023-11-08 10:45:00-05:00 | 18.4903 | 18.51   | 18.46   | 18.5    | 661849           |              0 |                1 |            0 |           1 |       2 |            0 |
+---------+---------------------------+---------+---------+---------+---------+------------------+----------------+------------------+--------------+-------------+---------+--------------+
|      94 | 2023-11-08 10:50:00-05:00 | 18.5    | 18.5012 | 18.43   | 18.45   | 670233           |              0 |                1 |            0 |           1 |       2 |            0 |
+---------+---------------------------+---------+---------+---------+---------+------------------+----------------+------------------+--------------+-------------+---------+--------------+
|      95 | 2023-11-08 10:55:00-05:00 | 18.4599 | 18.5296 | 18.42   | 18.4424 | 696656           |              0 |                1 |            0 |           0 |       1 |           -1 |
+---------+---------------------------+---------+---------+---------+---------+------------------+----------------+------------------+--------------+-------------+---------+--------------+
|      96 | 2023-11-08 11:00:00-05:00 | 18.45   | 18.51   | 18.4198 | 18.4895 | 617875           |              0 |                1 |            0 |           0 |       1 |            0 |
+---------+---------------------------+---------+---------+---------+---------+------------------+----------------+------------------+--------------+-------------+---------+--------------+
|      97 | 2023-11-08 11:05:00-05:00 | 18.49   | 18.505  | 18.4165 | 18.43   | 416596           |              0 |                1 |            0 |           0 |       1 |            0 |
+---------+---------------------------+---------+---------+---------+---------+------------------+----------------+------------------+--------------+-------------+---------+--------------+
|      98 | 2023-11-08 11:10:00-05:00 | 18.425  | 18.51   | 18.425  | 18.4979 | 479799           |              1 |                1 |            0 |           0 |       2 |            1 |
+---------+---------------------------+---------+---------+---------+---------+------------------+----------------+------------------+--------------+-------------+---------+--------------+
|      99 | 2023-11-08 11:15:00-05:00 | 18.495  | 18.5699 | 18.47   | 18.56   | 612032           |              1 |                1 |            0 |           0 |       2 |            0 |
+---------+---------------------------+---------+---------+---------+---------+------------------+----------------+------------------+--------------+-------------+---------+--------------+
|     100 | 2023-11-08 11:20:00-05:00 | 18.56   | 18.58   | 18.49   | 18.53   | 719128           |              1 |                1 |            1 |           0 |       3 |            1 |
+---------+---------------------------+---------+---------+---------+---------+------------------+----------------+------------------+--------------+-------------+---------+--------------+
|     101 | 2023-11-08 11:25:00-05:00 | 18.54   | 18.54   | 18.48   | 18.51   | 293965           |              1 |                1 |            1 |           0 |       3 |            0 |
+---------+---------------------------+---------+---------+---------+---------+------------------+----------------+------------------+--------------+-------------+---------+--------------+
|     102 | 2023-11-08 11:30:00-05:00 | 18.51   | 18.61   | 18.5    | 18.57   |      1.09566e+06 |              1 |                1 |            1 |           0 |       3 |            0 |
+---------+---------------------------+---------+---------+---------+---------+------------------+----------------+------------------+--------------+-------------+---------+--------------+
|     103 | 2023-11-08 11:35:00-05:00 | 18.5722 | 18.67   | 18.572  | 18.6201 | 943512           |              1 |                1 |            1 |           0 |       3 |            0 |
+---------+---------------------------+---------+---------+---------+---------+------------------+----------------+------------------+--------------+-------------+---------+--------------+
|     104 | 2023-11-08 11:40:00-05:00 | 18.62   | 18.665  | 18.58   | 18.6401 | 990500           |              1 |                0 |            1 |           0 |       2 |           -1 |
+---------+---------------------------+---------+---------+---------+---------+------------------+----------------+------------------+--------------+-------------+---------+--------------+
|     105 | 2023-11-08 11:45:00-05:00 | 18.645  | 18.7    | 18.63   | 18.64   | 560501           |              1 |                0 |            1 |           1 |       3 |            1 |
+---------+---------------------------+---------+---------+---------+---------+------------------+----------------+------------------+--------------+-------------+---------+--------------+
|     106 | 2023-11-08 11:50:00-05:00 | 18.65   | 18.6583 | 18.6    | 18.645  |      1.02736e+06 |              1 |                0 |            1 |           1 |       3 |            0 |
+---------+---------------------------+---------+---------+---------+---------+------------------+----------------+------------------+--------------+-------------+---------+--------------+
|     107 | 2023-11-08 11:55:00-05:00 | 18.64   | 18.6699 | 18.56   | 18.5636 | 642131           |              1 |                0 |            1 |           1 |       3 |            0 |
+---------+---------------------------+---------+---------+---------+---------+------------------+----------------+------------------+--------------+-------------+---------+--------------+
|     108 | 2023-11-08 12:00:00-05:00 | 18.561  | 18.59   | 18.5032 | 18.5142 |      1.11576e+06 |              1 |                0 |            1 |           1 |       3 |            0 |
+---------+---------------------------+---------+---------+---------+---------+------------------+----------------+------------------+--------------+-------------+---------+--------------+
|     109 | 2023-11-08 12:05:00-05:00 | 18.52   | 18.52   | 18.281  | 18.375  |      1.4528e+06  |              0 |                1 |            0 |           1 |       2 |           -1 |
+---------+---------------------------+---------+---------+---------+---------+------------------+----------------+------------------+--------------+-------------+---------+--------------+
|     110 | 2023-11-08 12:10:00-05:00 | 18.375  | 18.455  | 18.36   | 18.41   | 821206           |              0 |                1 |            0 |           1 |       2 |            0 |
+---------+---------------------------+---------+---------+---------+---------+------------------+----------------+------------------+--------------+-------------+---------+--------------+
|     111 | 2023-11-08 12:15:00-05:00 | 18.4    | 18.4684 | 18.3889 | 18.44   | 335502           |              1 |                1 |            0 |           0 |       2 |            0 |
+---------+---------------------------+---------+---------+---------+---------+------------------+----------------+------------------+--------------+-------------+---------+--------------+
|     112 | 2023-11-08 12:20:00-05:00 | 18.4601 | 18.47   | 18.42   | 18.4591 | 212634           |              0 |                1 |            0 |           0 |       1 |           -1 |
+---------+---------------------------+---------+---------+---------+---------+------------------+----------------+------------------+--------------+-------------+---------+--------------+
|     113 | 2023-11-08 12:25:00-05:00 | 18.4599 | 18.47   | 18.43   | 18.46   | 231571           |              0 |                1 |            0 |           0 |       1 |            0 |
+---------+---------------------------+---------+---------+---------+---------+------------------+----------------+------------------+--------------+-------------+---------+--------------+
|     114 | 2023-11-08 12:30:00-05:00 | 18.455  | 18.478  | 18.4299 | 18.47   | 288546           |              0 |                1 |            0 |           0 |       1 |            0 |
+---------+---------------------------+---------+---------+---------+---------+------------------+----------------+------------------+--------------+-------------+---------+--------------+
|     115 | 2023-11-08 12:35:00-05:00 | 18.46   | 18.54   | 18.4399 | 18.53   | 267205           |              1 |                1 |            0 |           0 |       2 |            1 |
+---------+---------------------------+---------+---------+---------+---------+------------------+----------------+------------------+--------------+-------------+---------+--------------+
|     116 | 2023-11-08 12:40:00-05:00 | 18.52   | 18.5299 | 18.47   | 18.501  | 321690           |              0 |                1 |            1 |           0 |       2 |            0 |
+---------+---------------------------+---------+---------+---------+---------+------------------+----------------+------------------+--------------+-------------+---------+--------------+
|     117 | 2023-11-08 12:45:00-05:00 | 18.501  | 18.53   | 18.475  | 18.525  | 242067           |              0 |                1 |            1 |           0 |       2 |            0 |
+---------+---------------------------+---------+---------+---------+---------+------------------+----------------+------------------+--------------+-------------+---------+--------------+
|     118 | 2023-11-08 12:50:00-05:00 | 18.525  | 18.55   | 18.5    | 18.5381 | 229818           |              0 |                1 |            1 |           0 |       2 |            0 |
+---------+---------------------------+---------+---------+---------+---------+------------------+----------------+------------------+--------------+-------------+---------+--------------+
|     119 | 2023-11-08 12:55:00-05:00 | 18.535  | 18.54   | 18.4817 | 18.51   | 169541           |              0 |                1 |            1 |           0 |       2 |            0 |
+---------+---------------------------+---------+---------+---------+---------+------------------+----------------+------------------+--------------+-------------+---------+--------------+
|     120 | 2023-11-08 13:00:00-05:00 | 18.5    | 18.61   | 18.46   | 18.565  |      1.03823e+06 |              0 |                1 |            1 |           0 |       2 |            0 |
+---------+---------------------------+---------+---------+---------+---------+------------------+----------------+------------------+--------------+-------------+---------+--------------+
|     121 | 2023-11-08 13:05:00-05:00 | 18.568  | 18.64   | 18.565  | 18.6197 | 532630           |              1 |                1 |            1 |           0 |       3 |            1 |
+---------+---------------------------+---------+---------+---------+---------+------------------+----------------+------------------+--------------+-------------+---------+--------------+
|     122 | 2023-11-08 13:10:00-05:00 | 18.6106 | 18.619  | 18.5201 | 18.525  |      3.76322e+07 |              1 |                0 |            1 |           0 |       2 |           -1 |
+---------+---------------------------+---------+---------+---------+---------+------------------+----------------+------------------+--------------+-------------+---------+--------------+
|     123 | 2023-11-08 13:15:00-05:00 | 18.53   | 18.56   | 18.5    | 18.51   | 395016           |              1 |                1 |            1 |           0 |       3 |            1 |
+---------+---------------------------+---------+---------+---------+---------+------------------+----------------+------------------+--------------+-------------+---------+--------------+
|     124 | 2023-11-08 13:20:00-05:00 | 18.519  | 18.59   | 18.47   | 18.5801 | 540047           |              1 |                0 |            1 |           0 |       2 |           -1 |
+---------+---------------------------+---------+---------+---------+---------+------------------+----------------+------------------+--------------+-------------+---------+--------------+
|     125 | 2023-11-08 13:25:00-05:00 | 18.58   | 18.62   | 18.5699 | 18.6001 | 300591           |              1 |                0 |            1 |           0 |       2 |            0 |
+---------+---------------------------+---------+---------+---------+---------+------------------+----------------+------------------+--------------+-------------+---------+--------------+
|     126 | 2023-11-08 13:30:00-05:00 | 18.608  | 18.63   | 18.59   | 18.6025 | 350484           |              1 |                0 |            1 |           0 |       2 |            0 |
+---------+---------------------------+---------+---------+---------+---------+------------------+----------------+------------------+--------------+-------------+---------+--------------+
|     127 | 2023-11-08 13:35:00-05:00 | 18.605  | 18.65   | 18.6    | 18.619  | 337518           |              1 |                0 |            1 |           0 |       2 |            0 |
+---------+---------------------------+---------+---------+---------+---------+------------------+----------------+------------------+--------------+-------------+---------+--------------+
|     128 | 2023-11-08 13:40:00-05:00 | 18.615  | 18.6385 | 18.61   | 18.62   | 264790           |              1 |                0 |            1 |           0 |       2 |            0 |
+---------+---------------------------+---------+---------+---------+---------+------------------+----------------+------------------+--------------+-------------+---------+--------------+
|     129 | 2023-11-08 13:45:00-05:00 | 18.615  | 18.65   | 18.605  | 18.635  | 204928           |              1 |                0 |            1 |           0 |       2 |            0 |
+---------+---------------------------+---------+---------+---------+---------+------------------+----------------+------------------+--------------+-------------+---------+--------------+
|     130 | 2023-11-08 13:50:00-05:00 | 18.64   | 18.67   | 18.61   | 18.645  | 401705           |              1 |                0 |            1 |           0 |       2 |            0 |
+---------+---------------------------+---------+---------+---------+---------+------------------+----------------+------------------+--------------+-------------+---------+--------------+
|     131 | 2023-11-08 13:55:00-05:00 | 18.641  | 18.66   | 18.61   | 18.63   | 290099           |              1 |                0 |            1 |           0 |       2 |            0 |
+---------+---------------------------+---------+---------+---------+---------+------------------+----------------+------------------+--------------+-------------+---------+--------------+
|     132 | 2023-11-08 14:00:00-05:00 | 18.63   | 18.695  | 18.61   | 18.68   | 414073           |              1 |                0 |            1 |           0 |       2 |            0 |
+---------+---------------------------+---------+---------+---------+---------+------------------+----------------+------------------+--------------+-------------+---------+--------------+
|     133 | 2023-11-08 14:05:00-05:00 | 18.68   | 18.74   | 18.6728 | 18.73   | 459965           |              1 |                0 |            1 |           0 |       2 |            0 |
+---------+---------------------------+---------+---------+---------+---------+------------------+----------------+------------------+--------------+-------------+---------+--------------+
|     134 | 2023-11-08 14:10:00-05:00 | 18.72   | 18.73   | 18.65   | 18.66   | 466658           |              0 |                0 |            1 |           1 |       2 |            0 |
+---------+---------------------------+---------+---------+---------+---------+------------------+----------------+------------------+--------------+-------------+---------+--------------+
|     135 | 2023-11-08 14:15:00-05:00 | 18.66   | 18.71   | 18.66   | 18.665  | 280059           |              0 |                0 |            1 |           0 |       1 |           -1 |
+---------+---------------------------+---------+---------+---------+---------+------------------+----------------+------------------+--------------+-------------+---------+--------------+
|     136 | 2023-11-08 14:20:00-05:00 | 18.6701 | 18.7    | 18.67   | 18.68   | 192698           |              1 |                0 |            1 |           0 |       2 |            1 |
+---------+---------------------------+---------+---------+---------+---------+------------------+----------------+------------------+--------------+-------------+---------+--------------+
|     137 | 2023-11-08 14:25:00-05:00 | 18.67   | 18.684  | 18.65   | 18.6632 | 222367           |              1 |                0 |            1 |           0 |       2 |            0 |
+---------+---------------------------+---------+---------+---------+---------+------------------+----------------+------------------+--------------+-------------+---------+--------------+
|     138 | 2023-11-08 14:30:00-05:00 | 18.665  | 18.72   | 18.64   | 18.655  | 632537           |              0 |                0 |            1 |           0 |       1 |           -1 |
+---------+---------------------------+---------+---------+---------+---------+------------------+----------------+------------------+--------------+-------------+---------+--------------+
|     139 | 2023-11-08 14:35:00-05:00 | 18.6504 | 18.73   | 18.6301 | 18.72   | 471291           |              1 |                0 |            1 |           1 |       3 |            2 |
+---------+---------------------------+---------+---------+---------+---------+------------------+----------------+------------------+--------------+-------------+---------+--------------+
|     140 | 2023-11-08 14:40:00-05:00 | 18.7218 | 18.74   | 18.67   | 18.7235 | 391134           |              1 |                0 |            1 |           1 |       3 |            0 |
+---------+---------------------------+---------+---------+---------+---------+------------------+----------------+------------------+--------------+-------------+---------+--------------+
|     141 | 2023-11-08 14:45:00-05:00 | 18.7208 | 18.73   | 18.68   | 18.68   | 236312           |              0 |                0 |            1 |           1 |       2 |           -1 |
+---------+---------------------------+---------+---------+---------+---------+------------------+----------------+------------------+--------------+-------------+---------+--------------+
|     142 | 2023-11-08 14:50:00-05:00 | 18.68   | 18.68   | 18.64   | 18.67   | 274617           |              0 |                0 |            1 |           1 |       2 |            0 |
+---------+---------------------------+---------+---------+---------+---------+------------------+----------------+------------------+--------------+-------------+---------+--------------+
|     143 | 2023-11-08 14:55:00-05:00 | 18.66   | 18.67   | 18.56   | 18.5688 | 409936           |              0 |                0 |            0 |           1 |       1 |           -1 |
+---------+---------------------------+---------+---------+---------+---------+------------------+----------------+------------------+--------------+-------------+---------+--------------+
|     144 | 2023-11-08 15:00:00-05:00 | 18.57   | 18.6    | 18.55   | 18.59   | 368281           |              0 |                0 |            0 |           1 |       1 |            0 |
+---------+---------------------------+---------+---------+---------+---------+------------------+----------------+------------------+--------------+-------------+---------+--------------+
|     145 | 2023-11-08 15:05:00-05:00 | 18.59   | 18.6    | 18.55   | 18.55   | 232819           |              0 |                0 |            0 |           0 |       0 |           -1 |
+---------+---------------------------+---------+---------+---------+---------+------------------+----------------+------------------+--------------+-------------+---------+--------------+
|     146 | 2023-11-08 15:10:00-05:00 | 18.56   | 18.5903 | 18.51   | 18.5903 | 354120           |              0 |                0 |            0 |           0 |       0 |            0 |
+---------+---------------------------+---------+---------+---------+---------+------------------+----------------+------------------+--------------+-------------+---------+--------------+
|     147 | 2023-11-08 15:15:00-05:00 | 18.595  | 18.635  | 18.5869 | 18.62   | 230030           |              0 |                0 |            0 |           0 |       0 |            0 |
+---------+---------------------------+---------+---------+---------+---------+------------------+----------------+------------------+--------------+-------------+---------+--------------+
|     148 | 2023-11-08 15:20:00-05:00 | 18.62   | 18.6619 | 18.6099 | 18.6619 | 226344           |              0 |                0 |            0 |           0 |       0 |            0 |
+---------+---------------------------+---------+---------+---------+---------+------------------+----------------+------------------+--------------+-------------+---------+--------------+
|     149 | 2023-11-08 15:25:00-05:00 | 18.66   | 18.6899 | 18.6435 | 18.66   | 321857           |              0 |                0 |            0 |           0 |       0 |            0 |
+---------+---------------------------+---------+---------+---------+---------+------------------+----------------+------------------+--------------+-------------+---------+--------------+
|     150 | 2023-11-08 15:30:00-05:00 | 18.67   | 18.67   | 18.6142 | 18.62   | 282095           |              0 |                0 |            0 |           0 |       0 |            0 |
+---------+---------------------------+---------+---------+---------+---------+------------------+----------------+------------------+--------------+-------------+---------+--------------+
|     151 | 2023-11-08 15:35:00-05:00 | 18.625  | 18.68   | 18.62   | 18.665  | 297863           |              0 |                0 |            0 |           0 |       0 |            0 |
+---------+---------------------------+---------+---------+---------+---------+------------------+----------------+------------------+--------------+-------------+---------+--------------+
|     152 | 2023-11-08 15:40:00-05:00 | 18.67   | 18.74   | 18.66   | 18.73   | 282031           |              1 |                0 |            1 |           0 |       2 |            2 |
+---------+---------------------------+---------+---------+---------+---------+------------------+----------------+------------------+--------------+-------------+---------+--------------+
|     153 | 2023-11-08 15:45:00-05:00 | 18.725  | 18.7278 | 18.64   | 18.64   | 515862           |              0 |                0 |            1 |           0 |       1 |           -1 |
+---------+---------------------------+---------+---------+---------+---------+------------------+----------------+------------------+--------------+-------------+---------+--------------+
|     154 | 2023-11-08 15:50:00-05:00 | 18.64   | 18.705  | 18.62   | 18.6547 | 786445           |              0 |                0 |            1 |           0 |       1 |            0 |
+---------+---------------------------+---------+---------+---------+---------+------------------+----------------+------------------+--------------+-------------+---------+--------------+
|     155 | 2023-11-08 15:55:00-05:00 | 18.65   | 18.7022 | 18.65   | 18.675  | 537812           |              1 |                0 |            1 |           0 |       2 |            1 |
+---------+---------------------------+---------+---------+---------+---------+------------------+----------------+------------------+--------------+-------------+---------+--------------+

  Buy Price  Buy Time                     Sell Price  Sell Time                      Profit    Trade Length
-----------  -------------------------  ------------  -------------------------  ----------  --------------
    18.4099  2023-11-07 12:25:00-05:00       18.4594  2023-11-07 12:30:00-05:00   0.0494995               1
    18.5372  2023-11-07 12:40:00-05:00       18.5199  2023-11-07 12:50:00-05:00  -0.0173016               2
    18.615   2023-11-07 14:10:00-05:00       18.675   2023-11-07 14:20:00-05:00   0.0599995               2
    18.5603  2023-11-07 15:00:00-05:00       18.6778  2023-11-07 15:15:00-05:00   0.117498                3
    18.6     2023-11-07 15:50:00-05:00       18.7496  2023-11-08 09:30:00-05:00   0.149599                2
    18.55    2023-11-08 15:05:00-05:00       18.73    2023-11-08 15:40:00-05:00   0.18                    7
Total Profit: 0.5392951965332031 Median Trade Length: 2.0 Average Trade Length: 2.8333333333333335
