Trading Output for es=f for the last 300 days
+---------+---------------------------+---------+---------+---------+---------+------------------+----------------+------------------+--------------+-------------+---------+--------------+
|   Index | Timestamp                 |    Open |    High |     Low |   Close |           Volume |   RSIEMA Cross |   SMA/VWAP Cross |   MACD Cross |   KNN EMA X |   Total |   Total Diff |
+=========+===========================+=========+=========+=========+=========+==================+================+==================+==============+=============+=========+==============+
|       0 | 2022-11-14 00:00:00-05:00 | 3984    | 4017.5  | 3964    | 3966    |      1.59262e+06 |              0 |                1 |            0 |           0 |       1 |            0 |
+---------+---------------------------+---------+---------+---------+---------+------------------+----------------+------------------+--------------+-------------+---------+--------------+
|       1 | 2022-11-15 00:00:00-05:00 | 3974.75 | 4050.75 | 3960    | 3999.5  |      2.23054e+06 |              0 |                1 |            1 |           0 |       2 |            1 |
+---------+---------------------------+---------+---------+---------+---------+------------------+----------------+------------------+--------------+-------------+---------+--------------+
|       2 | 2022-11-16 00:00:00-05:00 | 3992    | 4015.75 | 3962    | 3968.5  |      1.5025e+06  |              0 |                1 |            1 |           0 |       2 |            0 |
+---------+---------------------------+---------+---------+---------+---------+------------------+----------------+------------------+--------------+-------------+---------+--------------+
|       3 | 2022-11-17 00:00:00-05:00 | 3977.25 | 3990.25 | 3912.5  | 3955.25 |      1.56081e+06 |              0 |                1 |            0 |           0 |       1 |           -1 |
+---------+---------------------------+---------+---------+---------+---------+------------------+----------------+------------------+--------------+-------------+---------+--------------+
|       4 | 2022-11-18 00:00:00-05:00 | 3960.5  | 3994    | 3942.5  | 3974    |      1.53416e+06 |              0 |                1 |            1 |           0 |       2 |            1 |
+---------+---------------------------+---------+---------+---------+---------+------------------+----------------+------------------+--------------+-------------+---------+--------------+
|       5 | 2022-11-21 00:00:00-05:00 | 3972.5  | 3982    | 3937.5  | 3958    |      1.17842e+06 |              0 |                1 |            0 |           0 |       1 |           -1 |
+---------+---------------------------+---------+---------+---------+---------+------------------+----------------+------------------+--------------+-------------+---------+--------------+
|       6 | 2022-11-22 00:00:00-05:00 | 3957.75 | 4012.5  | 3945.25 | 4010.25 |      1.162e+06   |              0 |                1 |            1 |           0 |       2 |            1 |
+---------+---------------------------+---------+---------+---------+---------+------------------+----------------+------------------+--------------+-------------+---------+--------------+
|       7 | 2022-11-23 00:00:00-05:00 | 4010    | 4039.5  | 4002    | 4033    |      1.28115e+06 |              0 |                0 |            1 |           0 |       1 |           -1 |
+---------+---------------------------+---------+---------+---------+---------+------------------+----------------+------------------+--------------+-------------+---------+--------------+
|       8 | 2022-11-25 00:00:00-05:00 | 4038.75 | 4049.25 | 4024.75 | 4032.5  | 608795           |              0 |                0 |            1 |           0 |       1 |            0 |
+---------+---------------------------+---------+---------+---------+---------+------------------+----------------+------------------+--------------+-------------+---------+--------------+
|       9 | 2022-11-28 00:00:00-05:00 | 4020.25 | 4024    | 3960.25 | 3970.25 |      1.4815e+06  |              0 |                0 |            1 |           0 |       1 |            0 |
+---------+---------------------------+---------+---------+---------+---------+------------------+----------------+------------------+--------------+-------------+---------+--------------+
|      10 | 2022-11-29 00:00:00-05:00 | 3972    | 3990.25 | 3941.25 | 3962    |      1.50017e+06 |              0 |                0 |            1 |           0 |       1 |            0 |
+---------+---------------------------+---------+---------+---------+---------+------------------+----------------+------------------+--------------+-------------+---------+--------------+
|      11 | 2022-11-30 00:00:00-05:00 | 3962.25 | 4093.5  | 3942.75 | 4081.25 |      2.48e+06    |              0 |                0 |            1 |           0 |       1 |            0 |
+---------+---------------------------+---------+---------+---------+---------+------------------+----------------+------------------+--------------+-------------+---------+--------------+
|      12 | 2022-12-01 00:00:00-05:00 | 4094.5  | 4110    | 4054.5  | 4081.75 |      1.83407e+06 |              0 |                0 |            1 |           1 |       2 |            1 |
+---------+---------------------------+---------+---------+---------+---------+------------------+----------------+------------------+--------------+-------------+---------+--------------+
|      13 | 2022-12-02 00:00:00-05:00 | 4077.5  | 4085.5  | 4006.75 | 4075.5  |      1.84978e+06 |              0 |                0 |            1 |           1 |       2 |            0 |
+---------+---------------------------+---------+---------+---------+---------+------------------+----------------+------------------+--------------+-------------+---------+--------------+
|      14 | 2022-12-05 00:00:00-05:00 | 4074    | 4075.75 | 3987.25 | 4003.25 |      1.49769e+06 |              1 |                0 |            1 |           1 |       3 |            1 |
+---------+---------------------------+---------+---------+---------+---------+------------------+----------------+------------------+--------------+-------------+---------+--------------+
|      15 | 2022-12-06 00:00:00-05:00 | 4005.75 | 4014.75 | 3921.5  | 3945    |      1.8691e+06  |              1 |                0 |            0 |           1 |       2 |           -1 |
+---------+---------------------------+---------+---------+---------+---------+------------------+----------------+------------------+--------------+-------------+---------+--------------+
|      16 | 2022-12-07 00:00:00-05:00 | 3944.5  | 3961.5  | 3914    | 3936.75 |      1.75647e+06 |              1 |                0 |            0 |           1 |       2 |            0 |
+---------+---------------------------+---------+---------+---------+---------+------------------+----------------+------------------+--------------+-------------+---------+--------------+
|      17 | 2022-12-08 00:00:00-05:00 | 3935.75 | 3977.25 | 3916    | 3965.75 |      1.70892e+06 |              1 |                1 |            0 |           0 |       2 |            0 |
+---------+---------------------------+---------+---------+---------+---------+------------------+----------------+------------------+--------------+-------------+---------+--------------+
|      18 | 2022-12-09 00:00:00-05:00 | 3964.75 | 3990    | 3930    | 3936.25 |      1.73976e+06 |              1 |                1 |            0 |           0 |       2 |            0 |
+---------+---------------------------+---------+---------+---------+---------+------------------+----------------+------------------+--------------+-------------+---------+--------------+
|      19 | 2022-12-12 00:00:00-05:00 | 3933    | 3992.75 | 3924.5  | 3991.75 |      1.61998e+06 |              1 |                1 |            0 |           1 |       3 |            1 |
+---------+---------------------------+---------+---------+---------+---------+------------------+----------------+------------------+--------------+-------------+---------+--------------+
|      20 | 2022-12-13 00:00:00-05:00 | 3989.25 | 4145    | 3985    | 4022.25 |      1.41956e+06 |              1 |                1 |            0 |           1 |       3 |            0 |
+---------+---------------------------+---------+---------+---------+---------+------------------+----------------+------------------+--------------+-------------+---------+--------------+
|      21 | 2022-12-14 00:00:00-05:00 | 4021.75 | 4073    | 3965.25 | 3998    | 712439           |              1 |                1 |            0 |           1 |       3 |            0 |
+---------+---------------------------+---------+---------+---------+---------+------------------+----------------+------------------+--------------+-------------+---------+--------------+
|      22 | 2022-12-15 00:00:00-05:00 | 4004.25 | 4010.25 | 3878.5  | 3897    | 560669           |              1 |                1 |            0 |           1 |       3 |            0 |
+---------+---------------------------+---------+---------+---------+---------+------------------+----------------+------------------+--------------+-------------+---------+--------------+
|      23 | 2022-12-16 00:00:00-05:00 | 3890.5  | 3904.25 | 3842    | 3871.47 |      1.9657e+06  |              1 |                1 |            0 |           1 |       3 |            0 |
+---------+---------------------------+---------+---------+---------+---------+------------------+----------------+------------------+--------------+-------------+---------+--------------+
|      24 | 2022-12-19 00:00:00-05:00 | 3874    | 3899    | 3827.25 | 3845.5  |      1.40577e+06 |              1 |                1 |            0 |           1 |       3 |            0 |
+---------+---------------------------+---------+---------+---------+---------+------------------+----------------+------------------+--------------+-------------+---------+--------------+
|      25 | 2022-12-20 00:00:00-05:00 | 3842.75 | 3866.5  | 3803.5  | 3849.25 |      1.54187e+06 |              0 |                1 |            0 |           1 |       2 |           -1 |
+---------+---------------------------+---------+---------+---------+---------+------------------+----------------+------------------+--------------+-------------+---------+--------------+
|      26 | 2022-12-21 00:00:00-05:00 | 3857.25 | 3918.75 | 3855.5  | 3905.75 |      1.52207e+06 |              0 |                1 |            0 |           1 |       2 |            0 |
+---------+---------------------------+---------+---------+---------+---------+------------------+----------------+------------------+--------------+-------------+---------+--------------+
|      27 | 2022-12-22 00:00:00-05:00 | 3915    | 3919.75 | 3788.5  | 3849.25 |      1.84233e+06 |              0 |                1 |            0 |           1 |       2 |            0 |
+---------+---------------------------+---------+---------+---------+---------+------------------+----------------+------------------+--------------+-------------+---------+--------------+
|      28 | 2022-12-23 00:00:00-05:00 | 3850    | 3872.5  | 3821.25 | 3869.75 |      1.37491e+06 |              1 |                1 |            0 |           1 |       3 |            1 |
+---------+---------------------------+---------+---------+---------+---------+------------------+----------------+------------------+--------------+-------------+---------+--------------+
|      29 | 2022-12-27 00:00:00-05:00 | 3878    | 3900.5  | 3837.25 | 3855    |      1.00641e+06 |              1 |                1 |            0 |           1 |       3 |            0 |
+---------+---------------------------+---------+---------+---------+---------+------------------+----------------+------------------+--------------+-------------+---------+--------------+
|      30 | 2022-12-28 00:00:00-05:00 | 3858    | 3875    | 3804.5  | 3807.5  |      1.28281e+06 |              1 |                1 |            0 |           0 |       2 |           -1 |
+---------+---------------------------+---------+---------+---------+---------+------------------+----------------+------------------+--------------+-------------+---------+--------------+
|      31 | 2022-12-29 00:00:00-05:00 | 3811    | 3882.75 | 3806.25 | 3871.75 |      1.14698e+06 |              1 |                1 |            0 |           0 |       2 |            0 |
+---------+---------------------------+---------+---------+---------+---------+------------------+----------------+------------------+--------------+-------------+---------+--------------+
|      32 | 2022-12-30 00:00:00-05:00 | 3869.75 | 3871    | 3821.5  | 3861    |      1.40181e+06 |              1 |                1 |            0 |           0 |       2 |            0 |
+---------+---------------------------+---------+---------+---------+---------+------------------+----------------+------------------+--------------+-------------+---------+--------------+
|      33 | 2023-01-03 00:00:00-05:00 | 3895    | 3906.75 | 3814.5  | 3846    |      1.78247e+06 |              0 |                1 |            0 |           0 |       1 |           -1 |
+---------+---------------------------+---------+---------+---------+---------+------------------+----------------+------------------+--------------+-------------+---------+--------------+
|      34 | 2023-01-04 00:00:00-05:00 | 3842.75 | 3896.25 | 3836.5  | 3874.5  |      1.91216e+06 |              0 |                1 |            0 |           0 |       1 |            0 |
+---------+---------------------------+---------+---------+---------+---------+------------------+----------------+------------------+--------------+-------------+---------+--------------+
|      35 | 2023-01-05 00:00:00-05:00 | 3871    | 3885.5  | 3822.5  | 3829    |      1.67997e+06 |              0 |                1 |            0 |           0 |       1 |            0 |
+---------+---------------------------+---------+---------+---------+---------+------------------+----------------+------------------+--------------+-------------+---------+--------------+
|      36 | 2023-01-06 00:00:00-05:00 | 3833    | 3928.75 | 3819    | 3915.5  |      2.02615e+06 |              1 |                1 |            1 |           0 |       3 |            2 |
+---------+---------------------------+---------+---------+---------+---------+------------------+----------------+------------------+--------------+-------------+---------+--------------+
|      37 | 2023-01-09 00:00:00-05:00 | 3918.5  | 3973.25 | 3909.75 | 3913.75 |      1.69789e+06 |              1 |                1 |            1 |           0 |       3 |            0 |
+---------+---------------------------+---------+---------+---------+---------+------------------+----------------+------------------+--------------+-------------+---------+--------------+
|      38 | 2023-01-10 00:00:00-05:00 | 3914.5  | 3943.75 | 3891.5  | 3940.75 |      1.52096e+06 |              1 |                1 |            1 |           0 |       3 |            0 |
+---------+---------------------------+---------+---------+---------+---------+------------------+----------------+------------------+--------------+-------------+---------+--------------+
|      39 | 2023-01-11 00:00:00-05:00 | 3941    | 3992.5  | 3934.5  | 3990    |      1.39877e+06 |              1 |                1 |            1 |           0 |       3 |            0 |
+---------+---------------------------+---------+---------+---------+---------+------------------+----------------+------------------+--------------+-------------+---------+--------------+
|      40 | 2023-01-12 00:00:00-05:00 | 3991.75 | 4021.5  | 3954    | 4003.5  |      2.10259e+06 |              1 |                0 |            1 |           0 |       2 |           -1 |
+---------+---------------------------+---------+---------+---------+---------+------------------+----------------+------------------+--------------+-------------+---------+--------------+
|      41 | 2023-01-13 00:00:00-05:00 | 4003    | 4024.25 | 3961.75 | 4018.25 |      1.45678e+06 |              1 |                0 |            1 |           1 |       3 |            1 |
+---------+---------------------------+---------+---------+---------+---------+------------------+----------------+------------------+--------------+-------------+---------+--------------+
|      42 | 2023-01-17 00:00:00-05:00 | 4020    | 4035.25 | 3996.75 | 4009.5  |      1.42393e+06 |              1 |                0 |            1 |           1 |       3 |            0 |
+---------+---------------------------+---------+---------+---------+---------+------------------+----------------+------------------+--------------+-------------+---------+--------------+
|      43 | 2023-01-18 00:00:00-05:00 | 4008.5  | 4033.5  | 3943.75 | 3945.75 |      1.90255e+06 |              1 |                0 |            1 |           0 |       2 |           -1 |
+---------+---------------------------+---------+---------+---------+---------+------------------+----------------+------------------+--------------+-------------+---------+--------------+
|      44 | 2023-01-19 00:00:00-05:00 | 3945.25 | 3948.75 | 3901.75 | 3915.5  |      1.89689e+06 |              1 |                0 |            1 |           0 |       2 |            0 |
+---------+---------------------------+---------+---------+---------+---------+------------------+----------------+------------------+--------------+-------------+---------+--------------+
|      45 | 2023-01-20 00:00:00-05:00 | 3925    | 3990.5  | 3911.75 | 3988.5  |      1.62036e+06 |              1 |                0 |            1 |           0 |       2 |            0 |
+---------+---------------------------+---------+---------+---------+---------+------------------+----------------+------------------+--------------+-------------+---------+--------------+
|      46 | 2023-01-23 00:00:00-05:00 | 3987    | 4056.75 | 3980.25 | 4036.5  |      1.59474e+06 |              1 |                0 |            1 |           0 |       2 |            0 |
+---------+---------------------------+---------+---------+---------+---------+------------------+----------------+------------------+--------------+-------------+---------+--------------+
|      47 | 2023-01-24 00:00:00-05:00 | 4036.5  | 4047.5  | 4005.25 | 4032.75 |      1.47286e+06 |              1 |                0 |            1 |           0 |       2 |            0 |
+---------+---------------------------+---------+---------+---------+---------+------------------+----------------+------------------+--------------+-------------+---------+--------------+
|      48 | 2023-01-25 00:00:00-05:00 | 4039    | 4040.5  | 3963.25 | 4032    |      1.76052e+06 |              1 |                0 |            1 |           0 |       2 |            0 |
+---------+---------------------------+---------+---------+---------+---------+------------------+----------------+------------------+--------------+-------------+---------+--------------+
|      49 | 2023-01-26 00:00:00-05:00 | 4031    | 4077    | 4027.25 | 4075.5  |      1.6138e+06  |              1 |                0 |            1 |           0 |       2 |            0 |
+---------+---------------------------+---------+---------+---------+---------+------------------+----------------+------------------+--------------+-------------+---------+--------------+
|      50 | 2023-01-27 00:00:00-05:00 | 4065    | 4109.25 | 4057.25 | 4084.25 |      1.58794e+06 |              1 |                0 |            1 |           0 |       2 |            0 |
+---------+---------------------------+---------+---------+---------+---------+------------------+----------------+------------------+--------------+-------------+---------+--------------+
|      51 | 2023-01-30 00:00:00-05:00 | 4077    | 4086    | 4029.5  | 4032.5  |      1.78611e+06 |              1 |                0 |            1 |           0 |       2 |            0 |
+---------+---------------------------+---------+---------+---------+---------+------------------+----------------+------------------+--------------+-------------+---------+--------------+
|      52 | 2023-01-31 00:00:00-05:00 | 4039.25 | 4091.25 | 4007.5  | 4090    |      1.79075e+06 |              1 |                0 |            1 |           0 |       2 |            0 |
+---------+---------------------------+---------+---------+---------+---------+------------------+----------------+------------------+--------------+-------------+---------+--------------+
|      53 | 2023-02-01 00:00:00-05:00 | 4085.75 | 4163.25 | 4048.5  | 4132.25 |      2.0004e+06  |              1 |                0 |            1 |           0 |       2 |            0 |
+---------+---------------------------+---------+---------+---------+---------+------------------+----------------+------------------+--------------+-------------+---------+--------------+
|      54 | 2023-02-02 00:00:00-05:00 | 4145.5  | 4208.5  | 4136.75 | 4191.5  |      2.29073e+06 |              1 |                0 |            1 |           0 |       2 |            0 |
+---------+---------------------------+---------+---------+---------+---------+------------------+----------------+------------------+--------------+-------------+---------+--------------+
|      55 | 2023-02-03 00:00:00-05:00 | 4176    | 4194    | 4132.5  | 4147.75 |      2.355e+06   |              0 |                0 |            1 |           0 |       1 |           -1 |
+---------+---------------------------+---------+---------+---------+---------+------------------+----------------+------------------+--------------+-------------+---------+--------------+
|      56 | 2023-02-06 00:00:00-05:00 | 4134.25 | 4143    | 4104    | 4123.5  |      1.56032e+06 |              0 |                0 |            1 |           1 |       2 |            1 |
+---------+---------------------------+---------+---------+---------+---------+------------------+----------------+------------------+--------------+-------------+---------+--------------+
|      57 | 2023-02-07 00:00:00-05:00 | 4123.5  | 4188.25 | 4098.25 | 4175.75 |      2.18094e+06 |              1 |                0 |            1 |           1 |       3 |            1 |
+---------+---------------------------+---------+---------+---------+---------+------------------+----------------+------------------+--------------+-------------+---------+--------------+
|      58 | 2023-02-08 00:00:00-05:00 | 4167.25 | 4179.25 | 4121.25 | 4130.5  |      1.8041e+06  |              1 |                0 |            1 |           1 |       3 |            0 |
+---------+---------------------------+---------+---------+---------+---------+------------------+----------------+------------------+--------------+-------------+---------+--------------+
|      59 | 2023-02-09 00:00:00-05:00 | 4132.25 | 4170.25 | 4078.25 | 4091.75 |      1.82857e+06 |              0 |                0 |            1 |           0 |       1 |           -2 |
+---------+---------------------------+---------+---------+---------+---------+------------------+----------------+------------------+--------------+-------------+---------+--------------+
|      60 | 2023-02-10 00:00:00-05:00 | 4098    | 4104.25 | 4060.75 | 4099.75 |      1.74496e+06 |              0 |                0 |            0 |           0 |       0 |           -1 |
+---------+---------------------------+---------+---------+---------+---------+------------------+----------------+------------------+--------------+-------------+---------+--------------+
|      61 | 2023-02-13 00:00:00-05:00 | 4105    | 4150.75 | 4078.75 | 4147.25 |      1.37632e+06 |              0 |                0 |            0 |           0 |       0 |            0 |
+---------+---------------------------+---------+---------+---------+---------+------------------+----------------+------------------+--------------+-------------+---------+--------------+
|      62 | 2023-02-14 00:00:00-05:00 | 4149.75 | 4186.5  | 4103.75 | 4145.5  |      2.37903e+06 |              0 |                0 |            0 |           1 |       1 |            1 |
+---------+---------------------------+---------+---------+---------+---------+------------------+----------------+------------------+--------------+-------------+---------+--------------+
|      63 | 2023-02-15 00:00:00-05:00 | 4141.25 | 4161.75 | 4113    | 4158.25 |      1.61155e+06 |              0 |                0 |            0 |           1 |       1 |            0 |
+---------+---------------------------+---------+---------+---------+---------+------------------+----------------+------------------+--------------+-------------+---------+--------------+
|      64 | 2023-02-16 00:00:00-05:00 | 4159    | 4168.5  | 4095    | 4099.75 |      2.04299e+06 |              0 |                0 |            0 |           1 |       1 |            0 |
+---------+---------------------------+---------+---------+---------+---------+------------------+----------------+------------------+--------------+-------------+---------+--------------+
|      65 | 2023-02-17 00:00:00-05:00 | 4095.5  | 4096    | 4055.75 | 4087.5  |      2.00845e+06 |              0 |                0 |            0 |           1 |       1 |            0 |
+---------+---------------------------+---------+---------+---------+---------+------------------+----------------+------------------+--------------+-------------+---------+--------------+
|      66 | 2023-02-21 00:00:00-05:00 | 4083    | 4089.25 | 4002    | 4005.75 |      1.88304e+06 |              0 |                0 |            0 |           1 |       1 |            0 |
+---------+---------------------------+---------+---------+---------+---------+------------------+----------------+------------------+--------------+-------------+---------+--------------+
|      67 | 2023-02-22 00:00:00-05:00 | 4007.5  | 4025    | 3983.75 | 3999    |      1.9253e+06  |              0 |                0 |            0 |           1 |       1 |            0 |
+---------+---------------------------+---------+---------+---------+---------+------------------+----------------+------------------+--------------+-------------+---------+--------------+
|      68 | 2023-02-23 00:00:00-05:00 | 4010    | 4034.25 | 3974.25 | 4018.75 |      1.95582e+06 |              0 |                0 |            0 |           1 |       1 |            0 |
+---------+---------------------------+---------+---------+---------+---------+------------------+----------------+------------------+--------------+-------------+---------+--------------+
|      69 | 2023-02-24 00:00:00-05:00 | 4015.25 | 4023.25 | 3947.5  | 3975.75 |      2.06324e+06 |              0 |                0 |            0 |           1 |       1 |            0 |
+---------+---------------------------+---------+---------+---------+---------+------------------+----------------+------------------+--------------+-------------+---------+--------------+
|      70 | 2023-02-27 00:00:00-05:00 | 3976.5  | 4024.75 | 3973    | 3988    |      1.62196e+06 |              0 |                1 |            0 |           1 |       2 |            1 |
+---------+---------------------------+---------+---------+---------+---------+------------------+----------------+------------------+--------------+-------------+---------+--------------+
|      71 | 2023-02-28 00:00:00-05:00 | 3991.5  | 4003.75 | 3965    | 3975.5  |      1.84793e+06 |              0 |                1 |            0 |           0 |       1 |           -1 |
+---------+---------------------------+---------+---------+---------+---------+------------------+----------------+------------------+--------------+-------------+---------+--------------+
|      72 | 2023-03-01 00:00:00-05:00 | 3968.5  | 3991    | 3943    | 3956.5  |      2.04232e+06 |              0 |                1 |            0 |           0 |       1 |            0 |
+---------+---------------------------+---------+---------+---------+---------+------------------+----------------+------------------+--------------+-------------+---------+--------------+
|      73 | 2023-03-02 00:00:00-05:00 | 3959.75 | 3995.25 | 3925    | 3984.75 |      1.83656e+06 |              0 |                1 |            0 |           0 |       1 |            0 |
+---------+---------------------------+---------+---------+---------+---------+------------------+----------------+------------------+--------------+-------------+---------+--------------+
|      74 | 2023-03-03 00:00:00-05:00 | 3983    | 4053    | 3974    | 4049.75 |      1.6651e+06  |              1 |                1 |            0 |           1 |       3 |            2 |
+---------+---------------------------+---------+---------+---------+---------+------------------+----------------+------------------+--------------+-------------+---------+--------------+
|      75 | 2023-03-06 00:00:00-05:00 | 4049.25 | 4082.5  | 4041.75 | 4052.5  |      1.52884e+06 |              0 |                0 |            0 |           1 |       1 |           -2 |
+---------+---------------------------+---------+---------+---------+---------+------------------+----------------+------------------+--------------+-------------+---------+--------------+
|      76 | 2023-03-07 00:00:00-05:00 | 4053.75 | 4064.5  | 3982.5  | 3989.75 |      2.14162e+06 |              0 |                0 |            0 |           1 |       1 |            0 |
+---------+---------------------------+---------+---------+---------+---------+------------------+----------------+------------------+--------------+-------------+---------+--------------+
|      77 | 2023-03-08 00:00:00-05:00 | 3990    | 4003.25 | 3971.5  | 3995    |      1.83171e+06 |              0 |                0 |            0 |           1 |       1 |            0 |
+---------+---------------------------+---------+---------+---------+---------+------------------+----------------+------------------+--------------+-------------+---------+--------------+
|      78 | 2023-03-09 00:00:00-05:00 | 3997    | 4019.75 | 3909.5  | 3920    |      2.54742e+06 |              0 |                0 |            0 |           1 |       1 |            0 |
+---------+---------------------------+---------+---------+---------+---------+------------------+----------------+------------------+--------------+-------------+---------+--------------+
|      79 | 2023-03-10 00:00:00-05:00 | 3919    | 3941.75 | 3846.25 | 3862.75 |      3.28581e+06 |              0 |                1 |            0 |           1 |       2 |            1 |
+---------+---------------------------+---------+---------+---------+---------+------------------+----------------+------------------+--------------+-------------+---------+--------------+
|      80 | 2023-03-13 00:00:00-04:00 | 3887.75 | 3938.75 | 3808.75 | 3856.75 |      2.75048e+06 |              0 |                1 |            0 |           0 |       1 |           -1 |
+---------+---------------------------+---------+---------+---------+---------+------------------+----------------+------------------+--------------+-------------+---------+--------------+
|      81 | 2023-03-14 00:00:00-04:00 | 3865.75 | 3938    | 3855.25 | 3920.5  |      1.60651e+06 |              1 |                1 |            0 |           0 |       2 |            1 |
+---------+---------------------------+---------+---------+---------+---------+------------------+----------------+------------------+--------------+-------------+---------+--------------+
|      82 | 2023-03-15 00:00:00-04:00 | 3920.5  | 3931    | 3834    | 3892.75 | 833643           |              1 |                1 |            0 |           0 |       2 |            0 |
+---------+---------------------------+---------+---------+---------+---------+------------------+----------------+------------------+--------------+-------------+---------+--------------+
|      83 | 2023-03-16 00:00:00-04:00 | 3892.75 | 3966.5  | 3863.25 | 3960.5  | 466914           |              1 |                1 |            0 |           0 |       2 |            0 |
+---------+---------------------------+---------+---------+---------+---------+------------------+----------------+------------------+--------------+-------------+---------+--------------+
|      84 | 2023-03-17 00:00:00-04:00 | 3962.25 | 3974    | 3923    | 3957.05 |      2.22427e+06 |              1 |                1 |            0 |           0 |       2 |            0 |
+---------+---------------------------+---------+---------+---------+---------+------------------+----------------+------------------+--------------+-------------+---------+--------------+
|      85 | 2023-03-20 00:00:00-04:00 | 3963.75 | 3989.5  | 3897.25 | 3983    |      1.81881e+06 |              1 |                1 |            1 |           0 |       3 |            1 |
+---------+---------------------------+---------+---------+---------+---------+------------------+----------------+------------------+--------------+-------------+---------+--------------+
|      86 | 2023-03-21 00:00:00-04:00 | 3986.5  | 4043.25 | 3981.75 | 4035.75 |      1.53167e+06 |              1 |                1 |            1 |           0 |       3 |            0 |
+---------+---------------------------+---------+---------+---------+---------+------------------+----------------+------------------+--------------+-------------+---------+--------------+
|      87 | 2023-03-22 00:00:00-04:00 | 4038.75 | 4073.75 | 3966.25 | 3970.5  |      1.80293e+06 |              1 |                1 |            1 |           0 |       3 |            0 |
+---------+---------------------------+---------+---------+---------+---------+------------------+----------------+------------------+--------------+-------------+---------+--------------+
|      88 | 2023-03-23 00:00:00-04:00 | 3972.75 | 4039.5  | 3948.5  | 3978    |      2.23695e+06 |              0 |                1 |            1 |           0 |       2 |           -1 |
+---------+---------------------------+---------+---------+---------+---------+------------------+----------------+------------------+--------------+-------------+---------+--------------+
|      89 | 2023-03-24 00:00:00-04:00 | 3988.75 | 4010.75 | 3937    | 4001.25 |      1.94498e+06 |              1 |                0 |            1 |           0 |       2 |            0 |
+---------+---------------------------+---------+---------+---------+---------+------------------+----------------+------------------+--------------+-------------+---------+--------------+
|      90 | 2023-03-27 00:00:00-04:00 | 4008    | 4034.25 | 3997.5  | 4007.25 |      1.30457e+06 |              1 |                0 |            1 |           0 |       2 |            0 |
+---------+---------------------------+---------+---------+---------+---------+------------------+----------------+------------------+--------------+-------------+---------+--------------+
|      91 | 2023-03-28 00:00:00-04:00 | 4013.5  | 4023.75 | 3980.75 | 4001.5  |      1.2245e+06  |              1 |                1 |            1 |           0 |       3 |            1 |
+---------+---------------------------+---------+---------+---------+---------+------------------+----------------+------------------+--------------+-------------+---------+--------------+
|      92 | 2023-03-29 00:00:00-04:00 | 4006.5  | 4061.25 | 4006    | 4057.5  |      1.38935e+06 |              1 |                0 |            1 |           0 |       2 |           -1 |
+---------+---------------------------+---------+---------+---------+---------+------------------+----------------+------------------+--------------+-------------+---------+--------------+
|      93 | 2023-03-30 00:00:00-04:00 | 4058    | 4087.75 | 4052.5  | 4080    |      1.32853e+06 |              1 |                0 |            1 |           0 |       2 |            0 |
+---------+---------------------------+---------+---------+---------+---------+------------------+----------------+------------------+--------------+-------------+---------+--------------+
|      94 | 2023-03-31 00:00:00-04:00 | 4081    | 4142.5  | 4078    | 4137.75 |      1.69584e+06 |              1 |                0 |            1 |           0 |       2 |            0 |
+---------+---------------------------+---------+---------+---------+---------+------------------+----------------+------------------+--------------+-------------+---------+--------------+
|      95 | 2023-04-03 00:00:00-04:00 | 4127    | 4157.75 | 4122.75 | 4153.75 |      1.38029e+06 |              1 |                0 |            1 |           0 |       2 |            0 |
+---------+---------------------------+---------+---------+---------+---------+------------------+----------------+------------------+--------------+-------------+---------+--------------+
|      96 | 2023-04-04 00:00:00-04:00 | 4152.5  | 4171.75 | 4115.25 | 4129    |      1.58241e+06 |              1 |                0 |            1 |           0 |       2 |            0 |
+---------+---------------------------+---------+---------+---------+---------+------------------+----------------+------------------+--------------+-------------+---------+--------------+
|      97 | 2023-04-05 00:00:00-04:00 | 4134    | 4135.5  | 4099    | 4117.25 |      1.47018e+06 |              1 |                0 |            1 |           0 |       2 |            0 |
+---------+---------------------------+---------+---------+---------+---------+------------------+----------------+------------------+--------------+-------------+---------+--------------+
|      98 | 2023-04-06 00:00:00-04:00 | 4113.75 | 4135.25 | 4096.5  | 4132    |  73009           |              1 |                0 |            1 |           0 |       2 |            0 |
+---------+---------------------------+---------+---------+---------+---------+------------------+----------------+------------------+--------------+-------------+---------+--------------+
|      99 | 2023-04-10 00:00:00-04:00 | 4139    | 4143    | 4098.75 | 4136.25 |      1.16772e+06 |              1 |                0 |            1 |           0 |       2 |            0 |
+---------+---------------------------+---------+---------+---------+---------+------------------+----------------+------------------+--------------+-------------+---------+--------------+
|     100 | 2023-04-11 00:00:00-04:00 | 4138.5  | 4151.75 | 4128.75 | 4136.5  |      1.22182e+06 |              1 |                0 |            1 |           0 |       2 |            0 |
+---------+---------------------------+---------+---------+---------+---------+------------------+----------------+------------------+--------------+-------------+---------+--------------+
|     101 | 2023-04-12 00:00:00-04:00 | 4137.5  | 4177.75 | 4113.5  | 4119    |      1.85367e+06 |              1 |                0 |            1 |           0 |       2 |            0 |
+---------+---------------------------+---------+---------+---------+---------+------------------+----------------+------------------+--------------+-------------+---------+--------------+
|     102 | 2023-04-13 00:00:00-04:00 | 4117.5  | 4177    | 4110.25 | 4172.75 |      1.45878e+06 |              1 |                0 |            1 |           0 |       2 |            0 |
+---------+---------------------------+---------+---------+---------+---------+------------------+----------------+------------------+--------------+-------------+---------+--------------+
|     103 | 2023-04-14 00:00:00-04:00 | 4168.75 | 4189    | 4138    | 4163.75 |      1.8829e+06  |              1 |                0 |            1 |           0 |       2 |            0 |
+---------+---------------------------+---------+---------+---------+---------+------------------+----------------+------------------+--------------+-------------+---------+--------------+
|     104 | 2023-04-17 00:00:00-04:00 | 4174.25 | 4180.5  | 4148    | 4176.75 |      1.29812e+06 |              1 |                0 |            1 |           0 |       2 |            0 |
+---------+---------------------------+---------+---------+---------+---------+------------------+----------------+------------------+--------------+-------------+---------+--------------+
|     105 | 2023-04-18 00:00:00-04:00 | 4177    | 4198.25 | 4164.5  | 4180    |      1.4278e+06  |              1 |                0 |            1 |           0 |       2 |            0 |
+---------+---------------------------+---------+---------+---------+---------+------------------+----------------+------------------+--------------+-------------+---------+--------------+
|     106 | 2023-04-19 00:00:00-04:00 | 4176    | 4187.5  | 4150.5  | 4178.5  |      1.29262e+06 |              1 |                0 |            1 |           1 |       3 |            1 |
+---------+---------------------------+---------+---------+---------+---------+------------------+----------------+------------------+--------------+-------------+---------+--------------+
|     107 | 2023-04-20 00:00:00-04:00 | 4172.25 | 4173.5  | 4137    | 4152.5  |      1.76838e+06 |              0 |                0 |            1 |           1 |       2 |           -1 |
+---------+---------------------------+---------+---------+---------+---------+------------------+----------------+------------------+--------------+-------------+---------+--------------+
|     108 | 2023-04-21 00:00:00-04:00 | 4153.75 | 4161    | 4135.25 | 4156.75 |      1.64516e+06 |              0 |                0 |            1 |           1 |       2 |            0 |
+---------+---------------------------+---------+---------+---------+---------+------------------+----------------+------------------+--------------+-------------+---------+--------------+
|     109 | 2023-04-24 00:00:00-04:00 | 4150    | 4164.25 | 4133.5  | 4159.5  |      1.32804e+06 |              0 |                0 |            0 |           1 |       1 |           -1 |
+---------+---------------------------+---------+---------+---------+---------+------------------+----------------+------------------+--------------+-------------+---------+--------------+
|     110 | 2023-04-25 00:00:00-04:00 | 4157.25 | 4158.5  | 4091.5  | 4093.25 |      1.77091e+06 |              0 |                0 |            0 |           0 |       0 |           -1 |
+---------+---------------------------+---------+---------+---------+---------+------------------+----------------+------------------+--------------+-------------+---------+--------------+
|     111 | 2023-04-26 00:00:00-04:00 | 4110.25 | 4116.25 | 4068.75 | 4076    |      1.81474e+06 |              0 |                0 |            0 |           0 |       0 |            0 |
+---------+---------------------------+---------+---------+---------+---------+------------------+----------------+------------------+--------------+-------------+---------+--------------+
|     112 | 2023-04-27 00:00:00-04:00 | 4085.5  | 4166.5  | 4080.75 | 4153.75 |      1.68669e+06 |              0 |                0 |            0 |           0 |       0 |            0 |
+---------+---------------------------+---------+---------+---------+---------+------------------+----------------+------------------+--------------+-------------+---------+--------------+
|     113 | 2023-04-28 00:00:00-04:00 | 4151    | 4193.75 | 4131.5  | 4188.5  |      1.7538e+06  |              0 |                0 |            0 |           1 |       1 |            1 |
+---------+---------------------------+---------+---------+---------+---------+------------------+----------------+------------------+--------------+-------------+---------+--------------+
|     114 | 2023-05-01 00:00:00-04:00 | 4190    | 4206.25 | 4178.5  | 4185.75 |      1.24049e+06 |              0 |                0 |            0 |           1 |       1 |            0 |
+---------+---------------------------+---------+---------+---------+---------+------------------+----------------+------------------+--------------+-------------+---------+--------------+
|     115 | 2023-05-02 00:00:00-04:00 | 4179.5  | 4191.5  | 4105.5  | 4136.75 |      2.03418e+06 |              0 |                0 |            0 |           1 |       1 |            0 |
+---------+---------------------------+---------+---------+---------+---------+------------------+----------------+------------------+--------------+-------------+---------+--------------+
|     116 | 2023-05-03 00:00:00-04:00 | 4133.25 | 4167    | 4095    | 4107.5  |      1.65839e+06 |              0 |                0 |            0 |           1 |       1 |            0 |
+---------+---------------------------+---------+---------+---------+---------+------------------+----------------+------------------+--------------+-------------+---------+--------------+
|     117 | 2023-05-04 00:00:00-04:00 | 4087    | 4118    | 4062.25 | 4075.75 |      1.99477e+06 |              0 |                0 |            0 |           0 |       0 |           -1 |
+---------+---------------------------+---------+---------+---------+---------+------------------+----------------+------------------+--------------+-------------+---------+--------------+
|     118 | 2023-05-05 00:00:00-04:00 | 4077.25 | 4163.25 | 4076.75 | 4150.25 |      1.5459e+06  |              0 |                0 |            0 |           0 |       0 |            0 |
+---------+---------------------------+---------+---------+---------+---------+------------------+----------------+------------------+--------------+-------------+---------+--------------+
|     119 | 2023-05-08 00:00:00-04:00 | 4151    | 4161    | 4137.5  | 4152.75 |      1.02601e+06 |              0 |                0 |            0 |           0 |       0 |            0 |
+---------+---------------------------+---------+---------+---------+---------+------------------+----------------+------------------+--------------+-------------+---------+--------------+
|     120 | 2023-05-09 00:00:00-04:00 | 4150.5  | 4153    | 4131    | 4134    |      1.00092e+06 |              0 |                0 |            0 |           0 |       0 |            0 |
+---------+---------------------------+---------+---------+---------+---------+------------------+----------------+------------------+--------------+-------------+---------+--------------+
|     121 | 2023-05-10 00:00:00-04:00 | 4133    | 4173.25 | 4112.25 | 4152    |      1.88759e+06 |              0 |                0 |            0 |           0 |       0 |            0 |
+---------+---------------------------+---------+---------+---------+---------+------------------+----------------+------------------+--------------+-------------+---------+--------------+
|     122 | 2023-05-11 00:00:00-04:00 | 4152.75 | 4168.5  | 4121.5  | 4143.75 |      1.47338e+06 |              0 |                0 |            0 |           0 |       0 |            0 |
+---------+---------------------------+---------+---------+---------+---------+------------------+----------------+------------------+--------------+-------------+---------+--------------+
|     123 | 2023-05-12 00:00:00-04:00 | 4144.5  | 4164.5  | 4111.75 | 4138    |      1.4346e+06  |              0 |                0 |            0 |           0 |       0 |            0 |
+---------+---------------------------+---------+---------+---------+---------+------------------+----------------+------------------+--------------+-------------+---------+--------------+
|     124 | 2023-05-15 00:00:00-04:00 | 4132.25 | 4156.25 | 4123    | 4150    |      1.17916e+06 |              1 |                0 |            0 |           0 |       1 |            1 |
+---------+---------------------------+---------+---------+---------+---------+------------------+----------------+------------------+--------------+-------------+---------+--------------+
|     125 | 2023-05-16 00:00:00-04:00 | 4148.25 | 4151.5  | 4120    | 4123    |      1.31669e+06 |              1 |                0 |            0 |           0 |       1 |            0 |
+---------+---------------------------+---------+---------+---------+---------+------------------+----------------+------------------+--------------+-------------+---------+--------------+
|     126 | 2023-05-17 00:00:00-04:00 | 4126    | 4179    | 4122    | 4171.5  |      1.58491e+06 |              1 |                0 |            0 |           0 |       1 |            0 |
+---------+---------------------------+---------+---------+---------+---------+------------------+----------------+------------------+--------------+-------------+---------+--------------+
|     127 | 2023-05-18 00:00:00-04:00 | 4171.25 | 4215.75 | 4161.25 | 4212    |      1.76067e+06 |              1 |                0 |            1 |           0 |       2 |            1 |
+---------+---------------------------+---------+---------+---------+---------+------------------+----------------+------------------+--------------+-------------+---------+--------------+
|     128 | 2023-05-19 00:00:00-04:00 | 4215.5  | 4227.25 | 4191.5  | 4204.75 |      1.71335e+06 |              1 |                0 |            1 |           1 |       3 |            1 |
+---------+---------------------------+---------+---------+---------+---------+------------------+----------------+------------------+--------------+-------------+---------+--------------+
|     129 | 2023-05-22 00:00:00-04:00 | 4189    | 4221.75 | 4186.5  | 4205    |      1.30284e+06 |              1 |                0 |            1 |           1 |       3 |            0 |
+---------+---------------------------+---------+---------+---------+---------+------------------+----------------+------------------+--------------+-------------+---------+--------------+
|     130 | 2023-05-23 00:00:00-04:00 | 4207.5  | 4222.75 | 4153    | 4158.75 |      1.68506e+06 |              1 |                0 |            1 |           1 |       3 |            0 |
+---------+---------------------------+---------+---------+---------+---------+------------------+----------------+------------------+--------------+-------------+---------+--------------+
|     131 | 2023-05-24 00:00:00-04:00 | 4158    | 4166.25 | 4114    | 4126    |      1.9119e+06  |              1 |                0 |            0 |           0 |       1 |           -2 |
+---------+---------------------------+---------+---------+---------+---------+------------------+----------------+------------------+--------------+-------------+---------+--------------+
|     132 | 2023-05-25 00:00:00-04:00 | 4157    | 4175.5  | 4131.5  | 4159.75 |      1.96663e+06 |              0 |                0 |            0 |           0 |       0 |           -1 |
+---------+---------------------------+---------+---------+---------+---------+------------------+----------------+------------------+--------------+-------------+---------+--------------+
|     133 | 2023-05-26 00:00:00-04:00 | 4157    | 4221.25 | 4146    | 4213.25 |      1.74442e+06 |              1 |                0 |            1 |           0 |       2 |            2 |
+---------+---------------------------+---------+---------+---------+---------+------------------+----------------+------------------+--------------+-------------+---------+--------------+
|     134 | 2023-05-30 00:00:00-04:00 | 4239.75 | 4243.25 | 4200    | 4215    |      1.95758e+06 |              1 |                0 |            1 |           0 |       2 |            0 |
+---------+---------------------------+---------+---------+---------+---------+------------------+----------------+------------------+--------------+-------------+---------+--------------+
|     135 | 2023-05-31 00:00:00-04:00 | 4213    | 4217.75 | 4174    | 4190.5  |      2.13857e+06 |              1 |                0 |            1 |           0 |       2 |            0 |
+---------+---------------------------+---------+---------+---------+---------+------------------+----------------+------------------+--------------+-------------+---------+--------------+
|     136 | 2023-06-01 00:00:00-04:00 | 4188.5  | 4239.75 | 4178    | 4228    |      1.86836e+06 |              1 |                0 |            1 |           0 |       2 |            0 |
+---------+---------------------------+---------+---------+---------+---------+------------------+----------------+------------------+--------------+-------------+---------+--------------+
|     137 | 2023-06-02 00:00:00-04:00 | 4231.75 | 4297.75 | 4229    | 4288    |      1.9556e+06  |              1 |                0 |            1 |           0 |       2 |            0 |
+---------+---------------------------+---------+---------+---------+---------+------------------+----------------+------------------+--------------+-------------+---------+--------------+
|     138 | 2023-06-05 00:00:00-04:00 | 4288    | 4305.75 | 4273    | 4281    |      1.66876e+06 |              1 |                0 |            1 |           0 |       2 |            0 |
+---------+---------------------------+---------+---------+---------+---------+------------------+----------------+------------------+--------------+-------------+---------+--------------+
|     139 | 2023-06-06 00:00:00-04:00 | 4279.75 | 4294.75 | 4268.5  | 4289.75 |      1.54812e+06 |              1 |                0 |            1 |           0 |       2 |            0 |
+---------+---------------------------+---------+---------+---------+---------+------------------+----------------+------------------+--------------+-------------+---------+--------------+
|     140 | 2023-06-07 00:00:00-04:00 | 4292.25 | 4304.75 | 4269.25 | 4274.25 |      1.9252e+06  |              1 |                0 |            1 |           0 |       2 |            0 |
+---------+---------------------------+---------+---------+---------+---------+------------------+----------------+------------------+--------------+-------------+---------+--------------+
|     141 | 2023-06-08 00:00:00-04:00 | 4273.25 | 4302.5  | 4262.75 | 4298.25 |      1.66433e+06 |              1 |                0 |            1 |           0 |       2 |            0 |
+---------+---------------------------+---------+---------+---------+---------+------------------+----------------+------------------+--------------+-------------+---------+--------------+
|     142 | 2023-06-09 00:00:00-04:00 | 4297.75 | 4325.5  | 4284    | 4304.75 |      2.17664e+06 |              1 |                0 |            1 |           0 |       2 |            0 |
+---------+---------------------------+---------+---------+---------+---------+------------------+----------------+------------------+--------------+-------------+---------+--------------+
|     143 | 2023-06-12 00:00:00-04:00 | 4306.5  | 4346.5  | 4305.25 | 4342.75 |      1.66518e+06 |              1 |                0 |            1 |           0 |       2 |            0 |
+---------+---------------------------+---------+---------+---------+---------+------------------+----------------+------------------+--------------+-------------+---------+--------------+
|     144 | 2023-06-13 00:00:00-04:00 | 4345    | 4377.75 | 4335.75 | 4371.75 |      1.31712e+06 |              1 |                0 |            1 |           0 |       2 |            0 |
+---------+---------------------------+---------+---------+---------+---------+------------------+----------------+------------------+--------------+-------------+---------+--------------+
|     145 | 2023-06-14 00:00:00-04:00 | 4372    | 4394.75 | 4339.75 | 4374.25 | 758316           |              1 |                0 |            1 |           0 |       2 |            0 |
+---------+---------------------------+---------+---------+---------+---------+------------------+----------------+------------------+--------------+-------------+---------+--------------+
|     146 | 2023-06-15 00:00:00-04:00 | 4378.75 | 4441    | 4350    | 4426.5  | 486414           |              1 |                0 |            1 |           0 |       2 |            0 |
+---------+---------------------------+---------+---------+---------+---------+------------------+----------------+------------------+--------------+-------------+---------+--------------+
|     147 | 2023-06-16 00:00:00-04:00 | 4424.75 | 4453.35 | 4415.25 | 4453.35 |      1.8951e+06  |              1 |                0 |            1 |           0 |       2 |            0 |
+---------+---------------------------+---------+---------+---------+---------+------------------+----------------+------------------+--------------+-------------+---------+--------------+
|     148 | 2023-06-20 00:00:00-04:00 | 4458    | 4462    | 4410.5  | 4434.75 |      1.54042e+06 |              1 |                0 |            1 |           1 |       3 |            1 |
+---------+---------------------------+---------+---------+---------+---------+------------------+----------------+------------------+--------------+-------------+---------+--------------+
|     149 | 2023-06-21 00:00:00-04:00 | 4430.25 | 4438.5  | 4403.5  | 4409.25 |      1.46826e+06 |              1 |                0 |            1 |           1 |       3 |            0 |
+---------+---------------------------+---------+---------+---------+---------+------------------+----------------+------------------+--------------+-------------+---------+--------------+
|     150 | 2023-06-22 00:00:00-04:00 | 4410    | 4427    | 4393    | 4423.75 |      1.384e+06   |              1 |                0 |            1 |           1 |       3 |            0 |
+---------+---------------------------+---------+---------+---------+---------+------------------+----------------+------------------+--------------+-------------+---------+--------------+
|     151 | 2023-06-23 00:00:00-04:00 | 4425.75 | 4426.25 | 4381.5  | 4389    |      1.55099e+06 |              0 |                0 |            1 |           0 |       1 |           -2 |
+---------+---------------------------+---------+---------+---------+---------+------------------+----------------+------------------+--------------+-------------+---------+--------------+
|     152 | 2023-06-26 00:00:00-04:00 | 4390    | 4403    | 4368.5  | 4370.25 |      1.62242e+06 |              0 |                0 |            0 |           0 |       0 |           -1 |
+---------+---------------------------+---------+---------+---------+---------+------------------+----------------+------------------+--------------+-------------+---------+--------------+
|     153 | 2023-06-27 00:00:00-04:00 | 4375.75 | 4424.75 | 4371.5  | 4418.75 |      1.51226e+06 |              0 |                0 |            0 |           0 |       0 |            0 |
+---------+---------------------------+---------+---------+---------+---------+------------------+----------------+------------------+--------------+-------------+---------+--------------+
|     154 | 2023-06-28 00:00:00-04:00 | 4414    | 4430.25 | 4399.25 | 4417.5  |      1.68946e+06 |              0 |                0 |            0 |           0 |       0 |            0 |
+---------+---------------------------+---------+---------+---------+---------+------------------+----------------+------------------+--------------+-------------+---------+--------------+
|     155 | 2023-06-29 00:00:00-04:00 | 4423.75 | 4438    | 4409.75 | 4435.75 |      1.62875e+06 |              0 |                0 |            0 |           0 |       0 |            0 |
+---------+---------------------------+---------+---------+---------+---------+------------------+----------------+------------------+--------------+-------------+---------+--------------+
|     156 | 2023-06-30 00:00:00-04:00 | 4435.25 | 4498    | 4433    | 4488.25 |      1.77494e+06 |              1 |                0 |            1 |           0 |       2 |            2 |
+---------+---------------------------+---------+---------+---------+---------+------------------+----------------+------------------+--------------+-------------+---------+--------------+
|     157 | 2023-07-03 00:00:00-04:00 | 4485.5  | 4494    | 4479.5  | 4492.25 | 641289           |              0 |                0 |            1 |           0 |       1 |           -1 |
+---------+---------------------------+---------+---------+---------+---------+------------------+----------------+------------------+--------------+-------------+---------+--------------+
|     158 | 2023-07-05 00:00:00-04:00 | 4492    | 4493.75 | 4466.25 | 4483.75 |      1.19376e+06 |              0 |                0 |            1 |           1 |       2 |            1 |
+---------+---------------------------+---------+---------+---------+---------+------------------+----------------+------------------+--------------+-------------+---------+--------------+
|     159 | 2023-07-06 00:00:00-04:00 | 4481.75 | 4483.5  | 4419.5  | 4447    |      1.74152e+06 |              0 |                0 |            0 |           0 |       0 |           -2 |
+---------+---------------------------+---------+---------+---------+---------+------------------+----------------+------------------+--------------+-------------+---------+--------------+
|     160 | 2023-07-07 00:00:00-04:00 | 4441.25 | 4476    | 4431.5  | 4434    |      1.69164e+06 |              0 |                0 |            0 |           0 |       0 |            0 |
+---------+---------------------------+---------+---------+---------+---------+------------------+----------------+------------------+--------------+-------------+---------+--------------+
|     161 | 2023-07-10 00:00:00-04:00 | 4437.5  | 4448.25 | 4411.25 | 4444.25 |      1.36116e+06 |              0 |                0 |            0 |           0 |       0 |            0 |
+---------+---------------------------+---------+---------+---------+---------+------------------+----------------+------------------+--------------+-------------+---------+--------------+
|     162 | 2023-07-11 00:00:00-04:00 | 4445.75 | 4478.5  | 4439    | 4473.5  |      1.34023e+06 |              0 |                0 |            0 |           0 |       0 |            0 |
+---------+---------------------------+---------+---------+---------+---------+------------------+----------------+------------------+--------------+-------------+---------+--------------+
|     163 | 2023-07-12 00:00:00-04:00 | 4471    | 4523.75 | 4470    | 4507.5  |      1.7843e+06  |              1 |                0 |            0 |           0 |       1 |            1 |
+---------+---------------------------+---------+---------+---------+---------+------------------+----------------+------------------+--------------+-------------+---------+--------------+
|     164 | 2023-07-13 00:00:00-04:00 | 4510.5  | 4551.5  | 4509.25 | 4543.5  |      1.15819e+06 |              1 |                0 |            1 |           0 |       2 |            1 |
+---------+---------------------------+---------+---------+---------+---------+------------------+----------------+------------------+--------------+-------------+---------+--------------+
|     165 | 2023-07-14 00:00:00-04:00 | 4539.5  | 4560.5  | 4531    | 4536.75 |      1.38107e+06 |              1 |                0 |            1 |           0 |       2 |            0 |
+---------+---------------------------+---------+---------+---------+---------+------------------+----------------+------------------+--------------+-------------+---------+--------------+
|     166 | 2023-07-17 00:00:00-04:00 | 4536    | 4565.75 | 4528    | 4553.75 |      1.05796e+06 |              1 |                0 |            1 |           0 |       2 |            0 |
+---------+---------------------------+---------+---------+---------+---------+------------------+----------------+------------------+--------------+-------------+---------+--------------+
|     167 | 2023-07-18 00:00:00-04:00 | 4550.25 | 4594.5  | 4544.75 | 4587.75 |      1.30146e+06 |              1 |                0 |            1 |           0 |       2 |            0 |
+---------+---------------------------+---------+---------+---------+---------+------------------+----------------+------------------+--------------+-------------+---------+--------------+
|     168 | 2023-07-19 00:00:00-04:00 | 4582.75 | 4609.25 | 4582.25 | 4597    |      1.53875e+06 |              1 |                0 |            1 |           0 |       2 |            0 |
+---------+---------------------------+---------+---------+---------+---------+------------------+----------------+------------------+--------------+-------------+---------+--------------+
|     169 | 2023-07-20 00:00:00-04:00 | 4593.25 | 4594.25 | 4557.25 | 4565.5  |      1.52773e+06 |              0 |                0 |            1 |           0 |       1 |           -1 |
+---------+---------------------------+---------+---------+---------+---------+------------------+----------------+------------------+--------------+-------------+---------+--------------+
|     170 | 2023-07-21 00:00:00-04:00 | 4566.25 | 4590    | 4561.75 | 4564.75 |      1.43264e+06 |              0 |                0 |            1 |           0 |       1 |            0 |
+---------+---------------------------+---------+---------+---------+---------+------------------+----------------+------------------+--------------+-------------+---------+--------------+
|     171 | 2023-07-24 00:00:00-04:00 | 4564.25 | 4592.5  | 4560    | 4583.5  |      1.20366e+06 |              0 |                0 |            1 |           0 |       1 |            0 |
+---------+---------------------------+---------+---------+---------+---------+------------------+----------------+------------------+--------------+-------------+---------+--------------+
|     172 | 2023-07-25 00:00:00-04:00 | 4584.5  | 4608.75 | 4579.25 | 4596    |      1.21974e+06 |              1 |                0 |            1 |           0 |       2 |            1 |
+---------+---------------------------+---------+---------+---------+---------+------------------+----------------+------------------+--------------+-------------+---------+--------------+
|     173 | 2023-07-26 00:00:00-04:00 | 4604.75 | 4610.75 | 4573.75 | 4595.25 |      1.37243e+06 |              1 |                0 |            0 |           0 |       1 |           -1 |
+---------+---------------------------+---------+---------+---------+---------+------------------+----------------+------------------+--------------+-------------+---------+--------------+
|     174 | 2023-07-27 00:00:00-04:00 | 4594.75 | 4634.5  | 4553.75 | 4564.25 |      1.92456e+06 |              1 |                0 |            0 |           0 |       1 |            0 |
+---------+---------------------------+---------+---------+---------+---------+------------------+----------------+------------------+--------------+-------------+---------+--------------+
|     175 | 2023-07-28 00:00:00-04:00 | 4566    | 4616.5  | 4558    | 4606.5  |      1.57397e+06 |              1 |                0 |            0 |           1 |       2 |            1 |
+---------+---------------------------+---------+---------+---------+---------+------------------+----------------+------------------+--------------+-------------+---------+--------------+
|     176 | 2023-07-31 00:00:00-04:00 | 4608.75 | 4619.25 | 4595.25 | 4614.5  |      1.29943e+06 |              1 |                0 |            0 |           1 |       2 |            0 |
+---------+---------------------------+---------+---------+---------+---------+------------------+----------------+------------------+--------------+-------------+---------+--------------+
|     177 | 2023-08-01 00:00:00-04:00 | 4617.75 | 4621.75 | 4591    | 4601.25 |      1.21226e+06 |              0 |                0 |            0 |           1 |       1 |           -1 |
+---------+---------------------------+---------+---------+---------+---------+------------------+----------------+------------------+--------------+-------------+---------+--------------+
|     178 | 2023-08-02 00:00:00-04:00 | 4580    | 4593.5  | 4527.75 | 4537.25 |      1.91786e+06 |              0 |                0 |            0 |           1 |       1 |            0 |
+---------+---------------------------+---------+---------+---------+---------+------------------+----------------+------------------+--------------+-------------+---------+--------------+
|     179 | 2023-08-03 00:00:00-04:00 | 4534.25 | 4547.5  | 4505.75 | 4521.75 |      1.76408e+06 |              0 |                0 |            0 |           1 |       1 |            0 |
+---------+---------------------------+---------+---------+---------+---------+------------------+----------------+------------------+--------------+-------------+---------+--------------+
|     180 | 2023-08-04 00:00:00-04:00 | 4523.5  | 4560.75 | 4493.75 | 4498    |      2.04494e+06 |              0 |                0 |            0 |           1 |       1 |            0 |
+---------+---------------------------+---------+---------+---------+---------+------------------+----------------+------------------+--------------+-------------+---------+--------------+
|     181 | 2023-08-07 00:00:00-04:00 | 4500.5  | 4541.75 | 4500.5  | 4537.75 |      1.3973e+06  |              0 |                0 |            0 |           1 |       1 |            0 |
+---------+---------------------------+---------+---------+---------+---------+------------------+----------------+------------------+--------------+-------------+---------+--------------+
|     182 | 2023-08-08 00:00:00-04:00 | 4539.5  | 4541    | 4482    | 4518.5  |      1.69655e+06 |              0 |                0 |            0 |           1 |       1 |            0 |
+---------+---------------------------+---------+---------+---------+---------+------------------+----------------+------------------+--------------+-------------+---------+--------------+
|     183 | 2023-08-09 00:00:00-04:00 | 4516.5  | 4536.25 | 4478.25 | 4485.75 |      1.64028e+06 |              0 |                0 |            0 |           1 |       1 |            0 |
+---------+---------------------------+---------+---------+---------+---------+------------------+----------------+------------------+--------------+-------------+---------+--------------+
|     184 | 2023-08-10 00:00:00-04:00 | 4493.25 | 4544.75 | 4473.5  | 4485.75 |      2.22702e+06 |              0 |                0 |            0 |           1 |       1 |            0 |
+---------+---------------------------+---------+---------+---------+---------+------------------+----------------+------------------+--------------+-------------+---------+--------------+
|     185 | 2023-08-11 00:00:00-04:00 | 4487.75 | 4496.25 | 4459    | 4480.75 |      1.51105e+06 |              0 |                0 |            0 |           1 |       1 |            0 |
+---------+---------------------------+---------+---------+---------+---------+------------------+----------------+------------------+--------------+-------------+---------+--------------+
|     186 | 2023-08-14 00:00:00-04:00 | 4485    | 4507.75 | 4465    | 4506    |      1.27713e+06 |              0 |                0 |            0 |           1 |       1 |            0 |
+---------+---------------------------+---------+---------+---------+---------+------------------+----------------+------------------+--------------+-------------+---------+--------------+
|     187 | 2023-08-15 00:00:00-04:00 | 4505.75 | 4517.75 | 4447    | 4454    |      1.49252e+06 |              0 |                0 |            0 |           1 |       1 |            0 |
+---------+---------------------------+---------+---------+---------+---------+------------------+----------------+------------------+--------------+-------------+---------+--------------+
|     188 | 2023-08-16 00:00:00-04:00 | 4453.25 | 4467.25 | 4417    | 4420    |      1.49922e+06 |              0 |                0 |            0 |           1 |       1 |            0 |
+---------+---------------------------+---------+---------+---------+---------+------------------+----------------+------------------+--------------+-------------+---------+--------------+
|     189 | 2023-08-17 00:00:00-04:00 | 4420.5  | 4436.75 | 4377.75 | 4384.5  |      1.63048e+06 |              0 |                0 |            0 |           1 |       1 |            0 |
+---------+---------------------------+---------+---------+---------+---------+------------------+----------------+------------------+--------------+-------------+---------+--------------+
|     190 | 2023-08-18 00:00:00-04:00 | 4379.25 | 4396    | 4350    | 4382.75 |      1.74629e+06 |              0 |                0 |            0 |           1 |       1 |            0 |
+---------+---------------------------+---------+---------+---------+---------+------------------+----------------+------------------+--------------+-------------+---------+--------------+
|     191 | 2023-08-21 00:00:00-04:00 | 4382.5  | 4421    | 4372.25 | 4412.5  |      1.36147e+06 |              0 |                0 |            0 |           1 |       1 |            0 |
+---------+---------------------------+---------+---------+---------+---------+------------------+----------------+------------------+--------------+-------------+---------+--------------+
|     192 | 2023-08-22 00:00:00-04:00 | 4410.25 | 4440    | 4394.25 | 4399.25 |      1.37565e+06 |              0 |                0 |            0 |           0 |       0 |           -1 |
+---------+---------------------------+---------+---------+---------+---------+------------------+----------------+------------------+--------------+-------------+---------+--------------+
|     193 | 2023-08-23 00:00:00-04:00 | 4400    | 4476.25 | 4399.5  | 4447    |      1.30664e+06 |              1 |                0 |            0 |           0 |       1 |            1 |
+---------+---------------------------+---------+---------+---------+---------+------------------+----------------+------------------+--------------+-------------+---------+--------------+
|     194 | 2023-08-24 00:00:00-04:00 | 4470.5  | 4485.5  | 4378.5  | 4386    |      1.7838e+06  |              1 |                0 |            0 |           0 |       1 |            0 |
+---------+---------------------------+---------+---------+---------+---------+------------------+----------------+------------------+--------------+-------------+---------+--------------+
|     195 | 2023-08-25 00:00:00-04:00 | 4384.5  | 4429    | 4365.25 | 4414.25 |      1.85334e+06 |              0 |                0 |            0 |           0 |       0 |           -1 |
+---------+---------------------------+---------+---------+---------+---------+------------------+----------------+------------------+--------------+-------------+---------+--------------+
|     196 | 2023-08-28 00:00:00-04:00 | 4418    | 4449.5  | 4414.5  | 4442.25 |      1.26641e+06 |              1 |                0 |            0 |           0 |       1 |            1 |
+---------+---------------------------+---------+---------+---------+---------+------------------+----------------+------------------+--------------+-------------+---------+--------------+
|     197 | 2023-08-29 00:00:00-04:00 | 4444    | 4509.5  | 4433.5  | 4506.75 |      1.44471e+06 |              1 |                0 |            1 |           0 |       2 |            1 |
+---------+---------------------------+---------+---------+---------+---------+------------------+----------------+------------------+--------------+-------------+---------+--------------+
|     198 | 2023-08-30 00:00:00-04:00 | 4508.75 | 4530.75 | 4496.25 | 4524.25 |      1.39767e+06 |              1 |                0 |            1 |           0 |       2 |            0 |
+---------+---------------------------+---------+---------+---------+---------+------------------+----------------+------------------+--------------+-------------+---------+--------------+
|     199 | 2023-08-31 00:00:00-04:00 | 4527    | 4541.25 | 4512.75 | 4516    |      1.39575e+06 |              1 |                0 |            1 |           0 |       2 |            0 |
+---------+---------------------------+---------+---------+---------+---------+------------------+----------------+------------------+--------------+-------------+---------+--------------+
|     200 | 2023-09-01 00:00:00-04:00 | 4516.75 | 4547.75 | 4507.25 | 4521.5  |      1.41676e+06 |              1 |                0 |            1 |           1 |       3 |            1 |
+---------+---------------------------+---------+---------+---------+---------+------------------+----------------+------------------+--------------+-------------+---------+--------------+
|     201 | 2023-09-05 00:00:00-04:00 | 4521.25 | 4531.25 | 4499.25 | 4502.5  |      1.3918e+06  |              1 |                0 |            1 |           1 |       3 |            0 |
+---------+---------------------------+---------+---------+---------+---------+------------------+----------------+------------------+--------------+-------------+---------+--------------+
|     202 | 2023-09-06 00:00:00-04:00 | 4500    | 4503.75 | 4447    | 4471.5  |      1.60013e+06 |              1 |                0 |            1 |           1 |       3 |            0 |
+---------+---------------------------+---------+---------+---------+---------+------------------+----------------+------------------+--------------+-------------+---------+--------------+
|     203 | 2023-09-07 00:00:00-04:00 | 4469.5  | 4471.75 | 4434.25 | 4456.25 |      1.60223e+06 |              1 |                0 |            1 |           1 |       3 |            0 |
+---------+---------------------------+---------+---------+---------+---------+------------------+----------------+------------------+--------------+-------------+---------+--------------+
|     204 | 2023-09-08 00:00:00-04:00 | 4458.25 | 4477.5  | 4443    | 4461.75 |      1.68616e+06 |              1 |                0 |            1 |           0 |       2 |           -1 |
+---------+---------------------------+---------+---------+---------+---------+------------------+----------------+------------------+--------------+-------------+---------+--------------+
|     205 | 2023-09-11 00:00:00-04:00 | 4463.5  | 4493.5  | 4459.25 | 4490.25 |      1.71427e+06 |              1 |                0 |            1 |           0 |       2 |            0 |
+---------+---------------------------+---------+---------+---------+---------+------------------+----------------+------------------+--------------+-------------+---------+--------------+
|     206 | 2023-09-12 00:00:00-04:00 | 4487.75 | 4491    | 4458.75 | 4465    |      1.15396e+06 |              1 |                0 |            1 |           0 |       2 |            0 |
+---------+---------------------------+---------+---------+---------+---------+------------------+----------------+------------------+--------------+-------------+---------+--------------+
|     207 | 2023-09-13 00:00:00-04:00 | 4464.5  | 4481    | 4446.75 | 4468.75 | 690872           |              1 |                0 |            1 |           0 |       2 |            0 |
+---------+---------------------------+---------+---------+---------+---------+------------------+----------------+------------------+--------------+-------------+---------+--------------+
|     208 | 2023-09-14 00:00:00-04:00 | 4471.75 | 4513    | 4470.25 | 4506    | 454906           |              1 |                0 |            1 |           0 |       2 |            0 |
+---------+---------------------------+---------+---------+---------+---------+------------------+----------------+------------------+--------------+-------------+---------+--------------+
|     209 | 2023-09-15 00:00:00-04:00 | 4508    | 4517.75 | 4480    | 4491.72 |      1.82597e+06 |              1 |                0 |            1 |           1 |       3 |            1 |
+---------+---------------------------+---------+---------+---------+---------+------------------+----------------+------------------+--------------+-------------+---------+--------------+
|     210 | 2023-09-18 00:00:00-04:00 | 4499.5  | 4514.5  | 4487    | 4501.5  |      1.15516e+06 |              1 |                0 |            1 |           1 |       3 |            0 |
+---------+---------------------------+---------+---------+---------+---------+------------------+----------------+------------------+--------------+-------------+---------+--------------+
|     211 | 2023-09-19 00:00:00-04:00 | 4503.25 | 4509.5  | 4462.25 | 4490    |      1.42295e+06 |              0 |                0 |            1 |           1 |       2 |           -1 |
+---------+---------------------------+---------+---------+---------+---------+------------------+----------------+------------------+--------------+-------------+---------+--------------+
|     212 | 2023-09-20 00:00:00-04:00 | 4491.25 | 4508    | 4443.25 | 4447    |      1.48221e+06 |              0 |                0 |            1 |           1 |       2 |            0 |
+---------+---------------------------+---------+---------+---------+---------+------------------+----------------+------------------+--------------+-------------+---------+--------------+
|     213 | 2023-09-21 00:00:00-04:00 | 4445    | 4447    | 4366.5  | 4372    |      1.99864e+06 |              0 |                0 |            0 |           1 |       1 |           -1 |
+---------+---------------------------+---------+---------+---------+---------+------------------+----------------+------------------+--------------+-------------+---------+--------------+
|     214 | 2023-09-22 00:00:00-04:00 | 4370.25 | 4399    | 4357.25 | 4361    |      1.73658e+06 |              0 |                0 |            0 |           1 |       1 |            0 |
+---------+---------------------------+---------+---------+---------+---------+------------------+----------------+------------------+--------------+-------------+---------+--------------+
|     215 | 2023-09-25 00:00:00-04:00 | 4365    | 4383.5  | 4338.25 | 4378.75 |      1.5616e+06  |              0 |                0 |            0 |           1 |       1 |            0 |
+---------+---------------------------+---------+---------+---------+---------+------------------+----------------+------------------+--------------+-------------+---------+--------------+
|     216 | 2023-09-26 00:00:00-04:00 | 4382    | 4382    | 4305.5  | 4314.75 |      1.75805e+06 |              0 |                0 |            0 |           1 |       1 |            0 |
+---------+---------------------------+---------+---------+---------+---------+------------------+----------------+------------------+--------------+-------------+---------+--------------+
|     217 | 2023-09-27 00:00:00-04:00 | 4320.25 | 4336.5  | 4277    | 4313.5  |      1.96591e+06 |              0 |                0 |            0 |           1 |       1 |            0 |
+---------+---------------------------+---------+---------+---------+---------+------------------+----------------+------------------+--------------+-------------+---------+--------------+
|     218 | 2023-09-28 00:00:00-04:00 | 4323.25 | 4355.75 | 4301    | 4337.5  |      2.01209e+06 |              0 |                0 |            0 |           1 |       1 |            0 |
+---------+---------------------------+---------+---------+---------+---------+------------------+----------------+------------------+--------------+-------------+---------+--------------+
|     219 | 2023-09-29 00:00:00-04:00 | 4342    | 4371.25 | 4311    | 4325.5  |      2.10605e+06 |              0 |                0 |            0 |           1 |       1 |            0 |
+---------+---------------------------+---------+---------+---------+---------+------------------+----------------+------------------+--------------+-------------+---------+--------------+
|     220 | 2023-10-02 00:00:00-04:00 | 4349    | 4355.5  | 4295.5  | 4324.25 |      1.95046e+06 |              0 |                0 |            0 |           1 |       1 |            0 |
+---------+---------------------------+---------+---------+---------+---------+------------------+----------------+------------------+--------------+-------------+---------+--------------+
|     221 | 2023-10-03 00:00:00-04:00 | 4326    | 4335.75 | 4251.25 | 4264.75 |      2.25681e+06 |              0 |                0 |            0 |           0 |       0 |           -1 |
+---------+---------------------------+---------+---------+---------+---------+------------------+----------------+------------------+--------------+-------------+---------+--------------+
|     222 | 2023-10-04 00:00:00-04:00 | 4262.75 | 4304    | 4235.5  | 4297.75 |      2.16827e+06 |              0 |                0 |            0 |           0 |       0 |            0 |
+---------+---------------------------+---------+---------+---------+---------+------------------+----------------+------------------+--------------+-------------+---------+--------------+
|     223 | 2023-10-05 00:00:00-04:00 | 4291.5  | 4302    | 4258    | 4290.75 |      1.67348e+06 |              0 |                0 |            0 |           0 |       0 |            0 |
+---------+---------------------------+---------+---------+---------+---------+------------------+----------------+------------------+--------------+-------------+---------+--------------+
|     224 | 2023-10-06 00:00:00-04:00 | 4287.5  | 4358.5  | 4242.25 | 4341.5  |      2.21646e+06 |              0 |                0 |            0 |           0 |       0 |            0 |
+---------+---------------------------+---------+---------+---------+---------+------------------+----------------+------------------+--------------+-------------+---------+--------------+
|     225 | 2023-10-09 00:00:00-04:00 | 4315    | 4375.75 | 4299.5  | 4368.75 |      1.48525e+06 |              1 |                0 |            0 |           0 |       1 |            1 |
+---------+---------------------------+---------+---------+---------+---------+------------------+----------------+------------------+--------------+-------------+---------+--------------+
|     226 | 2023-10-10 00:00:00-04:00 | 4368.75 | 4419    | 4366.25 | 4391.5  |      1.61027e+06 |              1 |                0 |            1 |           0 |       2 |            1 |
+---------+---------------------------+---------+---------+---------+---------+------------------+----------------+------------------+--------------+-------------+---------+--------------+
|     227 | 2023-10-11 00:00:00-04:00 | 4392    | 4419.75 | 4377.25 | 4409.75 |      1.48964e+06 |              1 |                0 |            1 |           0 |       2 |            0 |
+---------+---------------------------+---------+---------+---------+---------+------------------+----------------+------------------+--------------+-------------+---------+--------------+
|     228 | 2023-10-12 00:00:00-04:00 | 4417.75 | 4430.5  | 4355.5  | 4380.5  |      1.88157e+06 |              1 |                0 |            1 |           0 |       2 |            0 |
+---------+---------------------------+---------+---------+---------+---------+------------------+----------------+------------------+--------------+-------------+---------+--------------+
|     229 | 2023-10-13 00:00:00-04:00 | 4380.75 | 4407.75 | 4340.75 | 4357.25 |      2.1591e+06  |              1 |                0 |            1 |           1 |       3 |            1 |
+---------+---------------------------+---------+---------+---------+---------+------------------+----------------+------------------+--------------+-------------+---------+--------------+
|     230 | 2023-10-16 00:00:00-04:00 | 4356.75 | 4414.25 | 4354.5  | 4401    |      1.66895e+06 |              1 |                0 |            1 |           1 |       3 |            0 |
+---------+---------------------------+---------+---------+---------+---------+------------------+----------------+------------------+--------------+-------------+---------+--------------+
|     231 | 2023-10-17 00:00:00-04:00 | 4406.25 | 4423.25 | 4365.75 | 4401.75 |      1.87974e+06 |              1 |                0 |            1 |           1 |       3 |            0 |
+---------+---------------------------+---------+---------+---------+---------+------------------+----------------+------------------+--------------+-------------+---------+--------------+
|     232 | 2023-10-18 00:00:00-04:00 | 4398    | 4399.25 | 4330.75 | 4342.25 |      2.27157e+06 |              1 |                0 |            1 |           1 |       3 |            0 |
+---------+---------------------------+---------+---------+---------+---------+------------------+----------------+------------------+--------------+-------------+---------+--------------+
|     233 | 2023-10-19 00:00:00-04:00 | 4346.5  | 4366.5  | 4292.75 | 4303    |      2.74194e+06 |              1 |                0 |            1 |           1 |       3 |            0 |
+---------+---------------------------+---------+---------+---------+---------+------------------+----------------+------------------+--------------+-------------+---------+--------------+
|     234 | 2023-10-20 00:00:00-04:00 | 4295    | 4304.25 | 4243.5  | 4248.5  |      2.32881e+06 |              0 |                0 |            0 |           1 |       1 |           -2 |
+---------+---------------------------+---------+---------+---------+---------+------------------+----------------+------------------+--------------+-------------+---------+--------------+
|     235 | 2023-10-23 00:00:00-04:00 | 4256.25 | 4280.75 | 4213.25 | 4241.75 |      1.96367e+06 |              1 |                0 |            0 |           1 |       2 |            1 |
+---------+---------------------------+---------+---------+---------+---------+------------------+----------------+------------------+--------------+-------------+---------+--------------+
|     236 | 2023-10-24 00:00:00-04:00 | 4250.25 | 4290.5  | 4242    | 4271.25 |      1.80709e+06 |              1 |                0 |            0 |           1 |       2 |            0 |
+---------+---------------------------+---------+---------+---------+---------+------------------+----------------+------------------+--------------+-------------+---------+--------------+
|     237 | 2023-10-25 00:00:00-04:00 | 4269.5  | 4273.5  | 4203.75 | 4209.75 |      1.98163e+06 |              0 |                0 |            0 |           1 |       1 |           -1 |
+---------+---------------------------+---------+---------+---------+---------+------------------+----------------+------------------+--------------+-------------+---------+--------------+
|     238 | 2023-10-26 00:00:00-04:00 | 4202    | 4205    | 4146.25 | 4156.5  |      2.41941e+06 |              0 |                0 |            0 |           1 |       1 |            0 |
+---------+---------------------------+---------+---------+---------+---------+------------------+----------------+------------------+--------------+-------------+---------+--------------+
|     239 | 2023-10-27 00:00:00-04:00 | 4167    | 4185    | 4122.25 | 4137.75 |      2.19577e+06 |              0 |                0 |            0 |           0 |       0 |           -1 |
+---------+---------------------------+---------+---------+---------+---------+------------------+----------------+------------------+--------------+-------------+---------+--------------+
|     240 | 2023-10-30 00:00:00-04:00 | 4148    | 4197.5  | 4143.5  | 4185.75 |      1.90461e+06 |              0 |                1 |            0 |           0 |       1 |            1 |
+---------+---------------------------+---------+---------+---------+---------+------------------+----------------+------------------+--------------+-------------+---------+--------------+
|     241 | 2023-10-31 00:00:00-04:00 | 4184.25 | 4215    | 4166.75 | 4212.25 |      1.83621e+06 |              0 |                1 |            0 |           0 |       1 |            0 |
+---------+---------------------------+---------+---------+---------+---------+------------------+----------------+------------------+--------------+-------------+---------+--------------+
|     242 | 2023-11-01 00:00:00-04:00 | 4205    | 4264.75 | 4191.25 | 4256    |      2.02708e+06 |              0 |                1 |            0 |           0 |       1 |            0 |
+---------+---------------------------+---------+---------+---------+---------+------------------+----------------+------------------+--------------+-------------+---------+--------------+
|     243 | 2023-11-02 00:00:00-04:00 | 4258.5  | 4339.75 | 4257.75 | 4335.75 |      1.8196e+06  |              1 |                0 |            1 |           0 |       2 |            1 |
+---------+---------------------------+---------+---------+---------+---------+------------------+----------------+------------------+--------------+-------------+---------+--------------+
|     244 | 2023-11-03 00:00:00-04:00 | 4327.5  | 4391.75 | 4325.5  | 4376    |      1.80355e+06 |              1 |                0 |            1 |           0 |       2 |            0 |
+---------+---------------------------+---------+---------+---------+---------+------------------+----------------+------------------+--------------+-------------+---------+--------------+
|     245 | 2023-11-06 00:00:00-05:00 | 4379.25 | 4389.5  | 4364.25 | 4384.25 |      1.34888e+06 |              1 |                0 |            1 |           0 |       2 |            0 |
+---------+---------------------------+---------+---------+---------+---------+------------------+----------------+------------------+--------------+-------------+---------+--------------+
|     246 | 2023-11-07 00:00:00-05:00 | 4380    | 4403.25 | 4366    | 4396    |      1.34888e+06 |              1 |                0 |            1 |           0 |       2 |            0 |
+---------+---------------------------+---------+---------+---------+---------+------------------+----------------+------------------+--------------+-------------+---------+--------------+
|     247 | 2023-11-08 00:00:00-05:00 | 4397.5  | 4398.75 | 4387.5  | 4398.25 | 115253           |              1 |                0 |            1 |           0 |       2 |            0 |
+---------+---------------------------+---------+---------+---------+---------+------------------+----------------+------------------+--------------+-------------+---------+--------------+

  Buy Price  Buy Time                     Sell Price  Sell Time                    Profit    Trade Length
-----------  -------------------------  ------------  -------------------------  --------  --------------
    4099.75  2023-02-10 00:00:00-05:00       4145.5   2023-02-14 00:00:00-05:00     45.75               2
    4093.25  2023-04-25 00:00:00-04:00       4188.5   2023-04-28 00:00:00-04:00     95.25               3
    4075.75  2023-05-04 00:00:00-04:00       4150     2023-05-15 00:00:00-04:00     74.25               7
    4159.75  2023-05-25 00:00:00-04:00       4213.25  2023-05-26 00:00:00-04:00     53.5                1
    4370.25  2023-06-26 00:00:00-04:00       4488.25  2023-06-30 00:00:00-04:00    118                  4
    4447     2023-07-06 00:00:00-04:00       4507.5   2023-07-12 00:00:00-04:00     60.5                4
    4399.25  2023-08-22 00:00:00-04:00       4447     2023-08-23 00:00:00-04:00     47.75               1
    4414.25  2023-08-25 00:00:00-04:00       4442.25  2023-08-28 00:00:00-04:00     28                  1
    4264.75  2023-10-03 00:00:00-04:00       4368.75  2023-10-09 00:00:00-04:00    104                  4
    4137.75  2023-10-27 00:00:00-04:00       4185.75  2023-10-30 00:00:00-04:00     48                  1
Total Profit: 675.0 Median Trade Length: 2.5 Average Trade Length: 2.8
