Trading Output for oj=f for the last 300 days
+---------+---------------------------+--------+--------+--------+---------+----------+----------------+------------------+--------------+-------------+---------+--------------+
|   Index | Timestamp                 |   Open |   High |    Low |   Close |   Volume |   RSIEMA Cross |   SMA/VWAP Cross |   MACD Cross |   KNN EMA X |   Total |   Total Diff |
+=========+===========================+========+========+========+=========+==========+================+==================+==============+=============+=========+==============+
|       0 | 2022-11-14 00:00:00-05:00 | 202.55 | 203.3  | 194.7  |  194.95 |      966 |              0 |                1 |            0 |           0 |       1 |            0 |
+---------+---------------------------+--------+--------+--------+---------+----------+----------------+------------------+--------------+-------------+---------+--------------+
|       1 | 2022-11-15 00:00:00-05:00 | 194.9  | 204.55 | 194.9  |  198    |     1165 |              0 |                1 |            1 |           0 |       2 |            1 |
+---------+---------------------------+--------+--------+--------+---------+----------+----------------+------------------+--------------+-------------+---------+--------------+
|       2 | 2022-11-16 00:00:00-05:00 | 200.8  | 204.3  | 199.8  |  202.65 |      400 |              0 |                1 |            1 |           0 |       2 |            0 |
+---------+---------------------------+--------+--------+--------+---------+----------+----------------+------------------+--------------+-------------+---------+--------------+
|       3 | 2022-11-17 00:00:00-05:00 | 201.85 | 202.9  | 198.65 |  201    |      427 |              0 |                1 |            1 |           0 |       2 |            0 |
+---------+---------------------------+--------+--------+--------+---------+----------+----------------+------------------+--------------+-------------+---------+--------------+
|       4 | 2022-11-18 00:00:00-05:00 | 201    | 203.65 | 199.4  |  201.15 |      491 |              0 |                0 |            1 |           0 |       1 |           -1 |
+---------+---------------------------+--------+--------+--------+---------+----------+----------------+------------------+--------------+-------------+---------+--------------+
|       5 | 2022-11-21 00:00:00-05:00 | 203.15 | 206.75 | 201.05 |  205.75 |      450 |              0 |                0 |            1 |           0 |       1 |            0 |
+---------+---------------------------+--------+--------+--------+---------+----------+----------------+------------------+--------------+-------------+---------+--------------+
|       6 | 2022-11-22 00:00:00-05:00 | 205.75 | 208.3  | 204.75 |  207.35 |      249 |              0 |                0 |            1 |           0 |       1 |            0 |
+---------+---------------------------+--------+--------+--------+---------+----------+----------------+------------------+--------------+-------------+---------+--------------+
|       7 | 2022-11-23 00:00:00-05:00 | 207.5  | 208.05 | 203.05 |  206.4  |      414 |              0 |                0 |            1 |           0 |       1 |            0 |
+---------+---------------------------+--------+--------+--------+---------+----------+----------------+------------------+--------------+-------------+---------+--------------+
|       8 | 2022-11-25 00:00:00-05:00 | 206.4  | 212.05 | 206.2  |  210.8  |      635 |              0 |                0 |            1 |           1 |       2 |            1 |
+---------+---------------------------+--------+--------+--------+---------+----------+----------------+------------------+--------------+-------------+---------+--------------+
|       9 | 2022-11-28 00:00:00-05:00 | 210.6  | 210.65 | 204.7  |  206.65 |      410 |              0 |                0 |            1 |           1 |       2 |            0 |
+---------+---------------------------+--------+--------+--------+---------+----------+----------------+------------------+--------------+-------------+---------+--------------+
|      10 | 2022-11-29 00:00:00-05:00 | 207    | 207    | 203.55 |  205.05 |      308 |              0 |                0 |            1 |           1 |       2 |            0 |
+---------+---------------------------+--------+--------+--------+---------+----------+----------------+------------------+--------------+-------------+---------+--------------+
|      11 | 2022-11-30 00:00:00-05:00 | 205.05 | 205.7  | 200    |  200.7  |      735 |              0 |                0 |            1 |           1 |       2 |            0 |
+---------+---------------------------+--------+--------+--------+---------+----------+----------------+------------------+--------------+-------------+---------+--------------+
|      12 | 2022-12-01 00:00:00-05:00 | 200.25 | 201.75 | 197.5  |  197.8  |     1051 |              0 |                0 |            0 |           0 |       0 |           -2 |
+---------+---------------------------+--------+--------+--------+---------+----------+----------------+------------------+--------------+-------------+---------+--------------+
|      13 | 2022-12-02 00:00:00-05:00 | 197.6  | 204.3  | 197.6  |  203.55 |      623 |              0 |                0 |            0 |           0 |       0 |            0 |
+---------+---------------------------+--------+--------+--------+---------+----------+----------------+------------------+--------------+-------------+---------+--------------+
|      14 | 2022-12-05 00:00:00-05:00 | 204.25 | 206.9  | 203    |  205.65 |      604 |              1 |                0 |            0 |           0 |       1 |            1 |
+---------+---------------------------+--------+--------+--------+---------+----------+----------------+------------------+--------------+-------------+---------+--------------+
|      15 | 2022-12-06 00:00:00-05:00 | 205.8  | 208.95 | 205.5  |  208.5  |      678 |              1 |                0 |            1 |           0 |       2 |            1 |
+---------+---------------------------+--------+--------+--------+---------+----------+----------------+------------------+--------------+-------------+---------+--------------+
|      16 | 2022-12-07 00:00:00-05:00 | 208.9  | 218.5  | 208.25 |  218.5  |     1394 |              1 |                0 |            1 |           0 |       2 |            0 |
+---------+---------------------------+--------+--------+--------+---------+----------+----------------+------------------+--------------+-------------+---------+--------------+
|      17 | 2022-12-08 00:00:00-05:00 | 216.25 | 226.8  | 216.25 |  224.25 |     1370 |              1 |                0 |            1 |           1 |       3 |            1 |
+---------+---------------------------+--------+--------+--------+---------+----------+----------------+------------------+--------------+-------------+---------+--------------+
|      18 | 2022-12-09 00:00:00-05:00 | 224.1  | 224.1  | 214.55 |  215.15 |     1086 |              1 |                0 |            1 |           1 |       3 |            0 |
+---------+---------------------------+--------+--------+--------+---------+----------+----------------+------------------+--------------+-------------+---------+--------------+
|      19 | 2022-12-12 00:00:00-05:00 | 214.65 | 214.65 | 206.15 |  209.2  |     1607 |              1 |                0 |            1 |           1 |       3 |            0 |
+---------+---------------------------+--------+--------+--------+---------+----------+----------------+------------------+--------------+-------------+---------+--------------+
|      20 | 2022-12-13 00:00:00-05:00 | 207.65 | 209.4  | 206.9  |  207.7  |     1000 |              1 |                0 |            1 |           1 |       3 |            0 |
+---------+---------------------------+--------+--------+--------+---------+----------+----------------+------------------+--------------+-------------+---------+--------------+
|      21 | 2022-12-14 00:00:00-05:00 | 208.8  | 211.8  | 208.35 |  210.2  |     1326 |              1 |                0 |            1 |           1 |       3 |            0 |
+---------+---------------------------+--------+--------+--------+---------+----------+----------------+------------------+--------------+-------------+---------+--------------+
|      22 | 2022-12-15 00:00:00-05:00 | 210.85 | 210.85 | 202.95 |  207.2  |     1131 |              1 |                0 |            0 |           1 |       2 |           -1 |
+---------+---------------------------+--------+--------+--------+---------+----------+----------------+------------------+--------------+-------------+---------+--------------+
|      23 | 2022-12-16 00:00:00-05:00 | 207.2  | 213.95 | 206.35 |  210.25 |     1133 |              1 |                0 |            0 |           0 |       1 |           -1 |
+---------+---------------------------+--------+--------+--------+---------+----------+----------------+------------------+--------------+-------------+---------+--------------+
|      24 | 2022-12-19 00:00:00-05:00 | 207.25 | 212.85 | 207.6  |  208    |     1058 |              1 |                0 |            0 |           0 |       1 |            0 |
+---------+---------------------------+--------+--------+--------+---------+----------+----------------+------------------+--------------+-------------+---------+--------------+
|      25 | 2022-12-20 00:00:00-05:00 | 207.85 | 209.65 | 206.5  |  208.3  |      526 |              1 |                0 |            0 |           1 |       2 |            1 |
+---------+---------------------------+--------+--------+--------+---------+----------+----------------+------------------+--------------+-------------+---------+--------------+
|      26 | 2022-12-21 00:00:00-05:00 | 209.8  | 214.5  | 209    |  213.45 |      699 |              1 |                0 |            0 |           1 |       2 |            0 |
+---------+---------------------------+--------+--------+--------+---------+----------+----------------+------------------+--------------+-------------+---------+--------------+
|      27 | 2022-12-22 00:00:00-05:00 | 212.9  | 213.25 | 210.35 |  210.6  |      369 |              1 |                0 |            0 |           1 |       2 |            0 |
+---------+---------------------------+--------+--------+--------+---------+----------+----------------+------------------+--------------+-------------+---------+--------------+
|      28 | 2022-12-23 00:00:00-05:00 | 212.45 | 212.6  | 205.35 |  206.75 |      464 |              1 |                0 |            0 |           1 |       2 |            0 |
+---------+---------------------------+--------+--------+--------+---------+----------+----------------+------------------+--------------+-------------+---------+--------------+
|      29 | 2022-12-27 00:00:00-05:00 | 204.7  | 207.05 | 203.75 |  204.5  |      267 |              0 |                0 |            0 |           1 |       1 |           -1 |
+---------+---------------------------+--------+--------+--------+---------+----------+----------------+------------------+--------------+-------------+---------+--------------+
|      30 | 2022-12-28 00:00:00-05:00 | 204.5  | 206.45 | 199.65 |  203.2  |      360 |              0 |                1 |            0 |           1 |       2 |            1 |
+---------+---------------------------+--------+--------+--------+---------+----------+----------------+------------------+--------------+-------------+---------+--------------+
|      31 | 2022-12-29 00:00:00-05:00 | 203.2  | 213    | 203.2  |  206.3  |      181 |              0 |                1 |            0 |           1 |       2 |            0 |
+---------+---------------------------+--------+--------+--------+---------+----------+----------------+------------------+--------------+-------------+---------+--------------+
|      32 | 2022-12-30 00:00:00-05:00 | 206    | 209.4  | 205.05 |  206.4  |        0 |              0 |                1 |            0 |           0 |       1 |           -1 |
+---------+---------------------------+--------+--------+--------+---------+----------+----------------+------------------+--------------+-------------+---------+--------------+
|      33 | 2023-01-03 00:00:00-05:00 | 202.2  | 203    | 202.2  |  203.7  |        9 |              0 |                1 |            0 |           0 |       1 |            0 |
+---------+---------------------------+--------+--------+--------+---------+----------+----------------+------------------+--------------+-------------+---------+--------------+
|      34 | 2023-01-04 00:00:00-05:00 | 205    | 205    | 205    |  205.45 |        1 |              1 |                1 |            0 |           0 |       2 |            1 |
+---------+---------------------------+--------+--------+--------+---------+----------+----------------+------------------+--------------+-------------+---------+--------------+
|      35 | 2023-01-05 00:00:00-05:00 | 207.75 | 207.75 | 207.75 |  207.75 |        0 |              1 |                1 |            0 |           0 |       2 |            0 |
+---------+---------------------------+--------+--------+--------+---------+----------+----------------+------------------+--------------+-------------+---------+--------------+
|      36 | 2023-01-06 00:00:00-05:00 | 207.35 | 209.25 | 207.35 |  208.7  |       10 |              1 |                1 |            0 |           0 |       2 |            0 |
+---------+---------------------------+--------+--------+--------+---------+----------+----------------+------------------+--------------+-------------+---------+--------------+
|      37 | 2023-01-09 00:00:00-05:00 | 208.7  | 209    | 208.5  |  208.9  |        5 |              1 |                1 |            0 |           0 |       2 |            0 |
+---------+---------------------------+--------+--------+--------+---------+----------+----------------+------------------+--------------+-------------+---------+--------------+
|      38 | 2023-01-10 00:00:00-05:00 | 208.65 | 208.65 | 208.65 |  208.65 |      379 |              1 |                1 |            0 |           1 |       3 |            1 |
+---------+---------------------------+--------+--------+--------+---------+----------+----------------+------------------+--------------+-------------+---------+--------------+
|      39 | 2023-01-11 00:00:00-05:00 | 207.5  | 208.5  | 206.5  |  207.6  |      476 |              1 |                0 |            0 |           1 |       2 |           -1 |
+---------+---------------------------+--------+--------+--------+---------+----------+----------------+------------------+--------------+-------------+---------+--------------+
|      40 | 2023-01-12 00:00:00-05:00 | 208    | 208.2  | 206.55 |  207.4  |      603 |              0 |                0 |            0 |           1 |       1 |           -1 |
+---------+---------------------------+--------+--------+--------+---------+----------+----------------+------------------+--------------+-------------+---------+--------------+
|      41 | 2023-01-13 00:00:00-05:00 | 207.45 | 213.8  | 206.85 |  207.2  |      872 |              0 |                0 |            0 |           1 |       1 |            0 |
+---------+---------------------------+--------+--------+--------+---------+----------+----------------+------------------+--------------+-------------+---------+--------------+
|      42 | 2023-01-17 00:00:00-05:00 | 206.25 | 207.4  | 204.75 |  206.2  |      855 |              1 |                1 |            0 |           1 |       3 |            2 |
+---------+---------------------------+--------+--------+--------+---------+----------+----------------+------------------+--------------+-------------+---------+--------------+
|      43 | 2023-01-18 00:00:00-05:00 | 206.2  | 208.5  | 205.45 |  205.55 |      997 |              1 |                1 |            0 |           1 |       3 |            0 |
+---------+---------------------------+--------+--------+--------+---------+----------+----------------+------------------+--------------+-------------+---------+--------------+
|      44 | 2023-01-19 00:00:00-05:00 | 205.85 | 207.8  | 203.7  |  204.2  |     1169 |              1 |                1 |            0 |           1 |       3 |            0 |
+---------+---------------------------+--------+--------+--------+---------+----------+----------------+------------------+--------------+-------------+---------+--------------+
|      45 | 2023-01-20 00:00:00-05:00 | 203.85 | 203.85 | 203.15 |  203.5  |      778 |              0 |                1 |            0 |           1 |       2 |           -1 |
+---------+---------------------------+--------+--------+--------+---------+----------+----------------+------------------+--------------+-------------+---------+--------------+
|      46 | 2023-01-23 00:00:00-05:00 | 204    | 207    | 202.8  |  204.4  |      791 |              0 |                1 |            0 |           1 |       2 |            0 |
+---------+---------------------------+--------+--------+--------+---------+----------+----------------+------------------+--------------+-------------+---------+--------------+
|      47 | 2023-01-24 00:00:00-05:00 | 205.25 | 205.3  | 203.65 |  203.8  |      824 |              1 |                1 |            0 |           0 |       2 |            0 |
+---------+---------------------------+--------+--------+--------+---------+----------+----------------+------------------+--------------+-------------+---------+--------------+
|      48 | 2023-01-25 00:00:00-05:00 | 204.4  | 205    | 203.5  |  204.1  |      631 |              0 |                1 |            0 |           0 |       1 |           -1 |
+---------+---------------------------+--------+--------+--------+---------+----------+----------------+------------------+--------------+-------------+---------+--------------+
|      49 | 2023-01-26 00:00:00-05:00 | 204.05 | 206.1  | 203.9  |  205.5  |      821 |              0 |                1 |            0 |           0 |       1 |            0 |
+---------+---------------------------+--------+--------+--------+---------+----------+----------------+------------------+--------------+-------------+---------+--------------+
|      50 | 2023-01-27 00:00:00-05:00 | 205.5  | 206.5  | 205.4  |  205.75 |      589 |              0 |                1 |            0 |           0 |       1 |            0 |
+---------+---------------------------+--------+--------+--------+---------+----------+----------------+------------------+--------------+-------------+---------+--------------+
|      51 | 2023-01-30 00:00:00-05:00 | 205.85 | 211.4  | 205.75 |  209.3  |      940 |              1 |                1 |            1 |           0 |       3 |            2 |
+---------+---------------------------+--------+--------+--------+---------+----------+----------------+------------------+--------------+-------------+---------+--------------+
|      52 | 2023-01-31 00:00:00-05:00 | 209.45 | 219.3  | 209    |  219.2  |     1609 |              1 |                0 |            1 |           0 |       2 |           -1 |
+---------+---------------------------+--------+--------+--------+---------+----------+----------------+------------------+--------------+-------------+---------+--------------+
|      53 | 2023-02-01 00:00:00-05:00 | 220.5  | 229.2  | 220.5  |  229.2  |     2235 |              1 |                0 |            1 |           0 |       2 |            0 |
+---------+---------------------------+--------+--------+--------+---------+----------+----------------+------------------+--------------+-------------+---------+--------------+
|      54 | 2023-02-02 00:00:00-05:00 | 230.55 | 244.75 | 230.55 |  239.1  |     2353 |              1 |                0 |            1 |           0 |       2 |            0 |
+---------+---------------------------+--------+--------+--------+---------+----------+----------------+------------------+--------------+-------------+---------+--------------+
|      55 | 2023-02-03 00:00:00-05:00 | 240.85 | 245.15 | 231.65 |  241.75 |     1995 |              1 |                0 |            1 |           0 |       2 |            0 |
+---------+---------------------------+--------+--------+--------+---------+----------+----------------+------------------+--------------+-------------+---------+--------------+
|      56 | 2023-02-06 00:00:00-05:00 | 239.1  | 244.2  | 236.8  |  243.15 |      887 |              1 |                0 |            1 |           0 |       2 |            0 |
+---------+---------------------------+--------+--------+--------+---------+----------+----------------+------------------+--------------+-------------+---------+--------------+
|      57 | 2023-02-07 00:00:00-05:00 | 244.1  | 253    | 243.6  |  248.9  |     1151 |              1 |                0 |            1 |           0 |       2 |            0 |
+---------+---------------------------+--------+--------+--------+---------+----------+----------------+------------------+--------------+-------------+---------+--------------+
|      58 | 2023-02-08 00:00:00-05:00 | 252    | 258.9  | 250.8  |  256.95 |     1102 |              1 |                0 |            1 |           0 |       2 |            0 |
+---------+---------------------------+--------+--------+--------+---------+----------+----------------+------------------+--------------+-------------+---------+--------------+
|      59 | 2023-02-09 00:00:00-05:00 | 256.15 | 266.95 | 256    |  262.55 |     1966 |              1 |                0 |            1 |           1 |       3 |            1 |
+---------+---------------------------+--------+--------+--------+---------+----------+----------------+------------------+--------------+-------------+---------+--------------+
|      60 | 2023-02-10 00:00:00-05:00 | 260    | 260    | 252.55 |  252.55 |     1716 |              1 |                0 |            1 |           1 |       3 |            0 |
+---------+---------------------------+--------+--------+--------+---------+----------+----------------+------------------+--------------+-------------+---------+--------------+
|      61 | 2023-02-13 00:00:00-05:00 | 245.55 | 245.55 | 232.55 |  232.85 |     1948 |              0 |                0 |            1 |           1 |       2 |           -1 |
+---------+---------------------------+--------+--------+--------+---------+----------+----------------+------------------+--------------+-------------+---------+--------------+
|      62 | 2023-02-14 00:00:00-05:00 | 230.5  | 236    | 229.45 |  234.45 |     1527 |              0 |                0 |            1 |           1 |       2 |            0 |
+---------+---------------------------+--------+--------+--------+---------+----------+----------------+------------------+--------------+-------------+---------+--------------+
|      63 | 2023-02-15 00:00:00-05:00 | 232.5  | 234.15 | 228.65 |  230.95 |     1053 |              0 |                0 |            0 |           1 |       1 |           -1 |
+---------+---------------------------+--------+--------+--------+---------+----------+----------------+------------------+--------------+-------------+---------+--------------+
|      64 | 2023-02-16 00:00:00-05:00 | 230.95 | 236.5  | 230.25 |  234.55 |      937 |              0 |                0 |            0 |           0 |       0 |           -1 |
+---------+---------------------------+--------+--------+--------+---------+----------+----------------+------------------+--------------+-------------+---------+--------------+
|      65 | 2023-02-17 00:00:00-05:00 | 235.55 | 240.5  | 234.8  |  240.2  |     1030 |              0 |                0 |            0 |           0 |       0 |            0 |
+---------+---------------------------+--------+--------+--------+---------+----------+----------------+------------------+--------------+-------------+---------+--------------+
|      66 | 2023-02-21 00:00:00-05:00 | 239.15 | 239.95 | 233.45 |  236.1  |      877 |              0 |                0 |            0 |           0 |       0 |            0 |
+---------+---------------------------+--------+--------+--------+---------+----------+----------------+------------------+--------------+-------------+---------+--------------+
|      67 | 2023-02-22 00:00:00-05:00 | 236.05 | 242.5  | 235.2  |  241.2  |      620 |              0 |                0 |            0 |           0 |       0 |            0 |
+---------+---------------------------+--------+--------+--------+---------+----------+----------------+------------------+--------------+-------------+---------+--------------+
|      68 | 2023-02-23 00:00:00-05:00 | 241.9  | 246.55 | 240.75 |  243.5  |      451 |              0 |                0 |            0 |           0 |       0 |            0 |
+---------+---------------------------+--------+--------+--------+---------+----------+----------------+------------------+--------------+-------------+---------+--------------+
|      69 | 2023-02-24 00:00:00-05:00 | 243.55 | 253.5  | 243.1  |  253.5  |      555 |              0 |                0 |            0 |           0 |       0 |            0 |
+---------+---------------------------+--------+--------+--------+---------+----------+----------------+------------------+--------------+-------------+---------+--------------+
|      70 | 2023-02-27 00:00:00-05:00 | 256.5  | 273.5  | 256.35 |  273.5  |      421 |              0 |                0 |            1 |           0 |       1 |            1 |
+---------+---------------------------+--------+--------+--------+---------+----------+----------------+------------------+--------------+-------------+---------+--------------+
|      71 | 2023-02-28 00:00:00-05:00 | 276.5  | 282.5  | 275    |  279.35 |      296 |              0 |                0 |            1 |           0 |       1 |            0 |
+---------+---------------------------+--------+--------+--------+---------+----------+----------------+------------------+--------------+-------------+---------+--------------+
|      72 | 2023-03-01 00:00:00-05:00 | 280.95 | 282.5  | 266.5  |  269.35 |       92 |              0 |                0 |            1 |           1 |       2 |            1 |
+---------+---------------------------+--------+--------+--------+---------+----------+----------------+------------------+--------------+-------------+---------+--------------+
|      73 | 2023-03-02 00:00:00-05:00 | 261.7  | 261.7  | 256    |  256.45 |       21 |              0 |                0 |            1 |           1 |       2 |            0 |
+---------+---------------------------+--------+--------+--------+---------+----------+----------------+------------------+--------------+-------------+---------+--------------+
|      74 | 2023-03-03 00:00:00-05:00 | 258    | 258    | 258    |  258.15 |        3 |              0 |                0 |            1 |           0 |       1 |           -1 |
+---------+---------------------------+--------+--------+--------+---------+----------+----------------+------------------+--------------+-------------+---------+--------------+
|      75 | 2023-03-06 00:00:00-05:00 | 263.35 | 263.35 | 263.35 |  261.7  |        3 |              1 |                0 |            1 |           0 |       2 |            1 |
+---------+---------------------------+--------+--------+--------+---------+----------+----------------+------------------+--------------+-------------+---------+--------------+
|      76 | 2023-03-07 00:00:00-05:00 | 264    | 268    | 264    |  269.8  |        8 |              1 |                0 |            1 |           0 |       2 |            0 |
+---------+---------------------------+--------+--------+--------+---------+----------+----------------+------------------+--------------+-------------+---------+--------------+
|      77 | 2023-03-08 00:00:00-05:00 | 272.05 | 272.05 | 272.05 |  262.25 |        3 |              1 |                0 |            1 |           1 |       3 |            1 |
+---------+---------------------------+--------+--------+--------+---------+----------+----------------+------------------+--------------+-------------+---------+--------------+
|      78 | 2023-03-09 00:00:00-05:00 | 270    | 270    | 270    |  273.25 |        4 |              1 |                0 |            1 |           1 |       3 |            0 |
+---------+---------------------------+--------+--------+--------+---------+----------+----------------+------------------+--------------+-------------+---------+--------------+
|      79 | 2023-03-10 00:00:00-05:00 | 272.6  | 272.6  | 263.5  |  269.05 |       33 |              1 |                0 |            1 |           1 |       3 |            0 |
+---------+---------------------------+--------+--------+--------+---------+----------+----------------+------------------+--------------+-------------+---------+--------------+
|      80 | 2023-03-13 00:00:00-04:00 | 263.15 | 263.15 | 263.15 |  263.15 |      589 |              0 |                0 |            0 |           1 |       1 |           -2 |
+---------+---------------------------+--------+--------+--------+---------+----------+----------------+------------------+--------------+-------------+---------+--------------+
|      81 | 2023-03-14 00:00:00-04:00 | 234.85 | 244.9  | 234.7  |  244.6  |      427 |              0 |                0 |            0 |           1 |       1 |            0 |
+---------+---------------------------+--------+--------+--------+---------+----------+----------------+------------------+--------------+-------------+---------+--------------+
|      82 | 2023-03-15 00:00:00-04:00 | 244.6  | 245.6  | 239.05 |  240.15 |      533 |              0 |                0 |            0 |           1 |       1 |            0 |
+---------+---------------------------+--------+--------+--------+---------+----------+----------------+------------------+--------------+-------------+---------+--------------+
|      83 | 2023-03-16 00:00:00-04:00 | 242.65 | 244.85 | 238.1  |  239.7  |      313 |              0 |                0 |            0 |           1 |       1 |            0 |
+---------+---------------------------+--------+--------+--------+---------+----------+----------------+------------------+--------------+-------------+---------+--------------+
|      84 | 2023-03-17 00:00:00-04:00 | 243.85 | 244.2  | 237.5  |  242.55 |      340 |              0 |                0 |            0 |           1 |       1 |            0 |
+---------+---------------------------+--------+--------+--------+---------+----------+----------------+------------------+--------------+-------------+---------+--------------+
|      85 | 2023-03-20 00:00:00-04:00 | 243.85 | 243.85 | 236.15 |  238.15 |      311 |              0 |                0 |            0 |           1 |       1 |            0 |
+---------+---------------------------+--------+--------+--------+---------+----------+----------------+------------------+--------------+-------------+---------+--------------+
|      86 | 2023-03-21 00:00:00-04:00 | 238    | 240.4  | 235.55 |  238.5  |      318 |              0 |                0 |            0 |           0 |       0 |           -1 |
+---------+---------------------------+--------+--------+--------+---------+----------+----------------+------------------+--------------+-------------+---------+--------------+
|      87 | 2023-03-22 00:00:00-04:00 | 239.8  | 243.85 | 237.05 |  240.45 |      503 |              0 |                0 |            0 |           0 |       0 |            0 |
+---------+---------------------------+--------+--------+--------+---------+----------+----------------+------------------+--------------+-------------+---------+--------------+
|      88 | 2023-03-23 00:00:00-04:00 | 240.55 | 244.65 | 239    |  243.95 |      392 |              0 |                0 |            0 |           0 |       0 |            0 |
+---------+---------------------------+--------+--------+--------+---------+----------+----------------+------------------+--------------+-------------+---------+--------------+
|      89 | 2023-03-24 00:00:00-04:00 | 243.1  | 253.95 | 242.15 |  253.95 |      976 |              0 |                0 |            0 |           0 |       0 |            0 |
+---------+---------------------------+--------+--------+--------+---------+----------+----------------+------------------+--------------+-------------+---------+--------------+
|      90 | 2023-03-27 00:00:00-04:00 | 254.95 | 259.9  | 245.6  |  252.55 |      575 |              0 |                0 |            0 |           0 |       0 |            0 |
+---------+---------------------------+--------+--------+--------+---------+----------+----------------+------------------+--------------+-------------+---------+--------------+
|      91 | 2023-03-28 00:00:00-04:00 | 248.35 | 256.2  | 248.2  |  252.4  |      345 |              0 |                0 |            0 |           0 |       0 |            0 |
+---------+---------------------------+--------+--------+--------+---------+----------+----------------+------------------+--------------+-------------+---------+--------------+
|      92 | 2023-03-29 00:00:00-04:00 | 255.25 | 262.4  | 254.3  |  262.4  |      452 |              0 |                0 |            1 |           0 |       1 |            1 |
+---------+---------------------------+--------+--------+--------+---------+----------+----------------+------------------+--------------+-------------+---------+--------------+
|      93 | 2023-03-30 00:00:00-04:00 | 266    | 271.45 | 258.6  |  266.3  |      735 |              1 |                0 |            1 |           0 |       2 |            1 |
+---------+---------------------------+--------+--------+--------+---------+----------+----------------+------------------+--------------+-------------+---------+--------------+
|      94 | 2023-03-31 00:00:00-04:00 | 265.5  | 272.15 | 263.1  |  269.5  |      582 |              1 |                0 |            1 |           0 |       2 |            0 |
+---------+---------------------------+--------+--------+--------+---------+----------+----------------+------------------+--------------+-------------+---------+--------------+
|      95 | 2023-04-03 00:00:00-04:00 | 267.5  | 274.35 | 263.65 |  272.55 |      694 |              1 |                0 |            1 |           0 |       2 |            0 |
+---------+---------------------------+--------+--------+--------+---------+----------+----------------+------------------+--------------+-------------+---------+--------------+
|      96 | 2023-04-04 00:00:00-04:00 | 273.35 | 280.85 | 273    |  276.7  |      721 |              1 |                0 |            1 |           0 |       2 |            0 |
+---------+---------------------------+--------+--------+--------+---------+----------+----------------+------------------+--------------+-------------+---------+--------------+
|      97 | 2023-04-05 00:00:00-04:00 | 276.45 | 286.2  | 275.6  |  282.2  |      771 |              1 |                0 |            1 |           0 |       2 |            0 |
+---------+---------------------------+--------+--------+--------+---------+----------+----------------+------------------+--------------+-------------+---------+--------------+
|      98 | 2023-04-06 00:00:00-04:00 | 284.25 | 285.7  | 272.3  |  275.5  |        0 |              1 |                0 |            1 |           0 |       2 |            0 |
+---------+---------------------------+--------+--------+--------+---------+----------+----------------+------------------+--------------+-------------+---------+--------------+
|      99 | 2023-04-10 00:00:00-04:00 | 275.25 | 280    | 274.05 |  277.5  |      529 |              1 |                0 |            1 |           0 |       2 |            0 |
+---------+---------------------------+--------+--------+--------+---------+----------+----------------+------------------+--------------+-------------+---------+--------------+
|     100 | 2023-04-11 00:00:00-04:00 | 279.5  | 287.5  | 276.1  |  284.9  |      936 |              1 |                0 |            1 |           1 |       3 |            1 |
+---------+---------------------------+--------+--------+--------+---------+----------+----------------+------------------+--------------+-------------+---------+--------------+
|     101 | 2023-04-12 00:00:00-04:00 | 282.4  | 283.05 | 274.9  |  278.1  |      945 |              1 |                0 |            1 |           1 |       3 |            0 |
+---------+---------------------------+--------+--------+--------+---------+----------+----------------+------------------+--------------+-------------+---------+--------------+
|     102 | 2023-04-13 00:00:00-04:00 | 279.95 | 282.2  | 276.8  |  280.4  |      852 |              1 |                0 |            1 |           1 |       3 |            0 |
+---------+---------------------------+--------+--------+--------+---------+----------+----------------+------------------+--------------+-------------+---------+--------------+
|     103 | 2023-04-14 00:00:00-04:00 | 278.65 | 279.05 | 272.75 |  274.85 |     1762 |              0 |                0 |            1 |           1 |       2 |           -1 |
+---------+---------------------------+--------+--------+--------+---------+----------+----------------+------------------+--------------+-------------+---------+--------------+
|     104 | 2023-04-17 00:00:00-04:00 | 276.15 | 276.3  | 269    |  272.85 |      955 |              0 |                0 |            1 |           1 |       2 |            0 |
+---------+---------------------------+--------+--------+--------+---------+----------+----------------+------------------+--------------+-------------+---------+--------------+
|     105 | 2023-04-18 00:00:00-04:00 | 272.85 | 280.25 | 271.6  |  274.1  |      962 |              0 |                0 |            0 |           1 |       1 |           -1 |
+---------+---------------------------+--------+--------+--------+---------+----------+----------------+------------------+--------------+-------------+---------+--------------+
|     106 | 2023-04-19 00:00:00-04:00 | 274.1  | 276.5  | 270.8  |  271.85 |      767 |              0 |                0 |            0 |           0 |       0 |           -1 |
+---------+---------------------------+--------+--------+--------+---------+----------+----------------+------------------+--------------+-------------+---------+--------------+
|     107 | 2023-04-20 00:00:00-04:00 | 272.85 | 278.3  | 271.7  |  274.4  |     1145 |              0 |                0 |            0 |           0 |       0 |            0 |
+---------+---------------------------+--------+--------+--------+---------+----------+----------------+------------------+--------------+-------------+---------+--------------+
|     108 | 2023-04-21 00:00:00-04:00 | 274.85 | 282.9  | 274.25 |  275.35 |      498 |              0 |                0 |            0 |           0 |       0 |            0 |
+---------+---------------------------+--------+--------+--------+---------+----------+----------------+------------------+--------------+-------------+---------+--------------+
|     109 | 2023-04-24 00:00:00-04:00 | 275.5  | 280.05 | 275.45 |  278.15 |      653 |              0 |                0 |            0 |           1 |       1 |            1 |
+---------+---------------------------+--------+--------+--------+---------+----------+----------------+------------------+--------------+-------------+---------+--------------+
|     110 | 2023-04-25 00:00:00-04:00 | 279    | 287.9  | 278.5  |  286.3  |      426 |              0 |                0 |            0 |           1 |       1 |            0 |
+---------+---------------------------+--------+--------+--------+---------+----------+----------------+------------------+--------------+-------------+---------+--------------+
|     111 | 2023-04-26 00:00:00-04:00 | 285    | 285    | 276.3  |  276.3  |      557 |              0 |                0 |            0 |           1 |       1 |            0 |
+---------+---------------------------+--------+--------+--------+---------+----------+----------------+------------------+--------------+-------------+---------+--------------+
|     112 | 2023-04-27 00:00:00-04:00 | 272.5  | 272.5  | 261.5  |  270.1  |      267 |              0 |                0 |            0 |           1 |       1 |            0 |
+---------+---------------------------+--------+--------+--------+---------+----------+----------------+------------------+--------------+-------------+---------+--------------+
|     113 | 2023-04-28 00:00:00-04:00 | 270.8  | 270.8  | 266.45 |  267.55 |       71 |              0 |                0 |            0 |           1 |       1 |            0 |
+---------+---------------------------+--------+--------+--------+---------+----------+----------------+------------------+--------------+-------------+---------+--------------+
|     114 | 2023-05-01 00:00:00-04:00 | 275.1  | 275.1  | 271.2  |  271.9  |       18 |              0 |                0 |            0 |           1 |       1 |            0 |
+---------+---------------------------+--------+--------+--------+---------+----------+----------------+------------------+--------------+-------------+---------+--------------+
|     115 | 2023-05-02 00:00:00-04:00 | 270    | 272.35 | 270    |  270.9  |      231 |              0 |                0 |            0 |           0 |       0 |           -1 |
+---------+---------------------------+--------+--------+--------+---------+----------+----------------+------------------+--------------+-------------+---------+--------------+
|     116 | 2023-05-03 00:00:00-04:00 | 270    | 274.4  | 270    |  274.45 |       10 |              0 |                0 |            0 |           0 |       0 |            0 |
+---------+---------------------------+--------+--------+--------+---------+----------+----------------+------------------+--------------+-------------+---------+--------------+
|     117 | 2023-05-04 00:00:00-04:00 | 275.6  | 275.6  | 269.25 |  271    |        9 |              0 |                0 |            0 |           1 |       1 |            1 |
+---------+---------------------------+--------+--------+--------+---------+----------+----------------+------------------+--------------+-------------+---------+--------------+
|     118 | 2023-05-05 00:00:00-04:00 | 274.2  | 274.2  | 274.2  |  274.2  |       20 |              1 |                0 |            0 |           1 |       2 |            1 |
+---------+---------------------------+--------+--------+--------+---------+----------+----------------+------------------+--------------+-------------+---------+--------------+
|     119 | 2023-05-08 00:00:00-04:00 | 280    | 280    | 279.8  |  278.6  |        3 |              1 |                0 |            0 |           1 |       2 |            0 |
+---------+---------------------------+--------+--------+--------+---------+----------+----------------+------------------+--------------+-------------+---------+--------------+
|     120 | 2023-05-09 00:00:00-04:00 | 275    | 275    | 265    |  266.3  |        5 |              0 |                0 |            0 |           1 |       1 |           -1 |
+---------+---------------------------+--------+--------+--------+---------+----------+----------------+------------------+--------------+-------------+---------+--------------+
|     121 | 2023-05-10 00:00:00-04:00 | 266.5  | 266.5  | 266.5  |  266.5  |      711 |              0 |                0 |            0 |           1 |       1 |            0 |
+---------+---------------------------+--------+--------+--------+---------+----------+----------------+------------------+--------------+-------------+---------+--------------+
|     122 | 2023-05-11 00:00:00-04:00 | 248.3  | 253.3  | 248    |  249.15 |      325 |              0 |                0 |            0 |           1 |       1 |            0 |
+---------+---------------------------+--------+--------+--------+---------+----------+----------------+------------------+--------------+-------------+---------+--------------+
|     123 | 2023-05-12 00:00:00-04:00 | 249.15 | 249.15 | 239.2  |  242.75 |      598 |              0 |                0 |            0 |           1 |       1 |            0 |
+---------+---------------------------+--------+--------+--------+---------+----------+----------------+------------------+--------------+-------------+---------+--------------+
|     124 | 2023-05-15 00:00:00-04:00 | 243.25 | 252.75 | 241.05 |  250.9  |      804 |              0 |                0 |            0 |           1 |       1 |            0 |
+---------+---------------------------+--------+--------+--------+---------+----------+----------------+------------------+--------------+-------------+---------+--------------+
|     125 | 2023-05-16 00:00:00-04:00 | 251.5  | 257.35 | 245.5  |  255.1  |      637 |              0 |                0 |            0 |           0 |       0 |           -1 |
+---------+---------------------------+--------+--------+--------+---------+----------+----------------+------------------+--------------+-------------+---------+--------------+
|     126 | 2023-05-17 00:00:00-04:00 | 255.1  | 255.2  | 250.3  |  251.95 |      196 |              0 |                0 |            0 |           0 |       0 |            0 |
+---------+---------------------------+--------+--------+--------+---------+----------+----------------+------------------+--------------+-------------+---------+--------------+
|     127 | 2023-05-18 00:00:00-04:00 | 251.95 | 255    | 251.55 |  253.15 |      406 |              0 |                0 |            0 |           0 |       0 |            0 |
+---------+---------------------------+--------+--------+--------+---------+----------+----------------+------------------+--------------+-------------+---------+--------------+
|     128 | 2023-05-19 00:00:00-04:00 | 253.05 | 259.45 | 253.05 |  258.2  |      430 |              0 |                0 |            0 |           0 |       0 |            0 |
+---------+---------------------------+--------+--------+--------+---------+----------+----------------+------------------+--------------+-------------+---------+--------------+
|     129 | 2023-05-22 00:00:00-04:00 | 256.45 | 268.2  | 256.4  |  268.2  |      622 |              1 |                0 |            0 |           0 |       1 |            1 |
+---------+---------------------------+--------+--------+--------+---------+----------+----------------+------------------+--------------+-------------+---------+--------------+
|     130 | 2023-05-23 00:00:00-04:00 | 270    | 287.9  | 270    |  286.8  |     1815 |              1 |                0 |            1 |           0 |       2 |            1 |
+---------+---------------------------+--------+--------+--------+---------+----------+----------------+------------------+--------------+-------------+---------+--------------+
|     131 | 2023-05-24 00:00:00-04:00 | 285.75 | 295.9  | 278.95 |  293.9  |     1443 |              1 |                0 |            1 |           0 |       2 |            0 |
+---------+---------------------------+--------+--------+--------+---------+----------+----------------+------------------+--------------+-------------+---------+--------------+
|     132 | 2023-05-25 00:00:00-04:00 | 293.45 | 295    | 288.75 |  290.5  |      677 |              1 |                0 |            1 |           0 |       2 |            0 |
+---------+---------------------------+--------+--------+--------+---------+----------+----------------+------------------+--------------+-------------+---------+--------------+
|     133 | 2023-05-26 00:00:00-04:00 | 293    | 294.55 | 289.5  |  291.95 |        0 |              1 |                0 |            1 |           1 |       3 |            1 |
+---------+---------------------------+--------+--------+--------+---------+----------+----------------+------------------+--------------+-------------+---------+--------------+
|     134 | 2023-05-30 00:00:00-04:00 | 291.85 | 292.5  | 281.95 |  282.3  |      491 |              1 |                0 |            1 |           1 |       3 |            0 |
+---------+---------------------------+--------+--------+--------+---------+----------+----------------+------------------+--------------+-------------+---------+--------------+
|     135 | 2023-05-31 00:00:00-04:00 | 280.7  | 288    | 280.25 |  282.2  |      400 |              1 |                0 |            1 |           1 |       3 |            0 |
+---------+---------------------------+--------+--------+--------+---------+----------+----------------+------------------+--------------+-------------+---------+--------------+
|     136 | 2023-06-01 00:00:00-04:00 | 284.25 | 286.2  | 275.8  |  283.55 |      503 |              1 |                0 |            1 |           1 |       3 |            0 |
+---------+---------------------------+--------+--------+--------+---------+----------+----------------+------------------+--------------+-------------+---------+--------------+
|     137 | 2023-06-02 00:00:00-04:00 | 280.6  | 285.1  | 277.6  |  279.9  |      381 |              1 |                0 |            1 |           1 |       3 |            0 |
+---------+---------------------------+--------+--------+--------+---------+----------+----------------+------------------+--------------+-------------+---------+--------------+
|     138 | 2023-06-05 00:00:00-04:00 | 279.25 | 280.5  | 272.5  |  274.15 |      786 |              1 |                0 |            1 |           1 |       3 |            0 |
+---------+---------------------------+--------+--------+--------+---------+----------+----------------+------------------+--------------+-------------+---------+--------------+
|     139 | 2023-06-06 00:00:00-04:00 | 273    | 278.5  | 264.4  |  267    |      852 |              0 |                0 |            0 |           1 |       1 |           -2 |
+---------+---------------------------+--------+--------+--------+---------+----------+----------------+------------------+--------------+-------------+---------+--------------+
|     140 | 2023-06-07 00:00:00-04:00 | 266.6  | 266.6  | 257    |  257.65 |      940 |              0 |                0 |            0 |           1 |       1 |            0 |
+---------+---------------------------+--------+--------+--------+---------+----------+----------------+------------------+--------------+-------------+---------+--------------+
|     141 | 2023-06-08 00:00:00-04:00 | 257.65 | 260.1  | 254.05 |  258.35 |      593 |              0 |                0 |            0 |           1 |       1 |            0 |
+---------+---------------------------+--------+--------+--------+---------+----------+----------------+------------------+--------------+-------------+---------+--------------+
|     142 | 2023-06-09 00:00:00-04:00 | 259.95 | 263.35 | 257.05 |  257.95 |      636 |              0 |                0 |            0 |           1 |       1 |            0 |
+---------+---------------------------+--------+--------+--------+---------+----------+----------------+------------------+--------------+-------------+---------+--------------+
|     143 | 2023-06-12 00:00:00-04:00 | 261.05 | 261.2  | 258.35 |  259.4  |      570 |              0 |                0 |            0 |           1 |       1 |            0 |
+---------+---------------------------+--------+--------+--------+---------+----------+----------------+------------------+--------------+-------------+---------+--------------+
|     144 | 2023-06-13 00:00:00-04:00 | 259.8  | 259.8  | 253.1  |  254.05 |      865 |              0 |                0 |            0 |           0 |       0 |           -1 |
+---------+---------------------------+--------+--------+--------+---------+----------+----------------+------------------+--------------+-------------+---------+--------------+
|     145 | 2023-06-14 00:00:00-04:00 | 253.75 | 258.3  | 253.2  |  256.4  |      714 |              0 |                0 |            0 |           0 |       0 |            0 |
+---------+---------------------------+--------+--------+--------+---------+----------+----------------+------------------+--------------+-------------+---------+--------------+
|     146 | 2023-06-15 00:00:00-04:00 | 257.15 | 266.4  | 257.15 |  266.4  |      736 |              0 |                0 |            0 |           0 |       0 |            0 |
+---------+---------------------------+--------+--------+--------+---------+----------+----------------+------------------+--------------+-------------+---------+--------------+
|     147 | 2023-06-16 00:00:00-04:00 | 268.85 | 268.85 | 260.65 |  265.65 |        0 |              0 |                0 |            0 |           0 |       0 |            0 |
+---------+---------------------------+--------+--------+--------+---------+----------+----------------+------------------+--------------+-------------+---------+--------------+
|     148 | 2023-06-20 00:00:00-04:00 | 266.9  | 268.75 | 264.2  |  267.55 |      931 |              0 |                0 |            0 |           1 |       1 |            1 |
+---------+---------------------------+--------+--------+--------+---------+----------+----------------+------------------+--------------+-------------+---------+--------------+
|     149 | 2023-06-21 00:00:00-04:00 | 268.85 | 268.85 | 257.55 |  257.55 |      670 |              0 |                0 |            0 |           0 |       0 |           -1 |
+---------+---------------------------+--------+--------+--------+---------+----------+----------------+------------------+--------------+-------------+---------+--------------+
|     150 | 2023-06-22 00:00:00-04:00 | 257.55 | 268.1  | 255.85 |  267.2  |     1058 |              0 |                0 |            0 |           0 |       0 |            0 |
+---------+---------------------------+--------+--------+--------+---------+----------+----------------+------------------+--------------+-------------+---------+--------------+
|     151 | 2023-06-23 00:00:00-04:00 | 266    | 266.65 | 260.8  |  263.35 |      402 |              0 |                0 |            0 |           0 |       0 |            0 |
+---------+---------------------------+--------+--------+--------+---------+----------+----------------+------------------+--------------+-------------+---------+--------------+
|     152 | 2023-06-26 00:00:00-04:00 | 263.35 | 271.9  | 263.35 |  265.1  |      662 |              1 |                0 |            1 |           0 |       2 |            2 |
+---------+---------------------------+--------+--------+--------+---------+----------+----------------+------------------+--------------+-------------+---------+--------------+
|     153 | 2023-06-27 00:00:00-04:00 | 265.2  | 268.75 | 265    |  266.2  |      349 |              1 |                0 |            1 |           0 |       2 |            0 |
+---------+---------------------------+--------+--------+--------+---------+----------+----------------+------------------+--------------+-------------+---------+--------------+
|     154 | 2023-06-28 00:00:00-04:00 | 266.3  | 268.5  | 259.55 |  264.25 |      292 |              1 |                0 |            1 |           0 |       2 |            0 |
+---------+---------------------------+--------+--------+--------+---------+----------+----------------+------------------+--------------+-------------+---------+--------------+
|     155 | 2023-06-29 00:00:00-04:00 | 268.5  | 274.25 | 268.5  |  274.25 |       83 |              1 |                0 |            1 |           0 |       2 |            0 |
+---------+---------------------------+--------+--------+--------+---------+----------+----------------+------------------+--------------+-------------+---------+--------------+
|     156 | 2023-06-30 00:00:00-04:00 | 275.4  | 282    | 273    |  271.75 |      131 |              1 |                0 |            1 |           0 |       2 |            0 |
+---------+---------------------------+--------+--------+--------+---------+----------+----------------+------------------+--------------+-------------+---------+--------------+
|     157 | 2023-07-03 00:00:00-04:00 | 277    | 277    | 275.5  |  278    |        5 |              1 |                0 |            1 |           0 |       2 |            0 |
+---------+---------------------------+--------+--------+--------+---------+----------+----------------+------------------+--------------+-------------+---------+--------------+
|     158 | 2023-07-05 00:00:00-04:00 | 286    | 286    | 285.75 |  285.25 |       81 |              1 |                0 |            1 |           0 |       2 |            0 |
+---------+---------------------------+--------+--------+--------+---------+----------+----------------+------------------+--------------+-------------+---------+--------------+
|     159 | 2023-07-06 00:00:00-04:00 | 287.4  | 287.4  | 287.4  |  288.05 |       15 |              1 |                0 |            1 |           0 |       2 |            0 |
+---------+---------------------------+--------+--------+--------+---------+----------+----------------+------------------+--------------+-------------+---------+--------------+
|     160 | 2023-07-07 00:00:00-04:00 | 295    | 296.4  | 295    |  295.9  |        3 |              1 |                0 |            1 |           0 |       2 |            0 |
+---------+---------------------------+--------+--------+--------+---------+----------+----------------+------------------+--------------+-------------+---------+--------------+
|     161 | 2023-07-10 00:00:00-04:00 | 296    | 296.5  | 294    |  296    |       48 |              1 |                0 |            1 |           1 |       3 |            1 |
+---------+---------------------------+--------+--------+--------+---------+----------+----------------+------------------+--------------+-------------+---------+--------------+
|     162 | 2023-07-11 00:00:00-04:00 | 304    | 305.5  | 303    |  298.5  |      490 |              1 |                0 |            1 |           1 |       3 |            0 |
+---------+---------------------------+--------+--------+--------+---------+----------+----------------+------------------+--------------+-------------+---------+--------------+
|     163 | 2023-07-12 00:00:00-04:00 | 267.05 | 274.6  | 267.05 |  272.4  |      572 |              0 |                0 |            1 |           1 |       2 |           -1 |
+---------+---------------------------+--------+--------+--------+---------+----------+----------------+------------------+--------------+-------------+---------+--------------+
|     164 | 2023-07-13 00:00:00-04:00 | 271.75 | 273.6  | 266.55 |  271.25 |      248 |              0 |                0 |            1 |           1 |       2 |            0 |
+---------+---------------------------+--------+--------+--------+---------+----------+----------------+------------------+--------------+-------------+---------+--------------+
|     165 | 2023-07-14 00:00:00-04:00 | 271.25 | 274.05 | 268.65 |  272.5  |      423 |              0 |                0 |            0 |           0 |       0 |           -2 |
+---------+---------------------------+--------+--------+--------+---------+----------+----------------+------------------+--------------+-------------+---------+--------------+
|     166 | 2023-07-17 00:00:00-04:00 | 272.5  | 275.4  | 272.5  |  273.9  |      289 |              0 |                0 |            0 |           0 |       0 |            0 |
+---------+---------------------------+--------+--------+--------+---------+----------+----------------+------------------+--------------+-------------+---------+--------------+
|     167 | 2023-07-18 00:00:00-04:00 | 273.9  | 282.75 | 273.9  |  282.3  |      817 |              1 |                0 |            0 |           0 |       1 |            1 |
+---------+---------------------------+--------+--------+--------+---------+----------+----------------+------------------+--------------+-------------+---------+--------------+
|     168 | 2023-07-19 00:00:00-04:00 | 281.3  | 291.4  | 280.55 |  287.7  |      558 |              1 |                0 |            1 |           0 |       2 |            1 |
+---------+---------------------------+--------+--------+--------+---------+----------+----------------+------------------+--------------+-------------+---------+--------------+
|     169 | 2023-07-20 00:00:00-04:00 | 286.9  | 291.55 | 286.85 |  290.35 |      558 |              1 |                0 |            1 |           0 |       2 |            0 |
+---------+---------------------------+--------+--------+--------+---------+----------+----------------+------------------+--------------+-------------+---------+--------------+
|     170 | 2023-07-21 00:00:00-04:00 | 291.45 | 300.35 | 291.2  |  299.9  |      735 |              1 |                0 |            1 |           0 |       2 |            0 |
+---------+---------------------------+--------+--------+--------+---------+----------+----------------+------------------+--------------+-------------+---------+--------------+
|     171 | 2023-07-24 00:00:00-04:00 | 299.1  | 309.9  | 299.1  |  305.7  |      704 |              1 |                0 |            1 |           0 |       2 |            0 |
+---------+---------------------------+--------+--------+--------+---------+----------+----------------+------------------+--------------+-------------+---------+--------------+
|     172 | 2023-07-25 00:00:00-04:00 | 305.3  | 312    | 301.5  |  309.65 |      467 |              1 |                0 |            1 |           0 |       2 |            0 |
+---------+---------------------------+--------+--------+--------+---------+----------+----------------+------------------+--------------+-------------+---------+--------------+
|     173 | 2023-07-26 00:00:00-04:00 | 310.15 | 316.95 | 308.05 |  315.4  |      441 |              1 |                0 |            1 |           0 |       2 |            0 |
+---------+---------------------------+--------+--------+--------+---------+----------+----------------+------------------+--------------+-------------+---------+--------------+
|     174 | 2023-07-27 00:00:00-04:00 | 316.3  | 318.85 | 313.15 |  317.1  |      420 |              1 |                0 |            1 |           0 |       2 |            0 |
+---------+---------------------------+--------+--------+--------+---------+----------+----------------+------------------+--------------+-------------+---------+--------------+
|     175 | 2023-07-28 00:00:00-04:00 | 317.1  | 317.75 | 311.15 |  316.85 |      431 |              1 |                0 |            1 |           1 |       3 |            1 |
+---------+---------------------------+--------+--------+--------+---------+----------+----------------+------------------+--------------+-------------+---------+--------------+
|     176 | 2023-07-31 00:00:00-04:00 | 317.75 | 319.4  | 310.1  |  316.2  |      474 |              0 |                0 |            1 |           1 |       2 |           -1 |
+---------+---------------------------+--------+--------+--------+---------+----------+----------------+------------------+--------------+-------------+---------+--------------+
|     177 | 2023-08-01 00:00:00-04:00 | 315.85 | 316.15 | 310.8  |  312.5  |      312 |              1 |                0 |            1 |           1 |       3 |            1 |
+---------+---------------------------+--------+--------+--------+---------+----------+----------------+------------------+--------------+-------------+---------+--------------+
|     178 | 2023-08-02 00:00:00-04:00 | 312    | 312.15 | 302.5  |  302.5  |      496 |              1 |                0 |            1 |           1 |       3 |            0 |
+---------+---------------------------+--------+--------+--------+---------+----------+----------------+------------------+--------------+-------------+---------+--------------+
|     179 | 2023-08-03 00:00:00-04:00 | 301    | 301.25 | 295.3  |  299.25 |      597 |              1 |                0 |            0 |           1 |       2 |           -1 |
+---------+---------------------------+--------+--------+--------+---------+----------+----------------+------------------+--------------+-------------+---------+--------------+
|     180 | 2023-08-04 00:00:00-04:00 | 299.45 | 306.25 | 298.35 |  301.4  |      444 |              1 |                0 |            0 |           1 |       2 |            0 |
+---------+---------------------------+--------+--------+--------+---------+----------+----------------+------------------+--------------+-------------+---------+--------------+
|     181 | 2023-08-07 00:00:00-04:00 | 302.55 | 308.65 | 302.55 |  305.15 |      261 |              1 |                0 |            0 |           1 |       2 |            0 |
+---------+---------------------------+--------+--------+--------+---------+----------+----------------+------------------+--------------+-------------+---------+--------------+
|     182 | 2023-08-08 00:00:00-04:00 | 304.7  | 306.85 | 295.6  |  296.95 |      768 |              0 |                0 |            0 |           1 |       1 |           -1 |
+---------+---------------------------+--------+--------+--------+---------+----------+----------------+------------------+--------------+-------------+---------+--------------+
|     183 | 2023-08-09 00:00:00-04:00 | 295.9  | 306.95 | 295.85 |  300.55 |      432 |              0 |                0 |            0 |           0 |       0 |           -1 |
+---------+---------------------------+--------+--------+--------+---------+----------+----------------+------------------+--------------+-------------+---------+--------------+
|     184 | 2023-08-10 00:00:00-04:00 | 301.95 | 302.95 | 298    |  300.45 |      300 |              0 |                0 |            0 |           0 |       0 |            0 |
+---------+---------------------------+--------+--------+--------+---------+----------+----------------+------------------+--------------+-------------+---------+--------------+
|     185 | 2023-08-11 00:00:00-04:00 | 302    | 304.75 | 298.25 |  302.05 |      545 |              0 |                0 |            0 |           0 |       0 |            0 |
+---------+---------------------------+--------+--------+--------+---------+----------+----------------+------------------+--------------+-------------+---------+--------------+
|     186 | 2023-08-14 00:00:00-04:00 | 301.8  | 306.4  | 298.85 |  301.05 |      820 |              0 |                0 |            0 |           0 |       0 |            0 |
+---------+---------------------------+--------+--------+--------+---------+----------+----------------+------------------+--------------+-------------+---------+--------------+
|     187 | 2023-08-15 00:00:00-04:00 | 299.75 | 311.05 | 299.5  |  311.05 |      869 |              0 |                0 |            0 |           0 |       0 |            0 |
+---------+---------------------------+--------+--------+--------+---------+----------+----------------+------------------+--------------+-------------+---------+--------------+
|     188 | 2023-08-16 00:00:00-04:00 | 313.45 | 331.05 | 313    |  331.05 |     1263 |              1 |                0 |            1 |           0 |       2 |            2 |
+---------+---------------------------+--------+--------+--------+---------+----------+----------------+------------------+--------------+-------------+---------+--------------+
|     189 | 2023-08-17 00:00:00-04:00 | 333.25 | 341.15 | 315.3  |  316.85 |     1145 |              0 |                0 |            1 |           0 |       1 |           -1 |
+---------+---------------------------+--------+--------+--------+---------+----------+----------------+------------------+--------------+-------------+---------+--------------+
|     190 | 2023-08-18 00:00:00-04:00 | 316.85 | 326.85 | 316.85 |  326.4  |     1014 |              0 |                0 |            1 |           0 |       1 |            0 |
+---------+---------------------------+--------+--------+--------+---------+----------+----------------+------------------+--------------+-------------+---------+--------------+
|     191 | 2023-08-21 00:00:00-04:00 | 330    | 332.85 | 318    |  320.2  |      769 |              0 |                0 |            1 |           0 |       1 |            0 |
+---------+---------------------------+--------+--------+--------+---------+----------+----------------+------------------+--------------+-------------+---------+--------------+
|     192 | 2023-08-22 00:00:00-04:00 | 320.4  | 320.75 | 312.05 |  318.05 |     1024 |              1 |                0 |            1 |           0 |       2 |            1 |
+---------+---------------------------+--------+--------+--------+---------+----------+----------------+------------------+--------------+-------------+---------+--------------+
|     193 | 2023-08-23 00:00:00-04:00 | 317.05 | 320.1  | 316.05 |  319.05 |      666 |              1 |                0 |            1 |           0 |       2 |            0 |
+---------+---------------------------+--------+--------+--------+---------+----------+----------------+------------------+--------------+-------------+---------+--------------+
|     194 | 2023-08-24 00:00:00-04:00 | 319.7  | 325.3  | 314    |  315.55 |      385 |              1 |                0 |            0 |           0 |       1 |           -1 |
+---------+---------------------------+--------+--------+--------+---------+----------+----------------+------------------+--------------+-------------+---------+--------------+
|     195 | 2023-08-25 00:00:00-04:00 | 318.85 | 325.4  | 316.2  |  324.05 |      491 |              1 |                0 |            1 |           0 |       2 |            1 |
+---------+---------------------------+--------+--------+--------+---------+----------+----------------+------------------+--------------+-------------+---------+--------------+
|     196 | 2023-08-28 00:00:00-04:00 | 328    | 330.95 | 316    |  321.9  |      356 |              1 |                0 |            1 |           0 |       2 |            0 |
+---------+---------------------------+--------+--------+--------+---------+----------+----------------+------------------+--------------+-------------+---------+--------------+
|     197 | 2023-08-29 00:00:00-04:00 | 318.5  | 331.7  | 318.5  |  324.3  |      328 |              1 |                0 |            1 |           0 |       2 |            0 |
+---------+---------------------------+--------+--------+--------+---------+----------+----------------+------------------+--------------+-------------+---------+--------------+
|     198 | 2023-08-30 00:00:00-04:00 | 329.7  | 334.3  | 327.05 |  334.3  |      125 |              1 |                0 |            1 |           0 |       2 |            0 |
+---------+---------------------------+--------+--------+--------+---------+----------+----------------+------------------+--------------+-------------+---------+--------------+
|     199 | 2023-08-31 00:00:00-04:00 | 334.25 | 340.6  | 328    |  328.15 |       55 |              1 |                0 |            1 |           0 |       2 |            0 |
+---------+---------------------------+--------+--------+--------+---------+----------+----------------+------------------+--------------+-------------+---------+--------------+
|     200 | 2023-09-01 00:00:00-04:00 | 328    | 329.5  | 328    |  327.35 |        0 |              1 |                0 |            1 |           0 |       2 |            0 |
+---------+---------------------------+--------+--------+--------+---------+----------+----------------+------------------+--------------+-------------+---------+--------------+
|     201 | 2023-09-05 00:00:00-04:00 | 326.05 | 333    | 326.05 |  332.15 |        7 |              1 |                0 |            1 |           0 |       2 |            0 |
+---------+---------------------------+--------+--------+--------+---------+----------+----------------+------------------+--------------+-------------+---------+--------------+
|     202 | 2023-09-06 00:00:00-04:00 | 349.95 | 350    | 345    |  346.15 |       34 |              0 |                0 |            1 |           0 |       1 |           -1 |
+---------+---------------------------+--------+--------+--------+---------+----------+----------------+------------------+--------------+-------------+---------+--------------+
|     203 | 2023-09-07 00:00:00-04:00 | 350.05 | 350.9  | 348    |  350.95 |       17 |              1 |                0 |            1 |           0 |       2 |            1 |
+---------+---------------------------+--------+--------+--------+---------+----------+----------------+------------------+--------------+-------------+---------+--------------+
|     204 | 2023-09-08 00:00:00-04:00 | 355    | 390    | 349.9  |  349.6  |      140 |              1 |                0 |            1 |           1 |       3 |            1 |
+---------+---------------------------+--------+--------+--------+---------+----------+----------------+------------------+--------------+-------------+---------+--------------+
|     205 | 2023-09-11 00:00:00-04:00 | 343.45 | 343.45 | 343.45 |  343.45 |      575 |              1 |                0 |            1 |           1 |       3 |            0 |
+---------+---------------------------+--------+--------+--------+---------+----------+----------------+------------------+--------------+-------------+---------+--------------+
|     206 | 2023-09-12 00:00:00-04:00 | 327.85 | 333.65 | 325.5  |  331.5  |      432 |              0 |                0 |            1 |           1 |       2 |           -1 |
+---------+---------------------------+--------+--------+--------+---------+----------+----------------+------------------+--------------+-------------+---------+--------------+
|     207 | 2023-09-13 00:00:00-04:00 | 333    | 333    | 325    |  325.7  |      351 |              0 |                0 |            0 |           1 |       1 |           -1 |
+---------+---------------------------+--------+--------+--------+---------+----------+----------------+------------------+--------------+-------------+---------+--------------+
|     208 | 2023-09-14 00:00:00-04:00 | 326.8  | 332    | 326.75 |  331.2  |      443 |              0 |                0 |            0 |           0 |       0 |           -1 |
+---------+---------------------------+--------+--------+--------+---------+----------+----------------+------------------+--------------+-------------+---------+--------------+
|     209 | 2023-09-15 00:00:00-04:00 | 332.25 | 333.9  | 328.25 |  331.25 |      414 |              0 |                0 |            0 |           0 |       0 |            0 |
+---------+---------------------------+--------+--------+--------+---------+----------+----------------+------------------+--------------+-------------+---------+--------------+
|     210 | 2023-09-18 00:00:00-04:00 | 332.3  | 341.25 | 330.7  |  339.05 |      734 |              0 |                0 |            0 |           0 |       0 |            0 |
+---------+---------------------------+--------+--------+--------+---------+----------+----------------+------------------+--------------+-------------+---------+--------------+
|     211 | 2023-09-19 00:00:00-04:00 | 341.05 | 347    | 337.2  |  340    |      590 |              0 |                0 |            0 |           0 |       0 |            0 |
+---------+---------------------------+--------+--------+--------+---------+----------+----------------+------------------+--------------+-------------+---------+--------------+
|     212 | 2023-09-20 00:00:00-04:00 | 340    | 344.1  | 338.25 |  343.4  |      257 |              0 |                0 |            0 |           0 |       0 |            0 |
+---------+---------------------------+--------+--------+--------+---------+----------+----------------+------------------+--------------+-------------+---------+--------------+
|     213 | 2023-09-21 00:00:00-04:00 | 345.8  | 345.8  | 337.25 |  340.55 |      274 |              0 |                0 |            0 |           0 |       0 |            0 |
+---------+---------------------------+--------+--------+--------+---------+----------+----------------+------------------+--------------+-------------+---------+--------------+
|     214 | 2023-09-22 00:00:00-04:00 | 341.15 | 345.7  | 339.35 |  341.6  |      218 |              1 |                0 |            0 |           0 |       1 |            1 |
+---------+---------------------------+--------+--------+--------+---------+----------+----------------+------------------+--------------+-------------+---------+--------------+
|     215 | 2023-09-25 00:00:00-04:00 | 341.8  | 343.15 | 338.3  |  339.4  |      266 |              0 |                0 |            0 |           0 |       0 |           -1 |
+---------+---------------------------+--------+--------+--------+---------+----------+----------------+------------------+--------------+-------------+---------+--------------+
|     216 | 2023-09-26 00:00:00-04:00 | 340.45 | 349.4  | 339.75 |  349.4  |      476 |              0 |                0 |            0 |           0 |       0 |            0 |
+---------+---------------------------+--------+--------+--------+---------+----------+----------------+------------------+--------------+-------------+---------+--------------+
|     217 | 2023-09-27 00:00:00-04:00 | 351.65 | 369    | 348.5  |  355.1  |      824 |              0 |                0 |            1 |           0 |       1 |            1 |
+---------+---------------------------+--------+--------+--------+---------+----------+----------------+------------------+--------------+-------------+---------+--------------+
|     218 | 2023-09-28 00:00:00-04:00 | 354.85 | 358.45 | 345.1  |  345.8  |      515 |              0 |                0 |            1 |           0 |       1 |            0 |
+---------+---------------------------+--------+--------+--------+---------+----------+----------------+------------------+--------------+-------------+---------+--------------+
|     219 | 2023-09-29 00:00:00-04:00 | 344.65 | 351.95 | 341.05 |  349.75 |      445 |              0 |                0 |            1 |           0 |       1 |            0 |
+---------+---------------------------+--------+--------+--------+---------+----------+----------------+------------------+--------------+-------------+---------+--------------+
|     220 | 2023-10-02 00:00:00-04:00 | 352    | 359.75 | 351.6  |  354.8  |      501 |              1 |                0 |            1 |           0 |       2 |            1 |
+---------+---------------------------+--------+--------+--------+---------+----------+----------------+------------------+--------------+-------------+---------+--------------+
|     221 | 2023-10-03 00:00:00-04:00 | 355.05 | 359.05 | 348.25 |  356.2  |      329 |              1 |                0 |            1 |           0 |       2 |            0 |
+---------+---------------------------+--------+--------+--------+---------+----------+----------------+------------------+--------------+-------------+---------+--------------+
|     222 | 2023-10-04 00:00:00-04:00 | 354    | 366.2  | 352.6  |  365.95 |      632 |              1 |                0 |            1 |           0 |       2 |            0 |
+---------+---------------------------+--------+--------+--------+---------+----------+----------------+------------------+--------------+-------------+---------+--------------+
|     223 | 2023-10-05 00:00:00-04:00 | 366.25 | 375.95 | 365.65 |  375.95 |      531 |              1 |                0 |            1 |           0 |       2 |            0 |
+---------+---------------------------+--------+--------+--------+---------+----------+----------------+------------------+--------------+-------------+---------+--------------+
|     224 | 2023-10-06 00:00:00-04:00 | 379.5  | 383.2  | 374.15 |  377.2  |      711 |              1 |                0 |            1 |           0 |       2 |            0 |
+---------+---------------------------+--------+--------+--------+---------+----------+----------------+------------------+--------------+-------------+---------+--------------+
|     225 | 2023-10-09 00:00:00-04:00 | 376.1  | 382.25 | 373.25 |  375.65 |      600 |              1 |                0 |            1 |           0 |       2 |            0 |
+---------+---------------------------+--------+--------+--------+---------+----------+----------------+------------------+--------------+-------------+---------+--------------+
|     226 | 2023-10-10 00:00:00-04:00 | 373    | 384.45 | 373    |  381.15 |      996 |              1 |                0 |            1 |           0 |       2 |            0 |
+---------+---------------------------+--------+--------+--------+---------+----------+----------------+------------------+--------------+-------------+---------+--------------+
|     227 | 2023-10-11 00:00:00-04:00 | 377.3  | 384.15 | 376.6  |  378.05 |      610 |              1 |                0 |            1 |           0 |       2 |            0 |
+---------+---------------------------+--------+--------+--------+---------+----------+----------------+------------------+--------------+-------------+---------+--------------+
|     228 | 2023-10-12 00:00:00-04:00 | 377.4  | 388    | 377    |  385.25 |      826 |              1 |                0 |            1 |           0 |       2 |            0 |
+---------+---------------------------+--------+--------+--------+---------+----------+----------------+------------------+--------------+-------------+---------+--------------+
|     229 | 2023-10-13 00:00:00-04:00 | 388    | 390.75 | 378.3  |  385.9  |      731 |              1 |                0 |            1 |           0 |       2 |            0 |
+---------+---------------------------+--------+--------+--------+---------+----------+----------------+------------------+--------------+-------------+---------+--------------+
|     230 | 2023-10-16 00:00:00-04:00 | 388.65 | 391.8  | 381.7  |  382.7  |      992 |              1 |                0 |            1 |           0 |       2 |            0 |
+---------+---------------------------+--------+--------+--------+---------+----------+----------------+------------------+--------------+-------------+---------+--------------+
|     231 | 2023-10-17 00:00:00-04:00 | 383.75 | 385.7  | 382.45 |  384.9  |      862 |              1 |                0 |            1 |           0 |       2 |            0 |
+---------+---------------------------+--------+--------+--------+---------+----------+----------------+------------------+--------------+-------------+---------+--------------+
|     232 | 2023-10-18 00:00:00-04:00 | 384.05 | 387    | 379.4  |  379.85 |     1122 |              1 |                0 |            1 |           0 |       2 |            0 |
+---------+---------------------------+--------+--------+--------+---------+----------+----------------+------------------+--------------+-------------+---------+--------------+
|     233 | 2023-10-19 00:00:00-04:00 | 379.5  | 386.65 | 379.25 |  385.35 |     1121 |              1 |                0 |            1 |           0 |       2 |            0 |
+---------+---------------------------+--------+--------+--------+---------+----------+----------------+------------------+--------------+-------------+---------+--------------+
|     234 | 2023-10-20 00:00:00-04:00 | 385.35 | 395.25 | 382    |  391.2  |     1093 |              1 |                0 |            1 |           0 |       2 |            0 |
+---------+---------------------------+--------+--------+--------+---------+----------+----------------+------------------+--------------+-------------+---------+--------------+
|     235 | 2023-10-23 00:00:00-04:00 | 390.85 | 398.6  | 387.5  |  389.05 |      855 |              1 |                0 |            1 |           0 |       2 |            0 |
+---------+---------------------------+--------+--------+--------+---------+----------+----------------+------------------+--------------+-------------+---------+--------------+
|     236 | 2023-10-24 00:00:00-04:00 | 391.1  | 395.45 | 390    |  390.8  |      370 |              0 |                0 |            0 |           0 |       0 |           -2 |
+---------+---------------------------+--------+--------+--------+---------+----------+----------------+------------------+--------------+-------------+---------+--------------+
|     237 | 2023-10-25 00:00:00-04:00 | 391.5  | 397.5  | 391.5  |  393.45 |      547 |              0 |                0 |            0 |           0 |       0 |            0 |
+---------+---------------------------+--------+--------+--------+---------+----------+----------------+------------------+--------------+-------------+---------+--------------+
|     238 | 2023-10-26 00:00:00-04:00 | 396.75 | 399.8  | 395.25 |  396.85 |      458 |              0 |                0 |            0 |           0 |       0 |            0 |
+---------+---------------------------+--------+--------+--------+---------+----------+----------------+------------------+--------------+-------------+---------+--------------+
|     239 | 2023-10-27 00:00:00-04:00 | 395.05 | 403.2  | 394    |  401.95 |      199 |              1 |                0 |            1 |           0 |       2 |            2 |
+---------+---------------------------+--------+--------+--------+---------+----------+----------------+------------------+--------------+-------------+---------+--------------+
|     240 | 2023-10-30 00:00:00-04:00 | 402.5  | 411.95 | 402.05 |  411.95 |      112 |              1 |                0 |            1 |           1 |       3 |            1 |
+---------+---------------------------+--------+--------+--------+---------+----------+----------------+------------------+--------------+-------------+---------+--------------+
|     241 | 2023-10-31 00:00:00-04:00 | 428.5  | 431.95 | 414.95 |  417.7  |      493 |              1 |                0 |            1 |           1 |       3 |            0 |
+---------+---------------------------+--------+--------+--------+---------+----------+----------------+------------------+--------------+-------------+---------+--------------+
|     242 | 2023-11-01 00:00:00-04:00 | 414    | 414    | 409    |  408.95 |       48 |              0 |                0 |            1 |           0 |       1 |           -2 |
+---------+---------------------------+--------+--------+--------+---------+----------+----------------+------------------+--------------+-------------+---------+--------------+
|     243 | 2023-11-02 00:00:00-04:00 | 398    | 398    | 378    |  378.15 |       47 |              0 |                0 |            0 |           0 |       0 |           -1 |
+---------+---------------------------+--------+--------+--------+---------+----------+----------------+------------------+--------------+-------------+---------+--------------+
|     244 | 2023-11-03 00:00:00-04:00 | 372.5  | 379    | 371.45 |  374.35 |       51 |              0 |                0 |            0 |           0 |       0 |            0 |
+---------+---------------------------+--------+--------+--------+---------+----------+----------------+------------------+--------------+-------------+---------+--------------+
|     245 | 2023-11-06 00:00:00-05:00 | 377.5  | 377.5  | 377.5  |  387.05 |        8 |              0 |                0 |            0 |           0 |       0 |            0 |
+---------+---------------------------+--------+--------+--------+---------+----------+----------------+------------------+--------------+-------------+---------+--------------+
|     246 | 2023-11-07 00:00:00-05:00 | 363.8  | 369.95 | 349.95 |  355.1  |        0 |              0 |                0 |            0 |           0 |       0 |            0 |
+---------+---------------------------+--------+--------+--------+---------+----------+----------------+------------------+--------------+-------------+---------+--------------+

Still holding position
Buy Price: 378.1499938964844 Buy Date: 2023-11-02 00:00:00-04:00

  Buy Price  Buy Time                     Sell Price  Sell Time                     Profit    Trade Length
-----------  -------------------------  ------------  -------------------------  ---------  --------------
     197.8   2022-12-01 00:00:00-05:00        205.65  2022-12-05 00:00:00-05:00   7.84999                2
     234.55  2023-02-16 00:00:00-05:00        273.5   2023-02-27 00:00:00-05:00  38.95                   6
     238.5   2023-03-21 00:00:00-04:00        262.4   2023-03-29 00:00:00-04:00  23.9                    6
     271.85  2023-04-19 00:00:00-04:00        278.15  2023-04-24 00:00:00-04:00   6.29999                3
     270.9   2023-05-02 00:00:00-04:00        271     2023-05-04 00:00:00-04:00   0.100006               2
     255.1   2023-05-16 00:00:00-04:00        268.2   2023-05-22 00:00:00-04:00  13.1                    4
     254.05  2023-06-13 00:00:00-04:00        267.55  2023-06-20 00:00:00-04:00  13.5                    4
     257.55  2023-06-21 00:00:00-04:00        265.1   2023-06-26 00:00:00-04:00   7.55002                3
     272.5   2023-07-14 00:00:00-04:00        282.3   2023-07-18 00:00:00-04:00   9.79999                2
     300.55  2023-08-09 00:00:00-04:00        331.05  2023-08-16 00:00:00-04:00  30.5                    5
     331.2   2023-09-14 00:00:00-04:00        341.6   2023-09-22 00:00:00-04:00  10.4                    6
     339.4   2023-09-25 00:00:00-04:00        355.1   2023-09-27 00:00:00-04:00  15.7                    2
     390.8   2023-10-24 00:00:00-04:00        401.95  2023-10-27 00:00:00-04:00  11.15                   3
Total Profit: 188.8000030517578 Median Trade Length: 3.0 Average Trade Length: 3.6923076923076925
