Trading Output for nail for the last 300 days
+---------+---------------------------+---------+---------+---------+---------+----------+----------------+------------------+--------------+-------------+---------+--------------+
|   Index | Timestamp                 |    Open |    High |     Low |   Close |   Volume |   RSIEMA Cross |   SMA/VWAP Cross |   MACD Cross |   KNN EMA X |   Total |   Total Diff |
+=========+===========================+=========+=========+=========+=========+==========+================+==================+==============+=============+=========+==============+
|       0 | 2023-11-06 09:30:00-05:00 | 57.73   | 58.2326 | 57.46   | 57.93   |    26872 |              0 |                1 |            0 |           0 |       1 |            0 |
+---------+---------------------------+---------+---------+---------+---------+----------+----------------+------------------+--------------+-------------+---------+--------------+
|       1 | 2023-11-06 09:35:00-05:00 | 57.85   | 57.88   | 57.2969 | 57.4    |    13380 |              0 |                1 |            0 |           0 |       1 |            0 |
+---------+---------------------------+---------+---------+---------+---------+----------+----------------+------------------+--------------+-------------+---------+--------------+
|       2 | 2023-11-06 09:40:00-05:00 | 57.52   | 58.19   | 57.39   | 57.95   |    14462 |              0 |                1 |            0 |           0 |       1 |            0 |
+---------+---------------------------+---------+---------+---------+---------+----------+----------------+------------------+--------------+-------------+---------+--------------+
|       3 | 2023-11-06 09:45:00-05:00 | 58.0117 | 58.0117 | 57.2584 | 57.38   |    14922 |              0 |                1 |            0 |           0 |       1 |            0 |
+---------+---------------------------+---------+---------+---------+---------+----------+----------------+------------------+--------------+-------------+---------+--------------+
|       4 | 2023-11-06 09:50:00-05:00 | 57.5    | 57.61   | 56.58   | 56.59   |    21250 |              0 |                1 |            0 |           1 |       2 |            1 |
+---------+---------------------------+---------+---------+---------+---------+----------+----------------+------------------+--------------+-------------+---------+--------------+
|       5 | 2023-11-06 09:55:00-05:00 | 56.58   | 57      | 56.4    | 56.85   |    18194 |              0 |                1 |            0 |           1 |       2 |            0 |
+---------+---------------------------+---------+---------+---------+---------+----------+----------------+------------------+--------------+-------------+---------+--------------+
|       6 | 2023-11-06 10:00:00-05:00 | 56.8    | 56.8    | 55.98   | 56.27   |    12283 |              0 |                1 |            0 |           1 |       2 |            0 |
+---------+---------------------------+---------+---------+---------+---------+----------+----------------+------------------+--------------+-------------+---------+--------------+
|       7 | 2023-11-06 10:05:00-05:00 | 56.31   | 56.49   | 56.055  | 56.12   |     8448 |              0 |                1 |            0 |           1 |       2 |            0 |
+---------+---------------------------+---------+---------+---------+---------+----------+----------------+------------------+--------------+-------------+---------+--------------+
|       8 | 2023-11-06 10:10:00-05:00 | 56.29   | 56.47   | 56.03   | 56.4    |     5135 |              0 |                1 |            0 |           0 |       1 |           -1 |
+---------+---------------------------+---------+---------+---------+---------+----------+----------------+------------------+--------------+-------------+---------+--------------+
|       9 | 2023-11-06 10:15:00-05:00 | 56.43   | 56.62   | 56.25   | 56.62   |    14993 |              0 |                1 |            0 |           0 |       1 |            0 |
+---------+---------------------------+---------+---------+---------+---------+----------+----------------+------------------+--------------+-------------+---------+--------------+
|      10 | 2023-11-06 10:20:00-05:00 | 56.7    | 57.1    | 56.7    | 56.91   |     8112 |              0 |                1 |            0 |           0 |       1 |            0 |
+---------+---------------------------+---------+---------+---------+---------+----------+----------------+------------------+--------------+-------------+---------+--------------+
|      11 | 2023-11-06 10:25:00-05:00 | 56.804  | 56.99   | 56.793  | 56.9    |     4915 |              0 |                1 |            0 |           0 |       1 |            0 |
+---------+---------------------------+---------+---------+---------+---------+----------+----------------+------------------+--------------+-------------+---------+--------------+
|      12 | 2023-11-06 10:30:00-05:00 | 56.91   | 56.91   | 56.8    | 56.8701 |     4255 |              0 |                1 |            0 |           0 |       1 |            0 |
+---------+---------------------------+---------+---------+---------+---------+----------+----------------+------------------+--------------+-------------+---------+--------------+
|      13 | 2023-11-06 10:35:00-05:00 | 56.92   | 57      | 56.7963 | 56.83   |     3275 |              0 |                1 |            0 |           1 |       2 |            1 |
+---------+---------------------------+---------+---------+---------+---------+----------+----------------+------------------+--------------+-------------+---------+--------------+
|      14 | 2023-11-06 10:40:00-05:00 | 57.11   | 57.11   | 56.95   | 56.95   |     1442 |              1 |                1 |            1 |           1 |       4 |            2 |
+---------+---------------------------+---------+---------+---------+---------+----------+----------------+------------------+--------------+-------------+---------+--------------+
|      15 | 2023-11-06 10:45:00-05:00 | 56.865  | 56.865  | 56.6701 | 56.79   |     4211 |              1 |                1 |            1 |           1 |       4 |            0 |
+---------+---------------------------+---------+---------+---------+---------+----------+----------------+------------------+--------------+-------------+---------+--------------+
|      16 | 2023-11-06 10:50:00-05:00 | 56.66   | 56.75   | 56.61   | 56.61   |     9922 |              1 |                1 |            1 |           1 |       4 |            0 |
+---------+---------------------------+---------+---------+---------+---------+----------+----------------+------------------+--------------+-------------+---------+--------------+
|      17 | 2023-11-06 10:55:00-05:00 | 56.68   | 56.68   | 56.608  | 56.608  |     2441 |              1 |                1 |            1 |           0 |       3 |           -1 |
+---------+---------------------------+---------+---------+---------+---------+----------+----------------+------------------+--------------+-------------+---------+--------------+
|      18 | 2023-11-06 11:00:00-05:00 | 56.5    | 56.68   | 56.425  | 56.6492 |     2183 |              1 |                1 |            1 |           0 |       3 |            0 |
+---------+---------------------------+---------+---------+---------+---------+----------+----------------+------------------+--------------+-------------+---------+--------------+
|      19 | 2023-11-06 11:05:00-05:00 | 56.6601 | 56.96   | 56.6601 | 56.96   |     1833 |              1 |                1 |            1 |           0 |       3 |            0 |
+---------+---------------------------+---------+---------+---------+---------+----------+----------------+------------------+--------------+-------------+---------+--------------+
|      20 | 2023-11-06 11:10:00-05:00 | 56.79   | 56.91   | 56.7701 | 56.81   |     1748 |              1 |                1 |            1 |           0 |       3 |            0 |
+---------+---------------------------+---------+---------+---------+---------+----------+----------------+------------------+--------------+-------------+---------+--------------+
|      21 | 2023-11-06 11:15:00-05:00 | 56.86   | 57.03   | 56.86   | 57.03   |     2219 |              1 |                1 |            1 |           1 |       4 |            1 |
+---------+---------------------------+---------+---------+---------+---------+----------+----------------+------------------+--------------+-------------+---------+--------------+
|      22 | 2023-11-06 11:20:00-05:00 | 56.94   | 56.94   | 56.7    | 56.7    |     2619 |              1 |                1 |            1 |           0 |       3 |           -1 |
+---------+---------------------------+---------+---------+---------+---------+----------+----------------+------------------+--------------+-------------+---------+--------------+
|      23 | 2023-11-06 11:25:00-05:00 | 56.82   | 56.908  | 56.82   | 56.908  |      288 |              1 |                1 |            1 |           0 |       3 |            0 |
+---------+---------------------------+---------+---------+---------+---------+----------+----------------+------------------+--------------+-------------+---------+--------------+
|      24 | 2023-11-06 11:30:00-05:00 | 56.7    | 56.82   | 56.7    | 56.8    |     2134 |              1 |                1 |            1 |           0 |       3 |            0 |
+---------+---------------------------+---------+---------+---------+---------+----------+----------------+------------------+--------------+-------------+---------+--------------+
|      25 | 2023-11-06 11:35:00-05:00 | 56.77   | 56.8962 | 56.73   | 56.84   |     2819 |              1 |                1 |            1 |           0 |       3 |            0 |
+---------+---------------------------+---------+---------+---------+---------+----------+----------------+------------------+--------------+-------------+---------+--------------+
|      26 | 2023-11-06 11:40:00-05:00 | 56.79   | 56.97   | 56.79   | 56.97   |      990 |              1 |                1 |            1 |           0 |       3 |            0 |
+---------+---------------------------+---------+---------+---------+---------+----------+----------------+------------------+--------------+-------------+---------+--------------+
|      27 | 2023-11-06 11:45:00-05:00 | 57.0501 | 57.14   | 57.0501 | 57.14   |     1796 |              1 |                1 |            1 |           0 |       3 |            0 |
+---------+---------------------------+---------+---------+---------+---------+----------+----------------+------------------+--------------+-------------+---------+--------------+
|      28 | 2023-11-06 11:50:00-05:00 | 57.27   | 57.37   | 57.25   | 57.37   |     1503 |              1 |                0 |            1 |           0 |       2 |           -1 |
+---------+---------------------------+---------+---------+---------+---------+----------+----------------+------------------+--------------+-------------+---------+--------------+
|      29 | 2023-11-06 11:55:00-05:00 | 57.485  | 57.485  | 57.4    | 57.4415 |      775 |              1 |                0 |            1 |           0 |       2 |            0 |
+---------+---------------------------+---------+---------+---------+---------+----------+----------------+------------------+--------------+-------------+---------+--------------+
|      30 | 2023-11-06 12:00:00-05:00 | 57.49   | 57.49   | 57.44   | 57.44   |      605 |              1 |                0 |            1 |           0 |       2 |            0 |
+---------+---------------------------+---------+---------+---------+---------+----------+----------------+------------------+--------------+-------------+---------+--------------+
|      31 | 2023-11-06 12:05:00-05:00 | 57.38   | 57.43   | 57.31   | 57.43   |     1145 |              1 |                0 |            1 |           1 |       3 |            1 |
+---------+---------------------------+---------+---------+---------+---------+----------+----------------+------------------+--------------+-------------+---------+--------------+
|      32 | 2023-11-06 12:10:00-05:00 | 57.4    | 57.4    | 57.38   | 57.38   |      741 |              1 |                0 |            1 |           1 |       3 |            0 |
+---------+---------------------------+---------+---------+---------+---------+----------+----------------+------------------+--------------+-------------+---------+--------------+
|      33 | 2023-11-06 12:15:00-05:00 | 57.27   | 57.27   | 57.27   | 57.27   |      339 |              1 |                0 |            1 |           1 |       3 |            0 |
+---------+---------------------------+---------+---------+---------+---------+----------+----------------+------------------+--------------+-------------+---------+--------------+
|      34 | 2023-11-06 12:20:00-05:00 | 57.26   | 57.27   | 57.24   | 57.27   |      680 |              1 |                0 |            1 |           1 |       3 |            0 |
+---------+---------------------------+---------+---------+---------+---------+----------+----------------+------------------+--------------+-------------+---------+--------------+
|      35 | 2023-11-06 12:25:00-05:00 | 57.16   | 57.16   | 57.16   | 57.16   |      310 |              0 |                0 |            1 |           1 |       2 |           -1 |
+---------+---------------------------+---------+---------+---------+---------+----------+----------------+------------------+--------------+-------------+---------+--------------+
|      36 | 2023-11-06 12:30:00-05:00 | 57.2    | 57.2    | 57.2    | 57.2    |     5573 |              1 |                0 |            1 |           1 |       3 |            1 |
+---------+---------------------------+---------+---------+---------+---------+----------+----------------+------------------+--------------+-------------+---------+--------------+
|      37 | 2023-11-06 12:35:00-05:00 | 57.25   | 57.25   | 57.25   | 57.25   |      162 |              1 |                0 |            1 |           1 |       3 |            0 |
+---------+---------------------------+---------+---------+---------+---------+----------+----------------+------------------+--------------+-------------+---------+--------------+
|      38 | 2023-11-06 12:40:00-05:00 | 57.22   | 57.23   | 57.1    | 57.1    |      493 |              1 |                0 |            1 |           1 |       3 |            0 |
+---------+---------------------------+---------+---------+---------+---------+----------+----------------+------------------+--------------+-------------+---------+--------------+
|      39 | 2023-11-06 12:45:00-05:00 | 57.0799 | 57.12   | 57.0799 | 57.12   |      800 |              1 |                0 |            1 |           1 |       3 |            0 |
+---------+---------------------------+---------+---------+---------+---------+----------+----------------+------------------+--------------+-------------+---------+--------------+
|      40 | 2023-11-06 12:50:00-05:00 | 57.11   | 57.11   | 56.92   | 56.93   |     2544 |              0 |                0 |            0 |           1 |       1 |           -2 |
+---------+---------------------------+---------+---------+---------+---------+----------+----------------+------------------+--------------+-------------+---------+--------------+
|      41 | 2023-11-06 12:55:00-05:00 | 56.92   | 57.02   | 56.92   | 57.02   |      639 |              0 |                0 |            0 |           1 |       1 |            0 |
+---------+---------------------------+---------+---------+---------+---------+----------+----------------+------------------+--------------+-------------+---------+--------------+
|      42 | 2023-11-06 13:00:00-05:00 | 57.01   | 57.01   | 57.01   | 57.01   |      156 |              0 |                0 |            0 |           1 |       1 |            0 |
+---------+---------------------------+---------+---------+---------+---------+----------+----------------+------------------+--------------+-------------+---------+--------------+
|      43 | 2023-11-06 13:05:00-05:00 | 57.03   | 57.1    | 57.01   | 57.1    |     1090 |              0 |                0 |            0 |           1 |       1 |            0 |
+---------+---------------------------+---------+---------+---------+---------+----------+----------------+------------------+--------------+-------------+---------+--------------+
|      44 | 2023-11-06 13:15:00-05:00 | 56.811  | 56.88   | 56.75   | 56.75   |     1012 |              0 |                1 |            0 |           1 |       2 |            1 |
+---------+---------------------------+---------+---------+---------+---------+----------+----------------+------------------+--------------+-------------+---------+--------------+
|      45 | 2023-11-06 13:20:00-05:00 | 56.65   | 56.7025 | 56.5919 | 56.7025 |     2576 |              0 |                1 |            0 |           0 |       1 |           -1 |
+---------+---------------------------+---------+---------+---------+---------+----------+----------------+------------------+--------------+-------------+---------+--------------+
|      46 | 2023-11-06 13:25:00-05:00 | 56.73   | 56.73   | 56.64   | 56.68   |     1114 |              0 |                1 |            0 |           0 |       1 |            0 |
+---------+---------------------------+---------+---------+---------+---------+----------+----------------+------------------+--------------+-------------+---------+--------------+
|      47 | 2023-11-06 13:30:00-05:00 | 56.71   | 56.82   | 56.68   | 56.82   |     5754 |              0 |                1 |            0 |           0 |       1 |            0 |
+---------+---------------------------+---------+---------+---------+---------+----------+----------------+------------------+--------------+-------------+---------+--------------+
|      48 | 2023-11-06 13:35:00-05:00 | 56.98   | 57.18   | 56.96   | 57.18   |     1973 |              1 |                1 |            0 |           0 |       2 |            1 |
+---------+---------------------------+---------+---------+---------+---------+----------+----------------+------------------+--------------+-------------+---------+--------------+
|      49 | 2023-11-06 13:40:00-05:00 | 57.06   | 57.0701 | 57.06   | 57.0701 |      700 |              1 |                1 |            0 |           1 |       3 |            1 |
+---------+---------------------------+---------+---------+---------+---------+----------+----------------+------------------+--------------+-------------+---------+--------------+
|      50 | 2023-11-06 13:45:00-05:00 | 57.08   | 57.11   | 56.9801 | 57.0068 |     1752 |              1 |                1 |            1 |           1 |       4 |            1 |
+---------+---------------------------+---------+---------+---------+---------+----------+----------------+------------------+--------------+-------------+---------+--------------+
|      51 | 2023-11-06 13:50:00-05:00 | 56.98   | 56.98   | 56.98   | 56.98   |      504 |              0 |                1 |            1 |           1 |       3 |           -1 |
+---------+---------------------------+---------+---------+---------+---------+----------+----------------+------------------+--------------+-------------+---------+--------------+
|      52 | 2023-11-06 13:55:00-05:00 | 56.8688 | 56.92   | 56.86   | 56.92   |     2531 |              1 |                0 |            1 |           1 |       3 |            0 |
+---------+---------------------------+---------+---------+---------+---------+----------+----------------+------------------+--------------+-------------+---------+--------------+
|      53 | 2023-11-06 14:00:00-05:00 | 57.05   | 57.05   | 56.8755 | 56.8755 |      739 |              1 |                1 |            0 |           1 |       3 |            0 |
+---------+---------------------------+---------+---------+---------+---------+----------+----------------+------------------+--------------+-------------+---------+--------------+
|      54 | 2023-11-06 14:05:00-05:00 | 56.96   | 56.96   | 56.69   | 56.69   |     1315 |              1 |                1 |            0 |           1 |       3 |            0 |
+---------+---------------------------+---------+---------+---------+---------+----------+----------------+------------------+--------------+-------------+---------+--------------+
|      55 | 2023-11-06 14:10:00-05:00 | 56.64   | 56.65   | 56.64   | 56.65   |      391 |              0 |                1 |            0 |           1 |       2 |           -1 |
+---------+---------------------------+---------+---------+---------+---------+----------+----------------+------------------+--------------+-------------+---------+--------------+
|      56 | 2023-11-06 14:15:00-05:00 | 56.49   | 56.5    | 56.465  | 56.5    |      975 |              0 |                1 |            0 |           1 |       2 |            0 |
+---------+---------------------------+---------+---------+---------+---------+----------+----------------+------------------+--------------+-------------+---------+--------------+
|      57 | 2023-11-06 14:20:00-05:00 | 56.64   | 56.64   | 56.6    | 56.6    |     1011 |              0 |                1 |            0 |           0 |       1 |           -1 |
+---------+---------------------------+---------+---------+---------+---------+----------+----------------+------------------+--------------+-------------+---------+--------------+
|      58 | 2023-11-06 14:25:00-05:00 | 56.53   | 56.5743 | 56.51   | 56.51   |      308 |              1 |                1 |            0 |           0 |       2 |            1 |
+---------+---------------------------+---------+---------+---------+---------+----------+----------------+------------------+--------------+-------------+---------+--------------+
|      59 | 2023-11-06 14:30:00-05:00 | 56.505  | 56.63   | 56.505  | 56.63   |      771 |              1 |                1 |            0 |           0 |       2 |            0 |
+---------+---------------------------+---------+---------+---------+---------+----------+----------------+------------------+--------------+-------------+---------+--------------+
|      60 | 2023-11-06 14:35:00-05:00 | 56.61   | 56.8    | 56.6    | 56.77   |     2248 |              1 |                1 |            0 |           0 |       2 |            0 |
+---------+---------------------------+---------+---------+---------+---------+----------+----------------+------------------+--------------+-------------+---------+--------------+
|      61 | 2023-11-06 14:40:00-05:00 | 56.94   | 57.1    | 56.94   | 57.1    |      597 |              1 |                1 |            1 |           0 |       3 |            1 |
+---------+---------------------------+---------+---------+---------+---------+----------+----------------+------------------+--------------+-------------+---------+--------------+
|      62 | 2023-11-06 14:45:00-05:00 | 57.0799 | 57.0985 | 57      | 57      |      872 |              0 |                1 |            1 |           0 |       2 |           -1 |
+---------+---------------------------+---------+---------+---------+---------+----------+----------------+------------------+--------------+-------------+---------+--------------+
|      63 | 2023-11-06 14:50:00-05:00 | 57.05   | 57.0589 | 57      | 57.0589 |     1805 |              1 |                1 |            1 |           0 |       3 |            1 |
+---------+---------------------------+---------+---------+---------+---------+----------+----------------+------------------+--------------+-------------+---------+--------------+
|      64 | 2023-11-06 14:55:00-05:00 | 57.11   | 57.16   | 57.11   | 57.16   |      460 |              1 |                0 |            1 |           0 |       2 |           -1 |
+---------+---------------------------+---------+---------+---------+---------+----------+----------------+------------------+--------------+-------------+---------+--------------+
|      65 | 2023-11-06 15:00:00-05:00 | 57.104  | 57.104  | 57.104  | 57.104  |      407 |              1 |                0 |            1 |           1 |       3 |            1 |
+---------+---------------------------+---------+---------+---------+---------+----------+----------------+------------------+--------------+-------------+---------+--------------+
|      66 | 2023-11-06 15:05:00-05:00 | 57.07   | 57.07   | 56.99   | 57      |     2814 |              1 |                0 |            1 |           1 |       3 |            0 |
+---------+---------------------------+---------+---------+---------+---------+----------+----------------+------------------+--------------+-------------+---------+--------------+
|      67 | 2023-11-06 15:10:00-05:00 | 56.96   | 57.09   | 56.96   | 57.09   |     2799 |              1 |                0 |            1 |           1 |       3 |            0 |
+---------+---------------------------+---------+---------+---------+---------+----------+----------------+------------------+--------------+-------------+---------+--------------+
|      68 | 2023-11-06 15:15:00-05:00 | 56.86   | 56.96   | 56.86   | 56.96   |     1837 |              1 |                0 |            1 |           1 |       3 |            0 |
+---------+---------------------------+---------+---------+---------+---------+----------+----------------+------------------+--------------+-------------+---------+--------------+
|      69 | 2023-11-06 15:20:00-05:00 | 56.85   | 56.85   | 56.645  | 56.645  |     1518 |              0 |                1 |            1 |           1 |       3 |            0 |
+---------+---------------------------+---------+---------+---------+---------+----------+----------------+------------------+--------------+-------------+---------+--------------+
|      70 | 2023-11-06 15:25:00-05:00 | 56.73   | 56.77   | 56.57   | 56.7001 |     2223 |              1 |                1 |            0 |           1 |       3 |            0 |
+---------+---------------------------+---------+---------+---------+---------+----------+----------------+------------------+--------------+-------------+---------+--------------+
|      71 | 2023-11-06 15:30:00-05:00 | 56.74   | 56.87   | 56.73   | 56.825  |     1039 |              1 |                1 |            0 |           1 |       3 |            0 |
+---------+---------------------------+---------+---------+---------+---------+----------+----------------+------------------+--------------+-------------+---------+--------------+
|      72 | 2023-11-06 15:35:00-05:00 | 56.73   | 56.73   | 56.65   | 56.69   |     1723 |              1 |                1 |            0 |           1 |       3 |            0 |
+---------+---------------------------+---------+---------+---------+---------+----------+----------------+------------------+--------------+-------------+---------+--------------+
|      73 | 2023-11-06 15:40:00-05:00 | 56.69   | 56.69   | 56.67   | 56.68   |      551 |              0 |                1 |            0 |           0 |       1 |           -2 |
+---------+---------------------------+---------+---------+---------+---------+----------+----------------+------------------+--------------+-------------+---------+--------------+
|      74 | 2023-11-06 15:45:00-05:00 | 56.6    | 56.6    | 56.5443 | 56.56   |     2708 |              0 |                1 |            0 |           0 |       1 |            0 |
+---------+---------------------------+---------+---------+---------+---------+----------+----------------+------------------+--------------+-------------+---------+--------------+
|      75 | 2023-11-06 15:50:00-05:00 | 56.755  | 56.81   | 56.6871 | 56.69   |     2701 |              0 |                1 |            0 |           0 |       1 |            0 |
+---------+---------------------------+---------+---------+---------+---------+----------+----------------+------------------+--------------+-------------+---------+--------------+
|      76 | 2023-11-06 15:55:00-05:00 | 56.8233 | 56.96   | 56.81   | 56.81   |     2818 |              0 |                1 |            0 |           0 |       1 |            0 |
+---------+---------------------------+---------+---------+---------+---------+----------+----------------+------------------+--------------+-------------+---------+--------------+
|      77 | 2023-11-07 09:30:00-05:00 | 57.39   | 57.39   | 56.92   | 57.31   |    15698 |              1 |                1 |            1 |           0 |       3 |            2 |
+---------+---------------------------+---------+---------+---------+---------+----------+----------------+------------------+--------------+-------------+---------+--------------+
|      78 | 2023-11-07 09:35:00-05:00 | 57.36   | 57.99   | 57.25   | 57.67   |    16929 |              1 |                1 |            1 |           0 |       3 |            0 |
+---------+---------------------------+---------+---------+---------+---------+----------+----------------+------------------+--------------+-------------+---------+--------------+
|      79 | 2023-11-07 09:40:00-05:00 | 57.49   | 57.87   | 57.3    | 57.87   |    13192 |              1 |                0 |            1 |           0 |       2 |           -1 |
+---------+---------------------------+---------+---------+---------+---------+----------+----------------+------------------+--------------+-------------+---------+--------------+
|      80 | 2023-11-07 09:45:00-05:00 | 58      | 58.4066 | 57.96   | 58.06   |     8396 |              1 |                0 |            1 |           0 |       2 |            0 |
+---------+---------------------------+---------+---------+---------+---------+----------+----------------+------------------+--------------+-------------+---------+--------------+
|      81 | 2023-11-07 09:50:00-05:00 | 58.14   | 58.72   | 58.14   | 58.63   |     9668 |              1 |                0 |            1 |           0 |       2 |            0 |
+---------+---------------------------+---------+---------+---------+---------+----------+----------------+------------------+--------------+-------------+---------+--------------+
|      82 | 2023-11-07 09:55:00-05:00 | 58.53   | 59.16   | 58.49   | 59.065  |     8894 |              1 |                0 |            1 |           0 |       2 |            0 |
+---------+---------------------------+---------+---------+---------+---------+----------+----------------+------------------+--------------+-------------+---------+--------------+
|      83 | 2023-11-07 10:00:00-05:00 | 59.0422 | 59.68   | 59.0422 | 59.62   |    21978 |              1 |                0 |            1 |           0 |       2 |            0 |
+---------+---------------------------+---------+---------+---------+---------+----------+----------------+------------------+--------------+-------------+---------+--------------+
|      84 | 2023-11-07 10:05:00-05:00 | 59.41   | 59.51   | 58.88   | 58.88   |     6688 |              1 |                0 |            1 |           0 |       2 |            0 |
+---------+---------------------------+---------+---------+---------+---------+----------+----------------+------------------+--------------+-------------+---------+--------------+
|      85 | 2023-11-07 10:10:00-05:00 | 58.89   | 59.399  | 58.68   | 59.23   |    12237 |              1 |                0 |            1 |           0 |       2 |            0 |
+---------+---------------------------+---------+---------+---------+---------+----------+----------------+------------------+--------------+-------------+---------+--------------+
|      86 | 2023-11-07 10:15:00-05:00 | 59.21   | 59.21   | 59.055  | 59.19   |     9665 |              1 |                0 |            1 |           0 |       2 |            0 |
+---------+---------------------------+---------+---------+---------+---------+----------+----------------+------------------+--------------+-------------+---------+--------------+
|      87 | 2023-11-07 10:20:00-05:00 | 59.15   | 59.15   | 58.99   | 59.02   |     1631 |              1 |                0 |            1 |           0 |       2 |            0 |
+---------+---------------------------+---------+---------+---------+---------+----------+----------------+------------------+--------------+-------------+---------+--------------+
|      88 | 2023-11-07 10:25:00-05:00 | 59.06   | 59.1485 | 58.76   | 59      |    13626 |              1 |                0 |            1 |           0 |       2 |            0 |
+---------+---------------------------+---------+---------+---------+---------+----------+----------------+------------------+--------------+-------------+---------+--------------+
|      89 | 2023-11-07 10:30:00-05:00 | 59.0513 | 59.0639 | 58.8    | 58.95   |     4796 |              1 |                0 |            1 |           0 |       2 |            0 |
+---------+---------------------------+---------+---------+---------+---------+----------+----------------+------------------+--------------+-------------+---------+--------------+
|      90 | 2023-11-07 10:35:00-05:00 | 59.1    | 59.225  | 58.94   | 59.225  |     4141 |              1 |                0 |            1 |           0 |       2 |            0 |
+---------+---------------------------+---------+---------+---------+---------+----------+----------------+------------------+--------------+-------------+---------+--------------+
|      91 | 2023-11-07 10:40:00-05:00 | 59.3367 | 59.345  | 59.1208 | 59.3    |     3565 |              1 |                0 |            1 |           0 |       2 |            0 |
+---------+---------------------------+---------+---------+---------+---------+----------+----------------+------------------+--------------+-------------+---------+--------------+
|      92 | 2023-11-07 10:45:00-05:00 | 59.2776 | 59.56   | 59.2776 | 59.5    |     4509 |              1 |                0 |            1 |           0 |       2 |            0 |
+---------+---------------------------+---------+---------+---------+---------+----------+----------------+------------------+--------------+-------------+---------+--------------+
|      93 | 2023-11-07 10:50:00-05:00 | 59.502  | 59.6199 | 59.34   | 59.47   |    10226 |              0 |                0 |            1 |           1 |       2 |            0 |
+---------+---------------------------+---------+---------+---------+---------+----------+----------------+------------------+--------------+-------------+---------+--------------+
|      94 | 2023-11-07 10:55:00-05:00 | 59.5    | 59.5    | 59.26   | 59.29   |     3303 |              0 |                0 |            1 |           0 |       1 |           -1 |
+---------+---------------------------+---------+---------+---------+---------+----------+----------------+------------------+--------------+-------------+---------+--------------+
|      95 | 2023-11-07 11:00:00-05:00 | 59.2101 | 59.3199 | 59.19   | 59.19   |     5642 |              0 |                0 |            0 |           0 |       0 |           -1 |
+---------+---------------------------+---------+---------+---------+---------+----------+----------------+------------------+--------------+-------------+---------+--------------+
|      96 | 2023-11-07 11:05:00-05:00 | 59.24   | 59.3    | 59.19   | 59.3    |     4490 |              0 |                0 |            0 |           1 |       1 |            1 |
+---------+---------------------------+---------+---------+---------+---------+----------+----------------+------------------+--------------+-------------+---------+--------------+
|      97 | 2023-11-07 11:10:00-05:00 | 59.37   | 59.47   | 59.22   | 59.339  |     2926 |              0 |                0 |            0 |           1 |       1 |            0 |
+---------+---------------------------+---------+---------+---------+---------+----------+----------------+------------------+--------------+-------------+---------+--------------+
|      98 | 2023-11-07 11:15:00-05:00 | 59.39   | 59.49   | 59.34   | 59.49   |     3841 |              1 |                0 |            0 |           1 |       2 |            1 |
+---------+---------------------------+---------+---------+---------+---------+----------+----------------+------------------+--------------+-------------+---------+--------------+
|      99 | 2023-11-07 11:20:00-05:00 | 59.5    | 59.5    | 59.13   | 59.2699 |     3988 |              0 |                0 |            0 |           1 |       1 |           -1 |
+---------+---------------------------+---------+---------+---------+---------+----------+----------------+------------------+--------------+-------------+---------+--------------+
|     100 | 2023-11-07 11:25:00-05:00 | 59.15   | 59.24   | 58.88   | 58.98   |     4778 |              0 |                0 |            0 |           1 |       1 |            0 |
+---------+---------------------------+---------+---------+---------+---------+----------+----------------+------------------+--------------+-------------+---------+--------------+
|     101 | 2023-11-07 11:30:00-05:00 | 58.93   | 59.1    | 58.84   | 58.965  |     4755 |              0 |                0 |            0 |           1 |       1 |            0 |
+---------+---------------------------+---------+---------+---------+---------+----------+----------------+------------------+--------------+-------------+---------+--------------+
|     102 | 2023-11-07 11:35:00-05:00 | 58.93   | 59.16   | 58.92   | 58.92   |     4469 |              0 |                0 |            0 |           1 |       1 |            0 |
+---------+---------------------------+---------+---------+---------+---------+----------+----------------+------------------+--------------+-------------+---------+--------------+
|     103 | 2023-11-07 11:40:00-05:00 | 58.9601 | 58.99   | 58.89   | 58.89   |     1847 |              0 |                0 |            0 |           1 |       1 |            0 |
+---------+---------------------------+---------+---------+---------+---------+----------+----------------+------------------+--------------+-------------+---------+--------------+
|     104 | 2023-11-07 11:45:00-05:00 | 58.89   | 58.89   | 58.68   | 58.71   |     6668 |              0 |                0 |            0 |           1 |       1 |            0 |
+---------+---------------------------+---------+---------+---------+---------+----------+----------------+------------------+--------------+-------------+---------+--------------+
|     105 | 2023-11-07 11:50:00-05:00 | 58.79   | 58.79   | 58.55   | 58.76   |     7515 |              0 |                0 |            0 |           1 |       1 |            0 |
+---------+---------------------------+---------+---------+---------+---------+----------+----------------+------------------+--------------+-------------+---------+--------------+
|     106 | 2023-11-07 11:55:00-05:00 | 58.76   | 59.019  | 58.76   | 59.019  |     2863 |              0 |                0 |            0 |           1 |       1 |            0 |
+---------+---------------------------+---------+---------+---------+---------+----------+----------------+------------------+--------------+-------------+---------+--------------+
|     107 | 2023-11-07 12:00:00-05:00 | 58.9721 | 58.9721 | 58.7323 | 58.7323 |     1455 |              0 |                0 |            0 |           1 |       1 |            0 |
+---------+---------------------------+---------+---------+---------+---------+----------+----------------+------------------+--------------+-------------+---------+--------------+
|     108 | 2023-11-07 12:05:00-05:00 | 58.8454 | 58.8454 | 58.77   | 58.77   |      859 |              0 |                0 |            0 |           1 |       1 |            0 |
+---------+---------------------------+---------+---------+---------+---------+----------+----------------+------------------+--------------+-------------+---------+--------------+
|     109 | 2023-11-07 12:10:00-05:00 | 58.75   | 58.75   | 58.6829 | 58.7    |      708 |              0 |                0 |            0 |           1 |       1 |            0 |
+---------+---------------------------+---------+---------+---------+---------+----------+----------------+------------------+--------------+-------------+---------+--------------+
|     110 | 2023-11-07 12:15:00-05:00 | 58.47   | 58.6    | 58.39   | 58.52   |     1512 |              0 |                0 |            0 |           1 |       1 |            0 |
+---------+---------------------------+---------+---------+---------+---------+----------+----------------+------------------+--------------+-------------+---------+--------------+
|     111 | 2023-11-07 12:20:00-05:00 | 58.55   | 58.55   | 58.45   | 58.45   |     1038 |              0 |                0 |            0 |           1 |       1 |            0 |
+---------+---------------------------+---------+---------+---------+---------+----------+----------------+------------------+--------------+-------------+---------+--------------+
|     112 | 2023-11-07 12:25:00-05:00 | 58.61   | 58.69   | 58.42   | 58.48   |     1142 |              0 |                0 |            0 |           0 |       0 |           -1 |
+---------+---------------------------+---------+---------+---------+---------+----------+----------------+------------------+--------------+-------------+---------+--------------+
|     113 | 2023-11-07 12:30:00-05:00 | 58.41   | 58.64   | 58.32   | 58.64   |     2589 |              0 |                0 |            0 |           0 |       0 |            0 |
+---------+---------------------------+---------+---------+---------+---------+----------+----------------+------------------+--------------+-------------+---------+--------------+
|     114 | 2023-11-07 12:35:00-05:00 | 58.6    | 58.71   | 58.58   | 58.7    |     1206 |              1 |                0 |            0 |           0 |       1 |            1 |
+---------+---------------------------+---------+---------+---------+---------+----------+----------------+------------------+--------------+-------------+---------+--------------+
|     115 | 2023-11-07 12:40:00-05:00 | 58.69   | 58.72   | 58.59   | 58.72   |     1154 |              1 |                0 |            0 |           0 |       1 |            0 |
+---------+---------------------------+---------+---------+---------+---------+----------+----------------+------------------+--------------+-------------+---------+--------------+
|     116 | 2023-11-07 12:45:00-05:00 | 58.64   | 58.83   | 58.64   | 58.8099 |      881 |              1 |                0 |            0 |           0 |       1 |            0 |
+---------+---------------------------+---------+---------+---------+---------+----------+----------------+------------------+--------------+-------------+---------+--------------+
|     117 | 2023-11-07 12:50:00-05:00 | 58.73   | 58.73   | 58.73   | 58.73   |      363 |              1 |                0 |            0 |           0 |       1 |            0 |
+---------+---------------------------+---------+---------+---------+---------+----------+----------------+------------------+--------------+-------------+---------+--------------+
|     118 | 2023-11-07 12:55:00-05:00 | 58.64   | 58.85   | 58.64   | 58.85   |      477 |              1 |                0 |            0 |           0 |       1 |            0 |
+---------+---------------------------+---------+---------+---------+---------+----------+----------------+------------------+--------------+-------------+---------+--------------+
|     119 | 2023-11-07 13:00:00-05:00 | 58.7501 | 58.95   | 58.75   | 58.75   |      837 |              1 |                0 |            0 |           0 |       1 |            0 |
+---------+---------------------------+---------+---------+---------+---------+----------+----------------+------------------+--------------+-------------+---------+--------------+
|     120 | 2023-11-07 13:05:00-05:00 | 58.7    | 58.75   | 58.7    | 58.75   |     1946 |              0 |                0 |            0 |           0 |       0 |           -1 |
+---------+---------------------------+---------+---------+---------+---------+----------+----------------+------------------+--------------+-------------+---------+--------------+
|     121 | 2023-11-07 13:10:00-05:00 | 58.85   | 58.94   | 58.85   | 58.94   |      623 |              1 |                0 |            1 |           1 |       3 |            3 |
+---------+---------------------------+---------+---------+---------+---------+----------+----------------+------------------+--------------+-------------+---------+--------------+
|     122 | 2023-11-07 13:15:00-05:00 | 58.86   | 58.98   | 58.86   | 58.9799 |     4047 |              1 |                0 |            1 |           1 |       3 |            0 |
+---------+---------------------------+---------+---------+---------+---------+----------+----------------+------------------+--------------+-------------+---------+--------------+
|     123 | 2023-11-07 13:20:00-05:00 | 58.8642 | 58.8642 | 58.74   | 58.77   |     2599 |              1 |                0 |            1 |           1 |       3 |            0 |
+---------+---------------------------+---------+---------+---------+---------+----------+----------------+------------------+--------------+-------------+---------+--------------+
|     124 | 2023-11-07 13:25:00-05:00 | 58.72   | 58.72   | 58.7041 | 58.71   |     1971 |              1 |                0 |            0 |           1 |       2 |           -1 |
+---------+---------------------------+---------+---------+---------+---------+----------+----------------+------------------+--------------+-------------+---------+--------------+
|     125 | 2023-11-07 13:30:00-05:00 | 58.68   | 58.68   | 58.585  | 58.585  |      688 |              1 |                0 |            0 |           1 |       2 |            0 |
+---------+---------------------------+---------+---------+---------+---------+----------+----------------+------------------+--------------+-------------+---------+--------------+
|     126 | 2023-11-07 13:35:00-05:00 | 58.6519 | 58.67   | 58.6519 | 58.67   |      261 |              1 |                0 |            0 |           1 |       2 |            0 |
+---------+---------------------------+---------+---------+---------+---------+----------+----------------+------------------+--------------+-------------+---------+--------------+
|     127 | 2023-11-07 13:40:00-05:00 | 58.69   | 58.69   | 58.6    | 58.63   |      964 |              0 |                0 |            0 |           1 |       1 |           -1 |
+---------+---------------------------+---------+---------+---------+---------+----------+----------------+------------------+--------------+-------------+---------+--------------+
|     128 | 2023-11-07 13:45:00-05:00 | 58.7    | 58.77   | 58.7    | 58.7    |     1249 |              0 |                0 |            0 |           1 |       1 |            0 |
+---------+---------------------------+---------+---------+---------+---------+----------+----------------+------------------+--------------+-------------+---------+--------------+
|     129 | 2023-11-07 13:50:00-05:00 | 58.61   | 58.61   | 58.56   | 58.56   |      914 |              0 |                0 |            0 |           1 |       1 |            0 |
+---------+---------------------------+---------+---------+---------+---------+----------+----------------+------------------+--------------+-------------+---------+--------------+
|     130 | 2023-11-07 13:55:00-05:00 | 58.47   | 58.47   | 58.39   | 58.43   |     1544 |              0 |                0 |            0 |           1 |       1 |            0 |
+---------+---------------------------+---------+---------+---------+---------+----------+----------------+------------------+--------------+-------------+---------+--------------+
|     131 | 2023-11-07 14:00:00-05:00 | 58.5    | 58.51   | 58.5    | 58.51   |      687 |              0 |                0 |            0 |           0 |       0 |           -1 |
+---------+---------------------------+---------+---------+---------+---------+----------+----------------+------------------+--------------+-------------+---------+--------------+
|     132 | 2023-11-07 14:05:00-05:00 | 58.61   | 58.61   | 58.6    | 58.6    |      572 |              0 |                0 |            0 |           0 |       0 |            0 |
+---------+---------------------------+---------+---------+---------+---------+----------+----------------+------------------+--------------+-------------+---------+--------------+
|     133 | 2023-11-07 14:10:00-05:00 | 58.61   | 58.61   | 58.61   | 58.61   |      117 |              0 |                0 |            0 |           0 |       0 |            0 |
+---------+---------------------------+---------+---------+---------+---------+----------+----------------+------------------+--------------+-------------+---------+--------------+
|     134 | 2023-11-07 14:15:00-05:00 | 58.61   | 58.61   | 58.6    | 58.6    |      477 |              0 |                0 |            0 |           0 |       0 |            0 |
+---------+---------------------------+---------+---------+---------+---------+----------+----------------+------------------+--------------+-------------+---------+--------------+
|     135 | 2023-11-07 14:20:00-05:00 | 58.78   | 58.78   | 58.67   | 58.78   |      609 |              0 |                0 |            1 |           0 |       1 |            1 |
+---------+---------------------------+---------+---------+---------+---------+----------+----------------+------------------+--------------+-------------+---------+--------------+
|     136 | 2023-11-07 14:25:00-05:00 | 58.65   | 58.72   | 58.65   | 58.72   |      202 |              0 |                0 |            1 |           0 |       1 |            0 |
+---------+---------------------------+---------+---------+---------+---------+----------+----------------+------------------+--------------+-------------+---------+--------------+
|     137 | 2023-11-07 14:30:00-05:00 | 58.77   | 58.77   | 58.77   | 58.77   |      335 |              1 |                0 |            1 |           0 |       2 |            1 |
+---------+---------------------------+---------+---------+---------+---------+----------+----------------+------------------+--------------+-------------+---------+--------------+
|     138 | 2023-11-07 14:35:00-05:00 | 58.83   | 58.83   | 58.76   | 58.76   |      549 |              1 |                0 |            1 |           0 |       2 |            0 |
+---------+---------------------------+---------+---------+---------+---------+----------+----------------+------------------+--------------+-------------+---------+--------------+
|     139 | 2023-11-07 14:40:00-05:00 | 58.83   | 58.8881 | 58.83   | 58.87   |     1554 |              1 |                0 |            1 |           1 |       3 |            1 |
+---------+---------------------------+---------+---------+---------+---------+----------+----------------+------------------+--------------+-------------+---------+--------------+
|     140 | 2023-11-07 14:45:00-05:00 | 59.015  | 59.015  | 58.84   | 58.84   |     1200 |              1 |                0 |            1 |           1 |       3 |            0 |
+---------+---------------------------+---------+---------+---------+---------+----------+----------------+------------------+--------------+-------------+---------+--------------+
|     141 | 2023-11-07 14:50:00-05:00 | 58.91   | 58.91   | 58.6501 | 58.81   |     7677 |              1 |                0 |            1 |           1 |       3 |            0 |
+---------+---------------------------+---------+---------+---------+---------+----------+----------------+------------------+--------------+-------------+---------+--------------+
|     142 | 2023-11-07 14:55:00-05:00 | 58.81   | 58.81   | 58.61   | 58.67   |     3015 |              0 |                0 |            1 |           1 |       2 |           -1 |
+---------+---------------------------+---------+---------+---------+---------+----------+----------------+------------------+--------------+-------------+---------+--------------+
|     143 | 2023-11-07 15:00:00-05:00 | 58.6828 | 58.6828 | 58.63   | 58.63   |      657 |              1 |                0 |            1 |           0 |       2 |            0 |
+---------+---------------------------+---------+---------+---------+---------+----------+----------------+------------------+--------------+-------------+---------+--------------+
|     144 | 2023-11-07 15:05:00-05:00 | 58.56   | 58.56   | 58.4801 | 58.5394 |     1144 |              1 |                0 |            0 |           0 |       1 |           -1 |
+---------+---------------------------+---------+---------+---------+---------+----------+----------------+------------------+--------------+-------------+---------+--------------+
|     145 | 2023-11-07 15:10:00-05:00 | 58.64   | 58.77   | 58.64   | 58.77   |      826 |              1 |                0 |            0 |           0 |       1 |            0 |
+---------+---------------------------+---------+---------+---------+---------+----------+----------------+------------------+--------------+-------------+---------+--------------+
|     146 | 2023-11-07 15:15:00-05:00 | 58.8    | 58.83   | 58.8    | 58.83   |      373 |              1 |                0 |            1 |           0 |       2 |            1 |
+---------+---------------------------+---------+---------+---------+---------+----------+----------------+------------------+--------------+-------------+---------+--------------+
|     147 | 2023-11-07 15:20:00-05:00 | 58.69   | 58.85   | 58.67   | 58.85   |     2010 |              1 |                0 |            1 |           0 |       2 |            0 |
+---------+---------------------------+---------+---------+---------+---------+----------+----------------+------------------+--------------+-------------+---------+--------------+
|     148 | 2023-11-07 15:25:00-05:00 | 58.8394 | 58.9388 | 58.8394 | 58.86   |     2144 |              1 |                0 |            1 |           0 |       2 |            0 |
+---------+---------------------------+---------+---------+---------+---------+----------+----------------+------------------+--------------+-------------+---------+--------------+
|     149 | 2023-11-07 15:30:00-05:00 | 58.94   | 58.94   | 58.865  | 58.9065 |     3076 |              1 |                0 |            1 |           0 |       2 |            0 |
+---------+---------------------------+---------+---------+---------+---------+----------+----------------+------------------+--------------+-------------+---------+--------------+
|     150 | 2023-11-07 15:35:00-05:00 | 58.92   | 59.11   | 58.92   | 59.06   |     1550 |              1 |                0 |            1 |           0 |       2 |            0 |
+---------+---------------------------+---------+---------+---------+---------+----------+----------------+------------------+--------------+-------------+---------+--------------+
|     151 | 2023-11-07 15:40:00-05:00 | 59.06   | 59.06   | 59.05   | 59.05   |      519 |              1 |                0 |            1 |           0 |       2 |            0 |
+---------+---------------------------+---------+---------+---------+---------+----------+----------------+------------------+--------------+-------------+---------+--------------+
|     152 | 2023-11-07 15:45:00-05:00 | 59.14   | 59.175  | 58.93   | 59.05   |     2068 |              1 |                0 |            1 |           0 |       2 |            0 |
+---------+---------------------------+---------+---------+---------+---------+----------+----------------+------------------+--------------+-------------+---------+--------------+
|     153 | 2023-11-07 15:50:00-05:00 | 59.01   | 59.03   | 58.86   | 58.87   |     2853 |              0 |                0 |            1 |           0 |       1 |           -1 |
+---------+---------------------------+---------+---------+---------+---------+----------+----------------+------------------+--------------+-------------+---------+--------------+
|     154 | 2023-11-07 15:55:00-05:00 | 58.93   | 59.033  | 58.82   | 58.89   |     4966 |              0 |                0 |            1 |           0 |       1 |            0 |
+---------+---------------------------+---------+---------+---------+---------+----------+----------------+------------------+--------------+-------------+---------+--------------+
|     155 | 2023-11-08 09:30:00-05:00 | 59.01   | 59.08   | 57.75   | 59.03   |    23938 |              1 |                0 |            1 |           0 |       2 |            1 |
+---------+---------------------------+---------+---------+---------+---------+----------+----------------+------------------+--------------+-------------+---------+--------------+
|     156 | 2023-11-08 09:35:00-05:00 | 59.08   | 59.67   | 59.0731 | 59.5292 |    12562 |              1 |                0 |            1 |           0 |       2 |            0 |
+---------+---------------------------+---------+---------+---------+---------+----------+----------------+------------------+--------------+-------------+---------+--------------+
|     157 | 2023-11-08 09:40:00-05:00 | 59.49   | 60.374  | 59.27   | 60.374  |    13042 |              1 |                0 |            1 |           0 |       2 |            0 |
+---------+---------------------------+---------+---------+---------+---------+----------+----------------+------------------+--------------+-------------+---------+--------------+
|     158 | 2023-11-08 09:45:00-05:00 | 60.23   | 60.4    | 60.11   | 60.4    |    12684 |              1 |                0 |            1 |           0 |       2 |            0 |
+---------+---------------------------+---------+---------+---------+---------+----------+----------------+------------------+--------------+-------------+---------+--------------+
|     159 | 2023-11-08 09:50:00-05:00 | 60.28   | 60.554  | 60.18   | 60.48   |    11508 |              1 |                0 |            1 |           0 |       2 |            0 |
+---------+---------------------------+---------+---------+---------+---------+----------+----------------+------------------+--------------+-------------+---------+--------------+
|     160 | 2023-11-08 09:55:00-05:00 | 60.48   | 60.59   | 60.27   | 60.3679 |     5031 |              1 |                0 |            1 |           1 |       3 |            1 |
+---------+---------------------------+---------+---------+---------+---------+----------+----------------+------------------+--------------+-------------+---------+--------------+
|     161 | 2023-11-08 10:00:00-05:00 | 60.31   | 60.31   | 59.95   | 59.9901 |    17508 |              0 |                0 |            1 |           1 |       2 |           -1 |
+---------+---------------------------+---------+---------+---------+---------+----------+----------------+------------------+--------------+-------------+---------+--------------+
|     162 | 2023-11-08 10:05:00-05:00 | 59.93   | 60.2    | 59.87   | 60.08   |     5615 |              1 |                0 |            1 |           1 |       3 |            1 |
+---------+---------------------------+---------+---------+---------+---------+----------+----------------+------------------+--------------+-------------+---------+--------------+
|     163 | 2023-11-08 10:10:00-05:00 | 60.09   | 60.09   | 59.56   | 59.6    |     6354 |              0 |                0 |            1 |           1 |       2 |           -1 |
+---------+---------------------------+---------+---------+---------+---------+----------+----------------+------------------+--------------+-------------+---------+--------------+
|     164 | 2023-11-08 10:15:00-05:00 | 59.55   | 59.7    | 59.5    | 59.7    |     9638 |              0 |                0 |            1 |           1 |       2 |            0 |
+---------+---------------------------+---------+---------+---------+---------+----------+----------------+------------------+--------------+-------------+---------+--------------+
|     165 | 2023-11-08 10:20:00-05:00 | 59.55   | 59.7    | 59.47   | 59.7    |     2072 |              0 |                0 |            0 |           1 |       1 |           -1 |
+---------+---------------------------+---------+---------+---------+---------+----------+----------------+------------------+--------------+-------------+---------+--------------+
|     166 | 2023-11-08 10:25:00-05:00 | 59.72   | 59.74   | 59.5101 | 59.5101 |     1807 |              0 |                0 |            0 |           1 |       1 |            0 |
+---------+---------------------------+---------+---------+---------+---------+----------+----------------+------------------+--------------+-------------+---------+--------------+
|     167 | 2023-11-08 10:30:00-05:00 | 59.606  | 59.606  | 59.54   | 59.59   |      686 |              0 |                0 |            0 |           1 |       1 |            0 |
+---------+---------------------------+---------+---------+---------+---------+----------+----------------+------------------+--------------+-------------+---------+--------------+
|     168 | 2023-11-08 10:35:00-05:00 | 59.565  | 59.645  | 59.31   | 59.32   |     5560 |              0 |                0 |            0 |           1 |       1 |            0 |
+---------+---------------------------+---------+---------+---------+---------+----------+----------------+------------------+--------------+-------------+---------+--------------+
|     169 | 2023-11-08 10:40:00-05:00 | 59.3806 | 59.55   | 59.3806 | 59.497  |     4828 |              0 |                0 |            0 |           1 |       1 |            0 |
+---------+---------------------------+---------+---------+---------+---------+----------+----------------+------------------+--------------+-------------+---------+--------------+
|     170 | 2023-11-08 10:45:00-05:00 | 59.295  | 59.295  | 59.1701 | 59.2655 |     3460 |              0 |                0 |            0 |           1 |       1 |            0 |
+---------+---------------------------+---------+---------+---------+---------+----------+----------------+------------------+--------------+-------------+---------+--------------+
|     171 | 2023-11-08 10:50:00-05:00 | 59.31   | 59.31   | 59.1714 | 59.25   |     5265 |              0 |                0 |            0 |           1 |       1 |            0 |
+---------+---------------------------+---------+---------+---------+---------+----------+----------------+------------------+--------------+-------------+---------+--------------+
|     172 | 2023-11-08 10:55:00-05:00 | 59.28   | 59.38   | 59.2595 | 59.2595 |   142492 |              0 |                0 |            0 |           1 |       1 |            0 |
+---------+---------------------------+---------+---------+---------+---------+----------+----------------+------------------+--------------+-------------+---------+--------------+
|     173 | 2023-11-08 11:00:00-05:00 | 59.2    | 59.22   | 59.2    | 59.21   |     1029 |              0 |                0 |            0 |           1 |       1 |            0 |
+---------+---------------------------+---------+---------+---------+---------+----------+----------------+------------------+--------------+-------------+---------+--------------+
|     174 | 2023-11-08 11:05:00-05:00 | 59.22   | 59.22   | 58.88   | 58.92   |     3256 |              0 |                0 |            0 |           1 |       1 |            0 |
+---------+---------------------------+---------+---------+---------+---------+----------+----------------+------------------+--------------+-------------+---------+--------------+
|     175 | 2023-11-08 11:10:00-05:00 | 59.04   | 59.2    | 59.04   | 59.11   |     3472 |              0 |                0 |            0 |           1 |       1 |            0 |
+---------+---------------------------+---------+---------+---------+---------+----------+----------------+------------------+--------------+-------------+---------+--------------+
|     176 | 2023-11-08 11:15:00-05:00 | 59.12   | 59.28   | 59.12   | 59.18   |     1165 |              0 |                0 |            0 |           1 |       1 |            0 |
+---------+---------------------------+---------+---------+---------+---------+----------+----------------+------------------+--------------+-------------+---------+--------------+
|     177 | 2023-11-08 11:20:00-05:00 | 59.05   | 59.05   | 58.7202 | 58.7202 |   158993 |              0 |                0 |            0 |           0 |       0 |           -1 |
+---------+---------------------------+---------+---------+---------+---------+----------+----------------+------------------+--------------+-------------+---------+--------------+
|     178 | 2023-11-08 11:25:00-05:00 | 58.7201 | 59.005  | 58.7201 | 59.005  |    10538 |              0 |                0 |            0 |           0 |       0 |            0 |
+---------+---------------------------+---------+---------+---------+---------+----------+----------------+------------------+--------------+-------------+---------+--------------+
|     179 | 2023-11-08 11:30:00-05:00 | 59      | 59.2    | 58.99   | 59.183  |   179499 |              1 |                0 |            0 |           0 |       1 |            1 |
+---------+---------------------------+---------+---------+---------+---------+----------+----------------+------------------+--------------+-------------+---------+--------------+
|     180 | 2023-11-08 11:35:00-05:00 | 59.17   | 59.3937 | 59.17   | 59.29   |     3340 |              1 |                0 |            0 |           0 |       1 |            0 |
+---------+---------------------------+---------+---------+---------+---------+----------+----------------+------------------+--------------+-------------+---------+--------------+
|     181 | 2023-11-08 11:40:00-05:00 | 59.37   | 59.5499 | 59.25   | 59.5    |     3654 |              1 |                0 |            0 |           1 |       2 |            1 |
+---------+---------------------------+---------+---------+---------+---------+----------+----------------+------------------+--------------+-------------+---------+--------------+
|     182 | 2023-11-08 11:45:00-05:00 | 59.65   | 59.75   | 59.6    | 59.6    |     3318 |              1 |                0 |            1 |           1 |       3 |            1 |
+---------+---------------------------+---------+---------+---------+---------+----------+----------------+------------------+--------------+-------------+---------+--------------+
|     183 | 2023-11-08 11:50:00-05:00 | 59.53   | 59.53   | 59.36   | 59.36   |     5278 |              1 |                0 |            1 |           1 |       3 |            0 |
+---------+---------------------------+---------+---------+---------+---------+----------+----------------+------------------+--------------+-------------+---------+--------------+
|     184 | 2023-11-08 11:55:00-05:00 | 59.2    | 59.2    | 58.96   | 58.9766 |     1685 |              1 |                0 |            0 |           1 |       2 |           -1 |
+---------+---------------------------+---------+---------+---------+---------+----------+----------------+------------------+--------------+-------------+---------+--------------+
|     185 | 2023-11-08 12:00:00-05:00 | 58.9899 | 58.9899 | 58.7    | 58.84   |     6473 |              0 |                0 |            0 |           1 |       1 |           -1 |
+---------+---------------------------+---------+---------+---------+---------+----------+----------------+------------------+--------------+-------------+---------+--------------+
|     186 | 2023-11-08 12:05:00-05:00 | 58.8305 | 58.8305 | 58.2621 | 58.37   |     3335 |              0 |                0 |            0 |           1 |       1 |            0 |
+---------+---------------------------+---------+---------+---------+---------+----------+----------------+------------------+--------------+-------------+---------+--------------+
|     187 | 2023-11-08 12:10:00-05:00 | 58.35   | 58.42   | 58.22   | 58.2823 |     2126 |              0 |                0 |            0 |           1 |       1 |            0 |
+---------+---------------------------+---------+---------+---------+---------+----------+----------------+------------------+--------------+-------------+---------+--------------+
|     188 | 2023-11-08 12:15:00-05:00 | 58.1775 | 58.44   | 58.1775 | 58.35   |     2831 |              0 |                1 |            0 |           1 |       2 |            1 |
+---------+---------------------------+---------+---------+---------+---------+----------+----------------+------------------+--------------+-------------+---------+--------------+
|     189 | 2023-11-08 12:20:00-05:00 | 58.2683 | 58.3    | 58.1903 | 58.2319 |     1495 |              0 |                1 |            0 |           1 |       2 |            0 |
+---------+---------------------------+---------+---------+---------+---------+----------+----------------+------------------+--------------+-------------+---------+--------------+
|     190 | 2023-11-08 12:25:00-05:00 | 58.26   | 58.26   | 58.13   | 58.15   |    14371 |              0 |                1 |            0 |           1 |       2 |            0 |
+---------+---------------------------+---------+---------+---------+---------+----------+----------------+------------------+--------------+-------------+---------+--------------+
|     191 | 2023-11-08 12:30:00-05:00 | 58.2301 | 58.31   | 58.14   | 58.18   |    16867 |              0 |                1 |            0 |           1 |       2 |            0 |
+---------+---------------------------+---------+---------+---------+---------+----------+----------------+------------------+--------------+-------------+---------+--------------+
|     192 | 2023-11-08 12:35:00-05:00 | 58.2077 | 58.33   | 58.2    | 58.33   |     8687 |              0 |                1 |            0 |           1 |       2 |            0 |
+---------+---------------------------+---------+---------+---------+---------+----------+----------------+------------------+--------------+-------------+---------+--------------+
|     193 | 2023-11-08 12:40:00-05:00 | 58.13   | 58.13   | 58.13   | 58.13   |      296 |              0 |                1 |            0 |           0 |       1 |           -1 |
+---------+---------------------------+---------+---------+---------+---------+----------+----------------+------------------+--------------+-------------+---------+--------------+
|     194 | 2023-11-08 12:45:00-05:00 | 58.19   | 58.19   | 58.19   | 58.19   |      204 |              0 |                1 |            0 |           0 |       1 |            0 |
+---------+---------------------------+---------+---------+---------+---------+----------+----------------+------------------+--------------+-------------+---------+--------------+
|     195 | 2023-11-08 12:55:00-05:00 | 58.0974 | 58.1799 | 58.08   | 58.11   |     1306 |              0 |                1 |            0 |           0 |       1 |            0 |
+---------+---------------------------+---------+---------+---------+---------+----------+----------------+------------------+--------------+-------------+---------+--------------+
|     196 | 2023-11-08 13:00:00-05:00 | 58.1601 | 58.53   | 58.1601 | 58.47   |     7302 |              0 |                1 |            0 |           0 |       1 |            0 |
+---------+---------------------------+---------+---------+---------+---------+----------+----------------+------------------+--------------+-------------+---------+--------------+
|     197 | 2023-11-08 13:05:00-05:00 | 58.65   | 58.65   | 58.58   | 58.58   |      839 |              1 |                1 |            1 |           0 |       3 |            2 |
+---------+---------------------------+---------+---------+---------+---------+----------+----------------+------------------+--------------+-------------+---------+--------------+
|     198 | 2023-11-08 13:10:00-05:00 | 58.49   | 58.5599 | 58.3    | 58.3    |     6348 |              1 |                1 |            1 |           0 |       3 |            0 |
+---------+---------------------------+---------+---------+---------+---------+----------+----------------+------------------+--------------+-------------+---------+--------------+
|     199 | 2023-11-08 13:15:00-05:00 | 58.3    | 58.35   | 58.25   | 58.3    |     3013 |              1 |                1 |            1 |           0 |       3 |            0 |
+---------+---------------------------+---------+---------+---------+---------+----------+----------------+------------------+--------------+-------------+---------+--------------+
|     200 | 2023-11-08 13:20:00-05:00 | 58.25   | 58.5    | 58.24   | 58.46   |     1198 |              1 |                1 |            1 |           0 |       3 |            0 |
+---------+---------------------------+---------+---------+---------+---------+----------+----------------+------------------+--------------+-------------+---------+--------------+
|     201 | 2023-11-08 13:25:00-05:00 | 58.48   | 58.56   | 58.42   | 58.56   |      602 |              1 |                1 |            1 |           0 |       3 |            0 |
+---------+---------------------------+---------+---------+---------+---------+----------+----------------+------------------+--------------+-------------+---------+--------------+
|     202 | 2023-11-08 13:30:00-05:00 | 58.6    | 58.61   | 58.5609 | 58.61   |     1059 |              1 |                1 |            1 |           0 |       3 |            0 |
+---------+---------------------------+---------+---------+---------+---------+----------+----------------+------------------+--------------+-------------+---------+--------------+
|     203 | 2023-11-08 13:35:00-05:00 | 58.61   | 58.61   | 58.57   | 58.6    |      923 |              1 |                1 |            1 |           0 |       3 |            0 |
+---------+---------------------------+---------+---------+---------+---------+----------+----------------+------------------+--------------+-------------+---------+--------------+
|     204 | 2023-11-08 13:40:00-05:00 | 58.71   | 58.71   | 58.71   | 58.71   |      691 |              1 |                1 |            1 |           0 |       3 |            0 |
+---------+---------------------------+---------+---------+---------+---------+----------+----------------+------------------+--------------+-------------+---------+--------------+
|     205 | 2023-11-08 13:45:00-05:00 | 58.71   | 58.71   | 58.71   | 58.71   |      522 |              1 |                0 |            1 |           0 |       2 |           -1 |
+---------+---------------------------+---------+---------+---------+---------+----------+----------------+------------------+--------------+-------------+---------+--------------+
|     206 | 2023-11-08 14:00:00-05:00 | 58.71   | 58.8399 | 58.71   | 58.8399 |      490 |              1 |                0 |            1 |           0 |       2 |            0 |
+---------+---------------------------+---------+---------+---------+---------+----------+----------------+------------------+--------------+-------------+---------+--------------+
|     207 | 2023-11-08 14:05:00-05:00 | 58.85   | 58.85   | 58.8251 | 58.8251 |     1585 |              1 |                0 |            1 |           0 |       2 |            0 |
+---------+---------------------------+---------+---------+---------+---------+----------+----------------+------------------+--------------+-------------+---------+--------------+
|     208 | 2023-11-08 14:10:00-05:00 | 58.67   | 58.67   | 58.67   | 58.67   |      213 |              1 |                0 |            1 |           0 |       2 |            0 |
+---------+---------------------------+---------+---------+---------+---------+----------+----------------+------------------+--------------+-------------+---------+--------------+
|     209 | 2023-11-08 14:20:00-05:00 | 58.9    | 58.9    | 58.835  | 58.86   |     1408 |              1 |                0 |            1 |           0 |       2 |            0 |
+---------+---------------------------+---------+---------+---------+---------+----------+----------------+------------------+--------------+-------------+---------+--------------+
|     210 | 2023-11-08 14:25:00-05:00 | 58.89   | 58.89   | 58.83   | 58.833  |      647 |              1 |                0 |            1 |           0 |       2 |            0 |
+---------+---------------------------+---------+---------+---------+---------+----------+----------------+------------------+--------------+-------------+---------+--------------+
|     211 | 2023-11-08 14:30:00-05:00 | 58.865  | 58.865  | 58.8    | 58.82   |      566 |              1 |                0 |            1 |           0 |       2 |            0 |
+---------+---------------------------+---------+---------+---------+---------+----------+----------------+------------------+--------------+-------------+---------+--------------+
|     212 | 2023-11-08 14:35:00-05:00 | 58.89   | 58.95   | 58.89   | 58.95   |      327 |              1 |                0 |            1 |           0 |       2 |            0 |
+---------+---------------------------+---------+---------+---------+---------+----------+----------------+------------------+--------------+-------------+---------+--------------+
|     213 | 2023-11-08 14:40:00-05:00 | 58.95   | 58.95   | 58.9254 | 58.94   |      674 |              1 |                0 |            1 |           0 |       2 |            0 |
+---------+---------------------------+---------+---------+---------+---------+----------+----------------+------------------+--------------+-------------+---------+--------------+
|     214 | 2023-11-08 14:45:00-05:00 | 58.97   | 59.01   | 58.97   | 59.01   |      777 |              1 |                0 |            1 |           1 |       3 |            1 |
+---------+---------------------------+---------+---------+---------+---------+----------+----------------+------------------+--------------+-------------+---------+--------------+
|     215 | 2023-11-08 14:50:00-05:00 | 58.96   | 59.02   | 58.96   | 59.01   |     3633 |              1 |                0 |            1 |           1 |       3 |            0 |
+---------+---------------------------+---------+---------+---------+---------+----------+----------------+------------------+--------------+-------------+---------+--------------+
|     216 | 2023-11-08 15:00:00-05:00 | 58.84   | 58.86   | 58.8029 | 58.86   |      637 |              0 |                0 |            1 |           1 |       2 |           -1 |
+---------+---------------------------+---------+---------+---------+---------+----------+----------------+------------------+--------------+-------------+---------+--------------+
|     217 | 2023-11-08 15:05:00-05:00 | 58.89   | 58.89   | 58.87   | 58.87   |     1688 |              0 |                0 |            1 |           1 |       2 |            0 |
+---------+---------------------------+---------+---------+---------+---------+----------+----------------+------------------+--------------+-------------+---------+--------------+
|     218 | 2023-11-08 15:10:00-05:00 | 58.835  | 58.85   | 58.835  | 58.85   |      291 |              0 |                0 |            1 |           1 |       2 |            0 |
+---------+---------------------------+---------+---------+---------+---------+----------+----------------+------------------+--------------+-------------+---------+--------------+
|     219 | 2023-11-08 15:15:00-05:00 | 58.85   | 58.85   | 58.65   | 58.68   |     1257 |              0 |                0 |            1 |           0 |       1 |           -1 |
+---------+---------------------------+---------+---------+---------+---------+----------+----------------+------------------+--------------+-------------+---------+--------------+
|     220 | 2023-11-08 15:20:00-05:00 | 58.7837 | 58.7837 | 58.7837 | 58.7837 |      337 |              0 |                0 |            0 |           0 |       0 |           -1 |
+---------+---------------------------+---------+---------+---------+---------+----------+----------------+------------------+--------------+-------------+---------+--------------+
|     221 | 2023-11-08 15:25:00-05:00 | 58.82   | 59.04   | 58.82   | 58.926  |     1410 |              0 |                0 |            1 |           0 |       1 |            1 |
+---------+---------------------------+---------+---------+---------+---------+----------+----------------+------------------+--------------+-------------+---------+--------------+
|     222 | 2023-11-08 15:30:00-05:00 | 58.88   | 58.88   | 58.88   | 58.88   |      582 |              0 |                0 |            1 |           0 |       1 |            0 |
+---------+---------------------------+---------+---------+---------+---------+----------+----------------+------------------+--------------+-------------+---------+--------------+
|     223 | 2023-11-08 15:40:00-05:00 | 58.95   | 59.18   | 58.95   | 59.18   |   296724 |              1 |                0 |            1 |           0 |       2 |            1 |
+---------+---------------------------+---------+---------+---------+---------+----------+----------------+------------------+--------------+-------------+---------+--------------+
|     224 | 2023-11-08 15:45:00-05:00 | 59.07   | 59.07   | 58.97   | 59      |      112 |              0 |                0 |            1 |           0 |       1 |           -1 |
+---------+---------------------------+---------+---------+---------+---------+----------+----------------+------------------+--------------+-------------+---------+--------------+
|     225 | 2023-11-08 15:50:00-05:00 | 59.06   | 59.08   | 58.87   | 58.87   |     5090 |              0 |                0 |            1 |           0 |       1 |            0 |
+---------+---------------------------+---------+---------+---------+---------+----------+----------------+------------------+--------------+-------------+---------+--------------+
|     226 | 2023-11-08 15:55:00-05:00 | 58.88   | 58.95   | 58.85   | 58.88   |     5746 |              0 |                0 |            1 |           0 |       1 |            0 |
+---------+---------------------------+---------+---------+---------+---------+----------+----------------+------------------+--------------+-------------+---------+--------------+

  Buy Price  Buy Time                     Sell Price  Sell Time                    Profit    Trade Length
-----------  -------------------------  ------------  -------------------------  --------  --------------
    59.19    2023-11-07 11:00:00-05:00        59.3    2023-11-07 11:05:00-05:00  0.110001               1
    58.48    2023-11-07 12:25:00-05:00        58.7    2023-11-07 12:35:00-05:00  0.220001               2
    58.75    2023-11-07 13:05:00-05:00        58.94   2023-11-07 13:10:00-05:00  0.189999               1
    58.51    2023-11-07 14:00:00-05:00        58.78   2023-11-07 14:20:00-05:00  0.27                   4
    58.7202  2023-11-08 11:20:00-05:00        59.183  2023-11-08 11:30:00-05:00  0.462799               2
    58.7837  2023-11-08 15:20:00-05:00        58.926  2023-11-08 15:25:00-05:00  0.1423                 1
Total Profit: 1.3950996398925781 Median Trade Length: 1.5 Average Trade Length: 1.8333333333333333
