Trading Output for pgr for the last 300 days
+---------+---------------------------+---------+---------+---------+---------+------------------+----------------+------------------+--------------+-------------+---------+--------------+
|   Index | Timestamp                 |    Open |    High |     Low |   Close |           Volume |   RSIEMA Cross |   SMA/VWAP Cross |   MACD Cross |   KNN EMA X |   Total |   Total Diff |
+=========+===========================+=========+=========+=========+=========+==================+================+==================+==============+=============+=========+==============+
|       0 | 2023-06-16 00:00:00-04:00 | 128.869 | 130.647 | 128.34  | 129.798 |      3.3559e+06  |              0 |                1 |            0 |           0 |       1 |            0 |
+---------+---------------------------+---------+---------+---------+---------+------------------+----------------+------------------+--------------+-------------+---------+--------------+
|       1 | 2023-06-20 00:00:00-04:00 | 128.939 | 129.658 | 128.35  | 129.289 |      2.1518e+06  |              0 |                1 |            0 |           0 |       1 |            0 |
+---------+---------------------------+---------+---------+---------+---------+------------------+----------------+------------------+--------------+-------------+---------+--------------+
|       2 | 2023-06-21 00:00:00-04:00 | 129.149 | 130.517 | 127.991 | 130.407 |      2.0343e+06  |              0 |                1 |            1 |           0 |       2 |            1 |
+---------+---------------------------+---------+---------+---------+---------+------------------+----------------+------------------+--------------+-------------+---------+--------------+
|       3 | 2023-06-22 00:00:00-04:00 | 131.146 | 131.665 | 130.467 | 131.565 |      1.598e+06   |              0 |                1 |            1 |           0 |       2 |            0 |
+---------+---------------------------+---------+---------+---------+---------+------------------+----------------+------------------+--------------+-------------+---------+--------------+
|       4 | 2023-06-23 00:00:00-04:00 | 131.655 | 133.303 | 131.126 | 132.574 |      3.6167e+06  |              0 |                1 |            1 |           0 |       2 |            0 |
+---------+---------------------------+---------+---------+---------+---------+------------------+----------------+------------------+--------------+-------------+---------+--------------+
|       5 | 2023-06-26 00:00:00-04:00 | 132.144 | 132.514 | 131.445 | 131.755 |      1.6413e+06  |              0 |                0 |            1 |           0 |       1 |           -1 |
+---------+---------------------------+---------+---------+---------+---------+------------------+----------------+------------------+--------------+-------------+---------+--------------+
|       6 | 2023-06-27 00:00:00-04:00 | 132.354 | 133.463 | 131.765 | 132.454 |      1.2685e+06  |              0 |                0 |            1 |           0 |       1 |            0 |
+---------+---------------------------+---------+---------+---------+---------+------------------+----------------+------------------+--------------+-------------+---------+--------------+
|       7 | 2023-06-28 00:00:00-04:00 | 131.875 | 132.095 | 130.417 | 131.495 |      1.5444e+06  |              0 |                0 |            1 |           0 |       1 |            0 |
+---------+---------------------------+---------+---------+---------+---------+------------------+----------------+------------------+--------------+-------------+---------+--------------+
|       8 | 2023-06-29 00:00:00-04:00 | 131.615 | 132.474 | 131.465 | 131.875 |      1.9599e+06  |              0 |                0 |            1 |           0 |       1 |            0 |
+---------+---------------------------+---------+---------+---------+---------+------------------+----------------+------------------+--------------+-------------+---------+--------------+
|       9 | 2023-06-30 00:00:00-04:00 | 132.254 | 132.764 | 131.206 | 132.174 |      2.4211e+06  |              0 |                0 |            1 |           1 |       2 |            1 |
+---------+---------------------------+---------+---------+---------+---------+------------------+----------------+------------------+--------------+-------------+---------+--------------+
|      10 | 2023-07-03 00:00:00-04:00 | 131.855 | 132.933 | 130.886 | 132.394 |      1.1318e+06  |              0 |                0 |            1 |           1 |       2 |            0 |
+---------+---------------------------+---------+---------+---------+---------+------------------+----------------+------------------+--------------+-------------+---------+--------------+
|      11 | 2023-07-05 00:00:00-04:00 | 130.946 | 132.065 | 130.367 | 131.236 |      1.8644e+06  |              0 |                0 |            1 |           1 |       2 |            0 |
+---------+---------------------------+---------+---------+---------+---------+------------------+----------------+------------------+--------------+-------------+---------+--------------+
|      12 | 2023-07-06 00:00:00-04:00 | 130.586 | 131.755 | 130.386 | 131.576 |      1.8346e+06  |              0 |                0 |            1 |           1 |       2 |            0 |
+---------+---------------------------+---------+---------+---------+---------+------------------+----------------+------------------+--------------+-------------+---------+--------------+
|      13 | 2023-07-07 00:00:00-04:00 | 131.006 | 131.446 | 129.477 | 131.166 |      1.6827e+06  |              0 |                0 |            0 |           1 |       1 |           -1 |
+---------+---------------------------+---------+---------+---------+---------+------------------+----------------+------------------+--------------+-------------+---------+--------------+
|      14 | 2023-07-10 00:00:00-04:00 | 131.256 | 131.885 | 129.927 | 130.986 |      1.737e+06   |              1 |                0 |            0 |           1 |       2 |            1 |
+---------+---------------------------+---------+---------+---------+---------+------------------+----------------+------------------+--------------+-------------+---------+--------------+
|      15 | 2023-07-11 00:00:00-04:00 | 131.286 | 132.655 | 131.266 | 132.075 |      1.9739e+06  |              1 |                0 |            0 |           1 |       2 |            0 |
+---------+---------------------------+---------+---------+---------+---------+------------------+----------------+------------------+--------------+-------------+---------+--------------+
|      16 | 2023-07-12 00:00:00-04:00 | 132.805 | 133.964 | 131.396 | 132.015 |      2.624e+06   |              1 |                0 |            0 |           1 |       2 |            0 |
+---------+---------------------------+---------+---------+---------+---------+------------------+----------------+------------------+--------------+-------------+---------+--------------+
|      17 | 2023-07-13 00:00:00-04:00 | 122.412 | 124.9   | 114.478 | 114.698 |      1.50431e+07 |              0 |                0 |            0 |           1 |       1 |           -1 |
+---------+---------------------------+---------+---------+---------+---------+------------------+----------------+------------------+--------------+-------------+---------+--------------+
|      18 | 2023-07-14 00:00:00-04:00 | 114.118 | 117.296 | 111.33  | 116.706 |      1.00767e+07 |              0 |                0 |            0 |           1 |       1 |            0 |
+---------+---------------------------+---------+---------+---------+---------+------------------+----------------+------------------+--------------+-------------+---------+--------------+
|      19 | 2023-07-17 00:00:00-04:00 | 117.905 | 122.572 | 117.716 | 121.863 |      6.039e+06   |              1 |                1 |            0 |           1 |       3 |            2 |
+---------+---------------------------+---------+---------+---------+---------+------------------+----------------+------------------+--------------+-------------+---------+--------------+
|      20 | 2023-07-18 00:00:00-04:00 | 121.133 | 122.162 | 119.544 | 119.724 |      4.8444e+06  |              1 |                1 |            0 |           0 |       2 |           -1 |
+---------+---------------------------+---------+---------+---------+---------+------------------+----------------+------------------+--------------+-------------+---------+--------------+
|      21 | 2023-07-19 00:00:00-04:00 | 119.394 | 120.174 | 117.556 | 118.135 |      2.9468e+06  |              1 |                1 |            0 |           0 |       2 |            0 |
+---------+---------------------------+---------+---------+---------+---------+------------------+----------------+------------------+--------------+-------------+---------+--------------+
|      22 | 2023-07-20 00:00:00-04:00 | 118.995 | 123.971 | 118.665 | 123.871 |      3.5421e+06  |              1 |                1 |            0 |           0 |       2 |            0 |
+---------+---------------------------+---------+---------+---------+---------+------------------+----------------+------------------+--------------+-------------+---------+--------------+
|      23 | 2023-07-21 00:00:00-04:00 | 124.091 | 124.7   | 122.012 | 124.301 |      3.2879e+06  |              1 |                1 |            0 |           0 |       2 |            0 |
+---------+---------------------------+---------+---------+---------+---------+------------------+----------------+------------------+--------------+-------------+---------+--------------+
|      24 | 2023-07-24 00:00:00-04:00 | 124.221 | 126.209 | 124.221 | 125.15  |      2.6996e+06  |              1 |                1 |            0 |           0 |       2 |            0 |
+---------+---------------------------+---------+---------+---------+---------+------------------+----------------+------------------+--------------+-------------+---------+--------------+
|      25 | 2023-07-25 00:00:00-04:00 | 123.301 | 123.601 | 121.783 | 123.461 |      3.6795e+06  |              1 |                1 |            0 |           0 |       2 |            0 |
+---------+---------------------------+---------+---------+---------+---------+------------------+----------------+------------------+--------------+-------------+---------+--------------+
|      26 | 2023-07-26 00:00:00-04:00 | 124.361 | 127.049 | 123.731 | 126.139 |      2.811e+06   |              1 |                0 |            1 |           0 |       2 |            0 |
+---------+---------------------------+---------+---------+---------+---------+------------------+----------------+------------------+--------------+-------------+---------+--------------+
|      27 | 2023-07-27 00:00:00-04:00 | 126.419 | 126.549 | 124.421 | 125.22  |      2.3012e+06  |              1 |                0 |            1 |           0 |       2 |            0 |
+---------+---------------------------+---------+---------+---------+---------+------------------+----------------+------------------+--------------+-------------+---------+--------------+
|      28 | 2023-07-28 00:00:00-04:00 | 126.319 | 126.319 | 124.141 | 124.94  |      1.8761e+06  |              1 |                0 |            1 |           0 |       2 |            0 |
+---------+---------------------------+---------+---------+---------+---------+------------------+----------------+------------------+--------------+-------------+---------+--------------+
|      29 | 2023-07-31 00:00:00-04:00 | 124.74  | 126.819 | 124.74  | 125.89  |      2.8982e+06  |              1 |                0 |            1 |           0 |       2 |            0 |
+---------+---------------------------+---------+---------+---------+---------+------------------+----------------+------------------+--------------+-------------+---------+--------------+
|      30 | 2023-08-01 00:00:00-04:00 | 126.329 | 127.848 | 125.02  | 127.329 |      2.7293e+06  |              1 |                0 |            1 |           0 |       2 |            0 |
+---------+---------------------------+---------+---------+---------+---------+------------------+----------------+------------------+--------------+-------------+---------+--------------+
|      31 | 2023-08-02 00:00:00-04:00 | 127.449 | 129.907 | 124.371 | 125.27  |      3.446e+06   |              1 |                0 |            1 |           0 |       2 |            0 |
+---------+---------------------------+---------+---------+---------+---------+------------------+----------------+------------------+--------------+-------------+---------+--------------+
|      32 | 2023-08-03 00:00:00-04:00 | 125.46  | 129.867 | 124.631 | 128.758 |      3.8862e+06  |              1 |                0 |            1 |           0 |       2 |            0 |
+---------+---------------------------+---------+---------+---------+---------+------------------+----------------+------------------+--------------+-------------+---------+--------------+
|      33 | 2023-08-04 00:00:00-04:00 | 128.578 | 128.578 | 126.249 | 126.449 |      2.1874e+06  |              1 |                0 |            1 |           1 |       3 |            1 |
+---------+---------------------------+---------+---------+---------+---------+------------------+----------------+------------------+--------------+-------------+---------+--------------+
|      34 | 2023-08-07 00:00:00-04:00 | 127.359 | 128.238 | 125.91  | 127.568 |      1.473e+06   |              1 |                0 |            1 |           1 |       3 |            0 |
+---------+---------------------------+---------+---------+---------+---------+------------------+----------------+------------------+--------------+-------------+---------+--------------+
|      35 | 2023-08-08 00:00:00-04:00 | 127.149 | 127.319 | 125.92  | 126.409 |      1.7786e+06  |              1 |                0 |            1 |           1 |       3 |            0 |
+---------+---------------------------+---------+---------+---------+---------+------------------+----------------+------------------+--------------+-------------+---------+--------------+
|      36 | 2023-08-09 00:00:00-04:00 | 126.349 | 127.648 | 126.199 | 126.409 |      1.6176e+06  |              1 |                0 |            1 |           1 |       3 |            0 |
+---------+---------------------------+---------+---------+---------+---------+------------------+----------------+------------------+--------------+-------------+---------+--------------+
|      37 | 2023-08-10 00:00:00-04:00 | 126.699 | 127.988 | 125.67  | 126.05  |      1.8711e+06  |              1 |                0 |            1 |           0 |       2 |           -1 |
+---------+---------------------------+---------+---------+---------+---------+------------------+----------------+------------------+--------------+-------------+---------+--------------+
|      38 | 2023-08-11 00:00:00-04:00 | 126.249 | 128.138 | 126.249 | 127.748 |      1.1887e+06  |              1 |                0 |            1 |           0 |       2 |            0 |
+---------+---------------------------+---------+---------+---------+---------+------------------+----------------+------------------+--------------+-------------+---------+--------------+
|      39 | 2023-08-14 00:00:00-04:00 | 127.728 | 128.248 | 125.46  | 125.83  |      2.2307e+06  |              1 |                0 |            1 |           0 |       2 |            0 |
+---------+---------------------------+---------+---------+---------+---------+------------------+----------------+------------------+--------------+-------------+---------+--------------+
|      40 | 2023-08-15 00:00:00-04:00 | 125.33  | 126.389 | 123.971 | 124.96  |      2.8666e+06  |              0 |                0 |            1 |           0 |       1 |           -1 |
+---------+---------------------------+---------+---------+---------+---------+------------------+----------------+------------------+--------------+-------------+---------+--------------+
|      41 | 2023-08-16 00:00:00-04:00 | 132.925 | 137.132 | 131.406 | 136.042 |      6.2499e+06  |              1 |                0 |            1 |           0 |       2 |            1 |
+---------+---------------------------+---------+---------+---------+---------+------------------+----------------+------------------+--------------+-------------+---------+--------------+
|      42 | 2023-08-17 00:00:00-04:00 | 136.422 | 137.182 | 134.813 | 135.113 |      2.2072e+06  |              1 |                0 |            1 |           0 |       2 |            0 |
+---------+---------------------------+---------+---------+---------+---------+------------------+----------------+------------------+--------------+-------------+---------+--------------+
|      43 | 2023-08-18 00:00:00-04:00 | 134.304 | 135.323 | 133.654 | 133.834 |      2.5492e+06  |              1 |                0 |            1 |           1 |       3 |            1 |
+---------+---------------------------+---------+---------+---------+---------+------------------+----------------+------------------+--------------+-------------+---------+--------------+
|      44 | 2023-08-21 00:00:00-04:00 | 133.964 | 134.663 | 132.025 | 132.085 |      2.0167e+06  |              1 |                0 |            1 |           1 |       3 |            0 |
+---------+---------------------------+---------+---------+---------+---------+------------------+----------------+------------------+--------------+-------------+---------+--------------+
|      45 | 2023-08-22 00:00:00-04:00 | 132.135 | 132.445 | 129.627 | 130.436 |      2.1818e+06  |              1 |                0 |            1 |           1 |       3 |            0 |
+---------+---------------------------+---------+---------+---------+---------+------------------+----------------+------------------+--------------+-------------+---------+--------------+
|      46 | 2023-08-23 00:00:00-04:00 | 130.286 | 130.506 | 129.217 | 130.296 |      2.8554e+06  |              0 |                0 |            1 |           0 |       1 |           -2 |
+---------+---------------------------+---------+---------+---------+---------+------------------+----------------+------------------+--------------+-------------+---------+--------------+
|      47 | 2023-08-24 00:00:00-04:00 | 130.197 | 132.875 | 130.197 | 131.805 |      1.5191e+06  |              1 |                0 |            1 |           0 |       2 |            1 |
+---------+---------------------------+---------+---------+---------+---------+------------------+----------------+------------------+--------------+-------------+---------+--------------+
|      48 | 2023-08-25 00:00:00-04:00 | 131.775 | 133.644 | 131.496 | 132.485 |      1.4473e+06  |              1 |                0 |            1 |           0 |       2 |            0 |
+---------+---------------------------+---------+---------+---------+---------+------------------+----------------+------------------+--------------+-------------+---------+--------------+
|      49 | 2023-08-28 00:00:00-04:00 | 132.505 | 132.795 | 130.636 | 131.486 |      1.037e+06   |              1 |                0 |            1 |           0 |       2 |            0 |
+---------+---------------------------+---------+---------+---------+---------+------------------+----------------+------------------+--------------+-------------+---------+--------------+
|      50 | 2023-08-29 00:00:00-04:00 | 131.755 | 132.265 | 130.177 | 132.155 |      1.4854e+06  |              1 |                0 |            1 |           0 |       2 |            0 |
+---------+---------------------------+---------+---------+---------+---------+------------------+----------------+------------------+--------------+-------------+---------+--------------+
|      51 | 2023-08-30 00:00:00-04:00 | 132.365 | 134.264 | 131.775 | 133.934 |      1.4083e+06  |              1 |                0 |            1 |           0 |       2 |            0 |
+---------+---------------------------+---------+---------+---------+---------+------------------+----------------+------------------+--------------+-------------+---------+--------------+
|      52 | 2023-08-31 00:00:00-04:00 | 134.304 | 134.364 | 133.094 | 133.374 |      2.8796e+06  |              1 |                0 |            1 |           0 |       2 |            0 |
+---------+---------------------------+---------+---------+---------+---------+------------------+----------------+------------------+--------------+-------------+---------+--------------+
|      53 | 2023-09-01 00:00:00-04:00 | 134.274 | 135.793 | 133.324 | 135.383 |      1.3578e+06  |              1 |                0 |            1 |           0 |       2 |            0 |
+---------+---------------------------+---------+---------+---------+---------+------------------+----------------+------------------+--------------+-------------+---------+--------------+
|      54 | 2023-09-05 00:00:00-04:00 | 135.603 | 135.743 | 133.064 | 133.424 |      2.286e+06   |              1 |                0 |            1 |           0 |       2 |            0 |
+---------+---------------------------+---------+---------+---------+---------+------------------+----------------+------------------+--------------+-------------+---------+--------------+
|      55 | 2023-09-06 00:00:00-04:00 | 133.634 | 135.073 | 133.414 | 134.743 |      1.6415e+06  |              0 |                0 |            1 |           0 |       1 |           -1 |
+---------+---------------------------+---------+---------+---------+---------+------------------+----------------+------------------+--------------+-------------+---------+--------------+
|      56 | 2023-09-07 00:00:00-04:00 | 135.603 | 138.271 | 135.173 | 137.311 |      2.1883e+06  |              0 |                0 |            1 |           0 |       1 |            0 |
+---------+---------------------------+---------+---------+---------+---------+------------------+----------------+------------------+--------------+-------------+---------+--------------+
|      57 | 2023-09-08 00:00:00-04:00 | 137.261 | 137.801 | 135.593 | 135.663 |      1.6194e+06  |              0 |                0 |            1 |           0 |       1 |            0 |
+---------+---------------------------+---------+---------+---------+---------+------------------+----------------+------------------+--------------+-------------+---------+--------------+
|      58 | 2023-09-11 00:00:00-04:00 | 135.982 | 138.381 | 135.982 | 137.162 |      1.5498e+06  |              1 |                0 |            1 |           0 |       2 |            1 |
+---------+---------------------------+---------+---------+---------+---------+------------------+----------------+------------------+--------------+-------------+---------+--------------+
|      59 | 2023-09-12 00:00:00-04:00 | 137.521 | 140.109 | 137.521 | 138.551 |      2.389e+06   |              1 |                0 |            1 |           0 |       2 |            0 |
+---------+---------------------------+---------+---------+---------+---------+------------------+----------------+------------------+--------------+-------------+---------+--------------+
|      60 | 2023-09-13 00:00:00-04:00 | 139.16  | 139.82  | 138.74  | 139.07  |      2.3028e+06  |              1 |                0 |            1 |           0 |       2 |            0 |
+---------+---------------------------+---------+---------+---------+---------+------------------+----------------+------------------+--------------+-------------+---------+--------------+
|      61 | 2023-09-14 00:00:00-04:00 | 139.9   | 140.089 | 138.181 | 139.47  |      2.4293e+06  |              1 |                0 |            1 |           0 |       2 |            0 |
+---------+---------------------------+---------+---------+---------+---------+------------------+----------------+------------------+--------------+-------------+---------+--------------+
|      62 | 2023-09-15 00:00:00-04:00 | 134.603 | 139.62  | 134.244 | 138.64  |      4.5068e+06  |              1 |                0 |            1 |           0 |       2 |            0 |
+---------+---------------------------+---------+---------+---------+---------+------------------+----------------+------------------+--------------+-------------+---------+--------------+
|      63 | 2023-09-18 00:00:00-04:00 | 138.82  | 140.889 | 138.301 | 140.459 |      1.713e+06   |              1 |                0 |            1 |           0 |       2 |            0 |
+---------+---------------------------+---------+---------+---------+---------+------------------+----------------+------------------+--------------+-------------+---------+--------------+
|      64 | 2023-09-19 00:00:00-04:00 | 141.269 | 142.548 | 140.329 | 142.368 |      1.8773e+06  |              1 |                0 |            1 |           0 |       2 |            0 |
+---------+---------------------------+---------+---------+---------+---------+------------------+----------------+------------------+--------------+-------------+---------+--------------+
|      65 | 2023-09-20 00:00:00-04:00 | 142.668 | 143.867 | 142.408 | 142.588 |      1.6371e+06  |              1 |                0 |            1 |           0 |       2 |            0 |
+---------+---------------------------+---------+---------+---------+---------+------------------+----------------+------------------+--------------+-------------+---------+--------------+
|      66 | 2023-09-21 00:00:00-04:00 | 143.137 | 144.206 | 141.848 | 142.298 |      3.9939e+06  |              1 |                0 |            1 |           0 |       2 |            0 |
+---------+---------------------------+---------+---------+---------+---------+------------------+----------------+------------------+--------------+-------------+---------+--------------+
|      67 | 2023-09-22 00:00:00-04:00 | 142.418 | 143.577 | 142.038 | 143.157 |      1.6797e+06  |              1 |                0 |            1 |           1 |       3 |            1 |
+---------+---------------------------+---------+---------+---------+---------+------------------+----------------+------------------+--------------+-------------+---------+--------------+
|      68 | 2023-09-25 00:00:00-04:00 | 142.738 | 142.937 | 140.689 | 142.318 |      1.8896e+06  |              1 |                0 |            1 |           1 |       3 |            0 |
+---------+---------------------------+---------+---------+---------+---------+------------------+----------------+------------------+--------------+-------------+---------+--------------+
|      69 | 2023-09-26 00:00:00-04:00 | 142.398 | 142.837 | 140.569 | 140.649 |      1.8486e+06  |              0 |                0 |            1 |           1 |       2 |           -1 |
+---------+---------------------------+---------+---------+---------+---------+------------------+----------------+------------------+--------------+-------------+---------+--------------+
|      70 | 2023-09-27 00:00:00-04:00 | 140.249 | 140.619 | 138.93  | 140.519 |      1.9792e+06  |              0 |                0 |            0 |           1 |       1 |           -1 |
+---------+---------------------------+---------+---------+---------+---------+------------------+----------------+------------------+--------------+-------------+---------+--------------+
|      71 | 2023-09-28 00:00:00-04:00 | 141.029 | 141.748 | 140     | 140.309 |      1.6415e+06  |              0 |                0 |            0 |           1 |       1 |            0 |
+---------+---------------------------+---------+---------+---------+---------+------------------+----------------+------------------+--------------+-------------+---------+--------------+
|      72 | 2023-09-29 00:00:00-04:00 | 139.989 | 140.399 | 138.74  | 139.2   |      2.4349e+06  |              0 |                0 |            0 |           0 |       0 |           -1 |
+---------+---------------------------+---------+---------+---------+---------+------------------+----------------+------------------+--------------+-------------+---------+--------------+
|      73 | 2023-10-02 00:00:00-04:00 | 138.79  | 139.44  | 137.491 | 138.87  |      1.7957e+06  |              0 |                0 |            0 |           0 |       0 |            0 |
+---------+---------------------------+---------+---------+---------+---------+------------------+----------------+------------------+--------------+-------------+---------+--------------+
|      74 | 2023-10-03 00:00:00-04:00 | 139.9   | 142.248 | 138.401 | 139.3   |      2.1057e+06  |              0 |                0 |            0 |           0 |       0 |            0 |
+---------+---------------------------+---------+---------+---------+---------+------------------+----------------+------------------+--------------+-------------+---------+--------------+
|      75 | 2023-10-04 00:00:00-04:00 | 139.41  | 142.33  | 138.69  | 142.16  |      2.1611e+06  |              0 |                0 |            0 |           0 |       0 |            0 |
+---------+---------------------------+---------+---------+---------+---------+------------------+----------------+------------------+--------------+-------------+---------+--------------+
|      76 | 2023-10-05 00:00:00-04:00 | 142.3   | 143.7   | 141.73  | 142.5   |      1.9361e+06  |              1 |                0 |            0 |           0 |       1 |            1 |
+---------+---------------------------+---------+---------+---------+---------+------------------+----------------+------------------+--------------+-------------+---------+--------------+
|      77 | 2023-10-06 00:00:00-04:00 | 142.8   | 143.83  | 142.01  | 142.86  |      2.2072e+06  |              0 |                0 |            0 |           0 |       0 |           -1 |
+---------+---------------------------+---------+---------+---------+---------+------------------+----------------+------------------+--------------+-------------+---------+--------------+
|      78 | 2023-10-09 00:00:00-04:00 | 142.53  | 143.38  | 141.93  | 143.26  |      1.3692e+06  |              0 |                0 |            0 |           0 |       0 |            0 |
+---------+---------------------------+---------+---------+---------+---------+------------------+----------------+------------------+--------------+-------------+---------+--------------+
|      79 | 2023-10-10 00:00:00-04:00 | 143.5   | 144.27  | 141.84  | 142.25  |      2.3914e+06  |              0 |                0 |            0 |           0 |       0 |            0 |
+---------+---------------------------+---------+---------+---------+---------+------------------+----------------+------------------+--------------+-------------+---------+--------------+
|      80 | 2023-10-11 00:00:00-04:00 | 142.09  | 144.2   | 142.07  | 143.86  |      3.0992e+06  |              0 |                0 |            0 |           0 |       0 |            0 |
+---------+---------------------------+---------+---------+---------+---------+------------------+----------------+------------------+--------------+-------------+---------+--------------+
|      81 | 2023-10-12 00:00:00-04:00 | 144.37  | 144.59  | 142.87  | 143.3   |      2.4037e+06  |              0 |                0 |            0 |           0 |       0 |            0 |
+---------+---------------------------+---------+---------+---------+---------+------------------+----------------+------------------+--------------+-------------+---------+--------------+
|      82 | 2023-10-13 00:00:00-04:00 | 150     | 155.38  | 149.64  | 154.95  |      6.4813e+06  |              1 |                0 |            1 |           0 |       2 |            2 |
+---------+---------------------------+---------+---------+---------+---------+------------------+----------------+------------------+--------------+-------------+---------+--------------+
|      83 | 2023-10-16 00:00:00-04:00 | 156.04  | 158.17  | 154.82  | 157.05  |      4.2578e+06  |              1 |                0 |            1 |           0 |       2 |            0 |
+---------+---------------------------+---------+---------+---------+---------+------------------+----------------+------------------+--------------+-------------+---------+--------------+
|      84 | 2023-10-17 00:00:00-04:00 | 158.25  | 158.99  | 157.51  | 158.94  |      2.7204e+06  |              1 |                0 |            1 |           0 |       2 |            0 |
+---------+---------------------------+---------+---------+---------+---------+------------------+----------------+------------------+--------------+-------------+---------+--------------+
|      85 | 2023-10-18 00:00:00-04:00 | 160     | 161     | 158.49  | 159.18  |      2.8981e+06  |              1 |                0 |            1 |           0 |       2 |            0 |
+---------+---------------------------+---------+---------+---------+---------+------------------+----------------+------------------+--------------+-------------+---------+--------------+
|      86 | 2023-10-19 00:00:00-04:00 | 158.98  | 160.5   | 157.55  | 157.8   |      2.587e+06   |              1 |                0 |            1 |           1 |       3 |            1 |
+---------+---------------------------+---------+---------+---------+---------+------------------+----------------+------------------+--------------+-------------+---------+--------------+
|      87 | 2023-10-20 00:00:00-04:00 | 158.4   | 158.63  | 154.59  | 154.84  |      3.0519e+06  |              1 |                0 |            1 |           1 |       3 |            0 |
+---------+---------------------------+---------+---------+---------+---------+------------------+----------------+------------------+--------------+-------------+---------+--------------+
|      88 | 2023-10-23 00:00:00-04:00 | 155     | 155     | 153.28  | 153.48  |      1.8442e+06  |              1 |                0 |            1 |           1 |       3 |            0 |
+---------+---------------------------+---------+---------+---------+---------+------------------+----------------+------------------+--------------+-------------+---------+--------------+
|      89 | 2023-10-24 00:00:00-04:00 | 154.04  | 156.41  | 153.48  | 156.24  |      1.6832e+06  |              1 |                0 |            1 |           1 |       3 |            0 |
+---------+---------------------------+---------+---------+---------+---------+------------------+----------------+------------------+--------------+-------------+---------+--------------+
|      90 | 2023-10-25 00:00:00-04:00 | 157.82  | 158     | 156.05  | 156.43  |      2.219e+06   |              1 |                0 |            1 |           1 |       3 |            0 |
+---------+---------------------------+---------+---------+---------+---------+------------------+----------------+------------------+--------------+-------------+---------+--------------+
|      91 | 2023-10-26 00:00:00-04:00 | 156.68  | 157.42  | 153.38  | 153.86  |      2.754e+06   |              0 |                0 |            1 |           0 |       1 |           -2 |
+---------+---------------------------+---------+---------+---------+---------+------------------+----------------+------------------+--------------+-------------+---------+--------------+
|      92 | 2023-10-27 00:00:00-04:00 | 153     | 153.31  | 151.55  | 153.06  |      2.1476e+06  |              0 |                0 |            0 |           0 |       0 |           -1 |
+---------+---------------------------+---------+---------+---------+---------+------------------+----------------+------------------+--------------+-------------+---------+--------------+
|      93 | 2023-10-30 00:00:00-04:00 | 153.63  | 155.37  | 153.22  | 155.19  |      2.253e+06   |              0 |                0 |            0 |           0 |       0 |            0 |
+---------+---------------------------+---------+---------+---------+---------+------------------+----------------+------------------+--------------+-------------+---------+--------------+
|      94 | 2023-10-31 00:00:00-04:00 | 155.13  | 158.45  | 154.71  | 158.09  |      2.3533e+06  |              0 |                0 |            0 |           0 |       0 |            0 |
+---------+---------------------------+---------+---------+---------+---------+------------------+----------------+------------------+--------------+-------------+---------+--------------+
|      95 | 2023-11-01 00:00:00-04:00 | 159     | 160.62  | 157.91  | 159.61  |      2.2644e+06  |              1 |                0 |            0 |           0 |       1 |            1 |
+---------+---------------------------+---------+---------+---------+---------+------------------+----------------+------------------+--------------+-------------+---------+--------------+
|      96 | 2023-11-02 00:00:00-04:00 | 158.71  | 160.69  | 156.93  | 158.77  |      2.9968e+06  |              0 |                0 |            0 |           0 |       0 |           -1 |
+---------+---------------------------+---------+---------+---------+---------+------------------+----------------+------------------+--------------+-------------+---------+--------------+
|      97 | 2023-11-03 00:00:00-04:00 | 159.11  | 159.11  | 155.61  | 156.21  |      4.047e+06   |              0 |                0 |            0 |           0 |       0 |            0 |
+---------+---------------------------+---------+---------+---------+---------+------------------+----------------+------------------+--------------+-------------+---------+--------------+
|      98 | 2023-11-06 00:00:00-05:00 | 157.31  | 158.5   | 156.86  | 158.23  |      2.0673e+06  |              0 |                0 |            0 |           0 |       0 |            0 |
+---------+---------------------------+---------+---------+---------+---------+------------------+----------------+------------------+--------------+-------------+---------+--------------+
|      99 | 2023-11-07 00:00:00-05:00 | 159     | 158.94  | 157.205 | 158.15  | 747661           |              0 |                0 |            0 |           0 |       0 |            0 |
+---------+---------------------------+---------+---------+---------+---------+------------------+----------------+------------------+--------------+-------------+---------+--------------+

Still holding position
Buy Price: 158.77000427246094 Buy Date: 2023-11-02 00:00:00-04:00

  Buy Price  Buy Time                     Sell Price  Sell Time                    Profit    Trade Length
-----------  -------------------------  ------------  -------------------------  --------  --------------
     139.2   2023-09-29 00:00:00-04:00        142.5   2023-10-05 00:00:00-04:00   3.29993               4
     142.86  2023-10-06 00:00:00-04:00        154.95  2023-10-13 00:00:00-04:00  12.09                  5
     153.06  2023-10-27 00:00:00-04:00        159.61  2023-11-01 00:00:00-04:00   6.55                  3
Total Profit: 21.939926147460938 Median Trade Length: 4.0 Average Trade Length: 4.0
