Trading Output for gc=f for the last 300 days
+---------+---------------------------+--------+--------+--------+---------+----------+----------------+------------------+--------------+-------------+---------+--------------+
|   Index | Timestamp                 |   Open |   High |    Low |   Close |   Volume |   RSIEMA Cross |   SMA/VWAP Cross |   MACD Cross |   KNN EMA X |   Total |   Total Diff |
+=========+===========================+========+========+========+=========+==========+================+==================+==============+=============+=========+==============+
|       0 | 2022-11-14 00:00:00-05:00 | 1762   | 1773.6 | 1761.6 |  1773.6 |      358 |              0 |                1 |            0 |           0 |       1 |            0 |
+---------+---------------------------+--------+--------+--------+---------+----------+----------------+------------------+--------------+-------------+---------+--------------+
|       1 | 2022-11-15 00:00:00-05:00 | 1770.8 | 1773.8 | 1769.9 |  1773.8 |       57 |              0 |                1 |            1 |           0 |       2 |            1 |
+---------+---------------------------+--------+--------+--------+---------+----------+----------------+------------------+--------------+-------------+---------+--------------+
|       2 | 2022-11-16 00:00:00-05:00 | 1776.6 | 1778.9 | 1773   |  1773   |      303 |              0 |                1 |            0 |           0 |       1 |           -1 |
+---------+---------------------------+--------+--------+--------+---------+----------+----------------+------------------+--------------+-------------+---------+--------------+
|       3 | 2022-11-17 00:00:00-05:00 | 1763   | 1763   | 1756   |  1760.8 |       18 |              0 |                1 |            0 |           0 |       1 |            0 |
+---------+---------------------------+--------+--------+--------+---------+----------+----------------+------------------+--------------+-------------+---------+--------------+
|       4 | 2022-11-18 00:00:00-05:00 | 1763.3 | 1763.3 | 1747.6 |  1751.9 |      414 |              0 |                0 |            0 |           1 |       1 |            0 |
+---------+---------------------------+--------+--------+--------+---------+----------+----------------+------------------+--------------+-------------+---------+--------------+
|       5 | 2022-11-21 00:00:00-05:00 | 1739   | 1744.9 | 1736.1 |  1737.4 |      544 |              0 |                0 |            0 |           1 |       1 |            0 |
+---------+---------------------------+--------+--------+--------+---------+----------+----------------+------------------+--------------+-------------+---------+--------------+
|       6 | 2022-11-22 00:00:00-05:00 | 1741.7 | 1741.7 | 1738.3 |  1738.3 |       15 |              0 |                1 |            0 |           1 |       2 |            1 |
+---------+---------------------------+--------+--------+--------+---------+----------+----------------+------------------+--------------+-------------+---------+--------------+
|       7 | 2022-11-23 00:00:00-05:00 | 1736.5 | 1750.9 | 1736.5 |  1744.9 |       39 |              0 |                1 |            0 |           1 |       2 |            0 |
+---------+---------------------------+--------+--------+--------+---------+----------+----------------+------------------+--------------+-------------+---------+--------------+
|       8 | 2022-11-25 00:00:00-05:00 | 1753   | 1757.9 | 1749.2 |  1753.3 |      216 |              0 |                1 |            0 |           0 |       1 |           -1 |
+---------+---------------------------+--------+--------+--------+---------+----------+----------------+------------------+--------------+-------------+---------+--------------+
|       9 | 2022-11-28 00:00:00-05:00 | 1741.3 | 1741.3 | 1740.1 |  1740.1 |   132767 |              0 |                0 |            0 |           0 |       0 |           -1 |
+---------+---------------------------+--------+--------+--------+---------+----------+----------------+------------------+--------------+-------------+---------+--------------+
|      10 | 2022-11-29 00:00:00-05:00 | 1739.5 | 1758.2 | 1737.9 |  1748.4 |    19416 |              0 |                0 |            0 |           0 |       0 |            0 |
+---------+---------------------------+--------+--------+--------+---------+----------+----------------+------------------+--------------+-------------+---------+--------------+
|      11 | 2022-11-30 00:00:00-05:00 | 1748.1 | 1769.4 | 1745.1 |  1746   |     3339 |              0 |                0 |            0 |           0 |       0 |            0 |
+---------+---------------------------+--------+--------+--------+---------+----------+----------------+------------------+--------------+-------------+---------+--------------+
|      12 | 2022-12-01 00:00:00-05:00 | 1768.7 | 1803.7 | 1768.7 |  1801.1 |     1053 |              0 |                0 |            1 |           0 |       1 |            1 |
+---------+---------------------------+--------+--------+--------+---------+----------+----------------+------------------+--------------+-------------+---------+--------------+
|      13 | 2022-12-02 00:00:00-05:00 | 1802   | 1802.3 | 1779.4 |  1795.9 |     1725 |              0 |                0 |            1 |           0 |       1 |            0 |
+---------+---------------------------+--------+--------+--------+---------+----------+----------------+------------------+--------------+-------------+---------+--------------+
|      14 | 2022-12-05 00:00:00-05:00 | 1795.7 | 1808   | 1764.3 |  1767.4 |     1713 |              1 |                0 |            1 |           0 |       2 |            1 |
+---------+---------------------------+--------+--------+--------+---------+----------+----------------+------------------+--------------+-------------+---------+--------------+
|      15 | 2022-12-06 00:00:00-05:00 | 1768.6 | 1779.4 | 1767.9 |  1769.3 |      105 |              1 |                0 |            1 |           0 |       2 |            0 |
+---------+---------------------------+--------+--------+--------+---------+----------+----------------+------------------+--------------+-------------+---------+--------------+
|      16 | 2022-12-07 00:00:00-05:00 | 1769.3 | 1790.3 | 1769.3 |  1785.5 |      422 |              1 |                0 |            1 |           0 |       2 |            0 |
+---------+---------------------------+--------+--------+--------+---------+----------+----------------+------------------+--------------+-------------+---------+--------------+
|      17 | 2022-12-08 00:00:00-05:00 | 1782   | 1790.9 | 1782   |  1788.7 |      713 |              1 |                0 |            1 |           0 |       2 |            0 |
+---------+---------------------------+--------+--------+--------+---------+----------+----------------+------------------+--------------+-------------+---------+--------------+
|      18 | 2022-12-09 00:00:00-05:00 | 1794.9 | 1804.3 | 1791.1 |  1798.1 |      125 |              1 |                0 |            1 |           0 |       2 |            0 |
+---------+---------------------------+--------+--------+--------+---------+----------+----------------+------------------+--------------+-------------+---------+--------------+
|      19 | 2022-12-12 00:00:00-05:00 | 1787.3 | 1793.9 | 1777.7 |  1780.5 |       85 |              1 |                0 |            1 |           0 |       2 |            0 |
+---------+---------------------------+--------+--------+--------+---------+----------+----------------+------------------+--------------+-------------+---------+--------------+
|      20 | 2022-12-13 00:00:00-05:00 | 1780.7 | 1819.8 | 1780.5 |  1813.9 |      205 |              1 |                0 |            1 |           0 |       2 |            0 |
+---------+---------------------------+--------+--------+--------+---------+----------+----------------+------------------+--------------+-------------+---------+--------------+
|      21 | 2022-12-14 00:00:00-05:00 | 1810.8 | 1812.8 | 1797.9 |  1807.5 |     1074 |              1 |                0 |            1 |           1 |       3 |            1 |
+---------+---------------------------+--------+--------+--------+---------+----------+----------------+------------------+--------------+-------------+---------+--------------+
|      22 | 2022-12-15 00:00:00-05:00 | 1801   | 1801   | 1774.8 |  1777.2 |      421 |              1 |                0 |            1 |           0 |       2 |           -1 |
+---------+---------------------------+--------+--------+--------+---------+----------+----------------+------------------+--------------+-------------+---------+--------------+
|      23 | 2022-12-16 00:00:00-05:00 | 1777.9 | 1791.4 | 1777.9 |  1790   |      206 |              1 |                0 |            1 |           0 |       2 |            0 |
+---------+---------------------------+--------+--------+--------+---------+----------+----------------+------------------+--------------+-------------+---------+--------------+
|      24 | 2022-12-19 00:00:00-05:00 | 1791.6 | 1796.3 | 1785.6 |  1787.7 |       79 |              1 |                0 |            1 |           0 |       2 |            0 |
+---------+---------------------------+--------+--------+--------+---------+----------+----------------+------------------+--------------+-------------+---------+--------------+
|      25 | 2022-12-20 00:00:00-05:00 | 1786.5 | 1821.4 | 1786.5 |  1815.9 |       51 |              1 |                0 |            1 |           0 |       2 |            0 |
+---------+---------------------------+--------+--------+--------+---------+----------+----------------+------------------+--------------+-------------+---------+--------------+
|      26 | 2022-12-21 00:00:00-05:00 | 1817.4 | 1821.4 | 1814.4 |  1815.9 |       35 |              1 |                0 |            1 |           1 |       3 |            1 |
+---------+---------------------------+--------+--------+--------+---------+----------+----------------+------------------+--------------+-------------+---------+--------------+
|      27 | 2022-12-22 00:00:00-05:00 | 1818.1 | 1818.1 | 1785   |  1787   |      411 |              0 |                0 |            1 |           0 |       1 |           -2 |
+---------+---------------------------+--------+--------+--------+---------+----------+----------------+------------------+--------------+-------------+---------+--------------+
|      28 | 2022-12-23 00:00:00-05:00 | 1794.3 | 1802.8 | 1794.1 |  1795.9 |       49 |              1 |                0 |            1 |           0 |       2 |            1 |
+---------+---------------------------+--------+--------+--------+---------+----------+----------------+------------------+--------------+-------------+---------+--------------+
|      29 | 2022-12-27 00:00:00-05:00 | 1803.4 | 1826.3 | 1803.4 |  1814.8 |       69 |              1 |                0 |            1 |           0 |       2 |            0 |
+---------+---------------------------+--------+--------+--------+---------+----------+----------------+------------------+--------------+-------------+---------+--------------+
|      30 | 2022-12-28 00:00:00-05:00 | 1803.2 | 1807.9 | 1803.1 |  1807.9 |      434 |              1 |                0 |            1 |           0 |       2 |            0 |
+---------+---------------------------+--------+--------+--------+---------+----------+----------------+------------------+--------------+-------------+---------+--------------+
|      31 | 2022-12-29 00:00:00-05:00 | 1805.8 | 1819.5 | 1805.8 |  1819.5 |      277 |              1 |                0 |            1 |           0 |       2 |            0 |
+---------+---------------------------+--------+--------+--------+---------+----------+----------------+------------------+--------------+-------------+---------+--------------+
|      32 | 2022-12-30 00:00:00-05:00 | 1817   | 1822.3 | 1816.8 |  1819.7 |       95 |              1 |                0 |            1 |           0 |       2 |            0 |
+---------+---------------------------+--------+--------+--------+---------+----------+----------------+------------------+--------------+-------------+---------+--------------+
|      33 | 2023-01-03 00:00:00-05:00 | 1836.2 | 1839.7 | 1836.2 |  1839.7 |       29 |              1 |                0 |            1 |           0 |       2 |            0 |
+---------+---------------------------+--------+--------+--------+---------+----------+----------------+------------------+--------------+-------------+---------+--------------+
|      34 | 2023-01-04 00:00:00-05:00 | 1845.6 | 1859.1 | 1845.6 |  1852.8 |       25 |              1 |                0 |            1 |           0 |       2 |            0 |
+---------+---------------------------+--------+--------+--------+---------+----------+----------------+------------------+--------------+-------------+---------+--------------+
|      35 | 2023-01-05 00:00:00-05:00 | 1855.2 | 1855.2 | 1834.8 |  1834.8 |       24 |              1 |                0 |            1 |           0 |       2 |            0 |
+---------+---------------------------+--------+--------+--------+---------+----------+----------------+------------------+--------------+-------------+---------+--------------+
|      36 | 2023-01-06 00:00:00-05:00 | 1838.4 | 1868.2 | 1835.3 |  1864.2 |       26 |              1 |                0 |            1 |           0 |       2 |            0 |
+---------+---------------------------+--------+--------+--------+---------+----------+----------------+------------------+--------------+-------------+---------+--------------+
|      37 | 2023-01-09 00:00:00-05:00 | 1867   | 1880   | 1867   |  1872.7 |       62 |              1 |                0 |            1 |           0 |       2 |            0 |
+---------+---------------------------+--------+--------+--------+---------+----------+----------------+------------------+--------------+-------------+---------+--------------+
|      38 | 2023-01-10 00:00:00-05:00 | 1877.8 | 1878.1 | 1871.6 |  1871.6 |      101 |              1 |                0 |            1 |           0 |       2 |            0 |
+---------+---------------------------+--------+--------+--------+---------+----------+----------------+------------------+--------------+-------------+---------+--------------+
|      39 | 2023-01-11 00:00:00-05:00 | 1873.1 | 1877.8 | 1873.1 |  1874.6 |     1236 |              1 |                0 |            1 |           0 |       2 |            0 |
+---------+---------------------------+--------+--------+--------+---------+----------+----------------+------------------+--------------+-------------+---------+--------------+
|      40 | 2023-01-12 00:00:00-05:00 | 1877.2 | 1897.4 | 1877.2 |  1895.5 |       59 |              1 |                0 |            1 |           0 |       2 |            0 |
+---------+---------------------------+--------+--------+--------+---------+----------+----------------+------------------+--------------+-------------+---------+--------------+
|      41 | 2023-01-13 00:00:00-05:00 | 1899   | 1920.9 | 1898.3 |  1918.4 |      512 |              1 |                0 |            1 |           0 |       2 |            0 |
+---------+---------------------------+--------+--------+--------+---------+----------+----------------+------------------+--------------+-------------+---------+--------------+
|      42 | 2023-01-17 00:00:00-05:00 | 1920.1 | 1920.1 | 1905.2 |  1907.2 |      706 |              1 |                0 |            1 |           0 |       2 |            0 |
+---------+---------------------------+--------+--------+--------+---------+----------+----------------+------------------+--------------+-------------+---------+--------------+
|      43 | 2023-01-18 00:00:00-05:00 | 1911.1 | 1911.1 | 1903.1 |  1904.4 |     1027 |              1 |                0 |            1 |           0 |       2 |            0 |
+---------+---------------------------+--------+--------+--------+---------+----------+----------------+------------------+--------------+-------------+---------+--------------+
|      44 | 2023-01-19 00:00:00-05:00 | 1922.1 | 1931.8 | 1922.1 |  1922.1 |      371 |              1 |                0 |            1 |           0 |       2 |            0 |
+---------+---------------------------+--------+--------+--------+---------+----------+----------------+------------------+--------------+-------------+---------+--------------+
|      45 | 2023-01-20 00:00:00-05:00 | 1922.1 | 1928.5 | 1921.4 |  1926.4 |     1346 |              1 |                0 |            1 |           0 |       2 |            0 |
+---------+---------------------------+--------+--------+--------+---------+----------+----------------+------------------+--------------+-------------+---------+--------------+
|      46 | 2023-01-23 00:00:00-05:00 | 1926.5 | 1927.1 | 1915   |  1927.1 |      218 |              1 |                0 |            1 |           0 |       2 |            0 |
+---------+---------------------------+--------+--------+--------+---------+----------+----------------+------------------+--------------+-------------+---------+--------------+
|      47 | 2023-01-24 00:00:00-05:00 | 1931.8 | 1936.8 | 1931.8 |  1933.9 |      201 |              1 |                0 |            1 |           0 |       2 |            0 |
+---------+---------------------------+--------+--------+--------+---------+----------+----------------+------------------+--------------+-------------+---------+--------------+
|      48 | 2023-01-25 00:00:00-05:00 | 1941.2 | 1941.2 | 1939.8 |  1941.2 |        7 |              1 |                0 |            1 |           0 |       2 |            0 |
+---------+---------------------------+--------+--------+--------+---------+----------+----------------+------------------+--------------+-------------+---------+--------------+
|      49 | 2023-01-26 00:00:00-05:00 | 1936.6 | 1937.1 | 1927.1 |  1929.1 |      131 |              1 |                0 |            1 |           1 |       3 |            1 |
+---------+---------------------------+--------+--------+--------+---------+----------+----------------+------------------+--------------+-------------+---------+--------------+
|      50 | 2023-01-27 00:00:00-05:00 | 1928.6 | 1928.6 | 1928.6 |  1928.6 |   150902 |              1 |                0 |            1 |           1 |       3 |            0 |
+---------+---------------------------+--------+--------+--------+---------+----------+----------------+------------------+--------------+-------------+---------+--------------+
|      51 | 2023-01-30 00:00:00-05:00 | 1928.3 | 1933.6 | 1920.3 |  1922.9 |    27220 |              0 |                0 |            0 |           1 |       1 |           -2 |
+---------+---------------------------+--------+--------+--------+---------+----------+----------------+------------------+--------------+-------------+---------+--------------+
|      52 | 2023-01-31 00:00:00-05:00 | 1923   | 1930.4 | 1900.6 |  1929.5 |     1910 |              0 |                0 |            0 |           1 |       1 |            0 |
+---------+---------------------------+--------+--------+--------+---------+----------+----------------+------------------+--------------+-------------+---------+--------------+
|      53 | 2023-02-01 00:00:00-05:00 | 1927.2 | 1955   | 1922   |  1927.8 |     2290 |              0 |                0 |            0 |           1 |       1 |            0 |
+---------+---------------------------+--------+--------+--------+---------+----------+----------------+------------------+--------------+-------------+---------+--------------+
|      54 | 2023-02-02 00:00:00-05:00 | 1952.3 | 1959.1 | 1911.3 |  1916.3 |      748 |              0 |                0 |            0 |           1 |       1 |            0 |
+---------+---------------------------+--------+--------+--------+---------+----------+----------------+------------------+--------------+-------------+---------+--------------+
|      55 | 2023-02-03 00:00:00-05:00 | 1912.4 | 1917   | 1861.5 |  1862.9 |      992 |              0 |                0 |            0 |           1 |       1 |            0 |
+---------+---------------------------+--------+--------+--------+---------+----------+----------------+------------------+--------------+-------------+---------+--------------+
|      56 | 2023-02-06 00:00:00-05:00 | 1865.6 | 1880   | 1863.4 |  1866.2 |      424 |              0 |                0 |            0 |           1 |       1 |            0 |
+---------+---------------------------+--------+--------+--------+---------+----------+----------------+------------------+--------------+-------------+---------+--------------+
|      57 | 2023-02-07 00:00:00-05:00 | 1870   | 1875.7 | 1868   |  1871.7 |      297 |              0 |                0 |            0 |           1 |       1 |            0 |
+---------+---------------------------+--------+--------+--------+---------+----------+----------------+------------------+--------------+-------------+---------+--------------+
|      58 | 2023-02-08 00:00:00-05:00 | 1872.1 | 1880.4 | 1872.1 |  1877.4 |      230 |              0 |                0 |            0 |           1 |       1 |            0 |
+---------+---------------------------+--------+--------+--------+---------+----------+----------------+------------------+--------------+-------------+---------+--------------+
|      59 | 2023-02-09 00:00:00-05:00 | 1875.3 | 1884.6 | 1859.8 |  1866.2 |      223 |              0 |                0 |            0 |           1 |       1 |            0 |
+---------+---------------------------+--------+--------+--------+---------+----------+----------------+------------------+--------------+-------------+---------+--------------+
|      60 | 2023-02-10 00:00:00-05:00 | 1861.6 | 1863.5 | 1852.4 |  1862.8 |       27 |              0 |                0 |            0 |           1 |       1 |            0 |
+---------+---------------------------+--------+--------+--------+---------+----------+----------------+------------------+--------------+-------------+---------+--------------+
|      61 | 2023-02-13 00:00:00-05:00 | 1859   | 1861   | 1850   |  1851.9 |      569 |              0 |                0 |            0 |           1 |       1 |            0 |
+---------+---------------------------+--------+--------+--------+---------+----------+----------------+------------------+--------------+-------------+---------+--------------+
|      62 | 2023-02-14 00:00:00-05:00 | 1854.1 | 1862   | 1846.2 |  1854   |      656 |              0 |                0 |            0 |           1 |       1 |            0 |
+---------+---------------------------+--------+--------+--------+---------+----------+----------------+------------------+--------------+-------------+---------+--------------+
|      63 | 2023-02-15 00:00:00-05:00 | 1842   | 1842   | 1828.2 |  1834.2 |      368 |              0 |                0 |            0 |           1 |       1 |            0 |
+---------+---------------------------+--------+--------+--------+---------+----------+----------------+------------------+--------------+-------------+---------+--------------+
|      64 | 2023-02-16 00:00:00-05:00 | 1838.6 | 1843.7 | 1827.2 |  1842   |      222 |              0 |                0 |            0 |           1 |       1 |            0 |
+---------+---------------------------+--------+--------+--------+---------+----------+----------------+------------------+--------------+-------------+---------+--------------+
|      65 | 2023-02-17 00:00:00-05:00 | 1827.4 | 1842.2 | 1818.4 |  1840.4 |       35 |              0 |                0 |            0 |           1 |       1 |            0 |
+---------+---------------------------+--------+--------+--------+---------+----------+----------------+------------------+--------------+-------------+---------+--------------+
|      66 | 2023-02-21 00:00:00-05:00 | 1842.6 | 1843   | 1833   |  1833   |      862 |              0 |                1 |            0 |           1 |       2 |            1 |
+---------+---------------------------+--------+--------+--------+---------+----------+----------------+------------------+--------------+-------------+---------+--------------+
|      67 | 2023-02-22 00:00:00-05:00 | 1835.7 | 1836.2 | 1825.1 |  1832   |      278 |              0 |                1 |            0 |           1 |       2 |            0 |
+---------+---------------------------+--------+--------+--------+---------+----------+----------------+------------------+--------------+-------------+---------+--------------+
|      68 | 2023-02-23 00:00:00-05:00 | 1826.4 | 1827.5 | 1818   |  1818   |      291 |              0 |                1 |            0 |           1 |       2 |            0 |
+---------+---------------------------+--------+--------+--------+---------+----------+----------------+------------------+--------------+-------------+---------+--------------+
|      69 | 2023-02-24 00:00:00-05:00 | 1808.8 | 1808.8 | 1808.8 |  1808.8 |      404 |              0 |                1 |            0 |           0 |       1 |           -1 |
+---------+---------------------------+--------+--------+--------+---------+----------+----------------+------------------+--------------+-------------+---------+--------------+
|      70 | 2023-02-27 00:00:00-05:00 | 1811.6 | 1817.5 | 1808.9 |  1817   |      829 |              0 |                1 |            0 |           0 |       1 |            0 |
+---------+---------------------------+--------+--------+--------+---------+----------+----------------+------------------+--------------+-------------+---------+--------------+
|      71 | 2023-02-28 00:00:00-05:00 | 1808.1 | 1830   | 1808.1 |  1828.9 |      618 |              1 |                1 |            0 |           0 |       2 |            1 |
+---------+---------------------------+--------+--------+--------+---------+----------+----------------+------------------+--------------+-------------+---------+--------------+
|      72 | 2023-03-01 00:00:00-05:00 | 1827.1 | 1841.7 | 1827.1 |  1837.7 |      211 |              1 |                1 |            0 |           0 |       2 |            0 |
+---------+---------------------------+--------+--------+--------+---------+----------+----------------+------------------+--------------+-------------+---------+--------------+
|      73 | 2023-03-02 00:00:00-05:00 | 1830   | 1836.3 | 1830   |  1833.5 |      154 |              1 |                1 |            0 |           0 |       2 |            0 |
+---------+---------------------------+--------+--------+--------+---------+----------+----------------+------------------+--------------+-------------+---------+--------------+
|      74 | 2023-03-03 00:00:00-05:00 | 1837.3 | 1855.4 | 1837.3 |  1847.7 |       61 |              1 |                1 |            0 |           1 |       3 |            1 |
+---------+---------------------------+--------+--------+--------+---------+----------+----------------+------------------+--------------+-------------+---------+--------------+
|      75 | 2023-03-06 00:00:00-05:00 | 1853.3 | 1853.8 | 1844.2 |  1847.9 |        5 |              1 |                1 |            1 |           1 |       4 |            1 |
+---------+---------------------------+--------+--------+--------+---------+----------+----------------+------------------+--------------+-------------+---------+--------------+
|      76 | 2023-03-07 00:00:00-05:00 | 1840.9 | 1840.9 | 1813.9 |  1813.9 |      450 |              1 |                1 |            0 |           0 |       2 |           -2 |
+---------+---------------------------+--------+--------+--------+---------+----------+----------------+------------------+--------------+-------------+---------+--------------+
|      77 | 2023-03-08 00:00:00-05:00 | 1811.6 | 1812.9 | 1811.5 |  1812.7 |       75 |              1 |                1 |            0 |           0 |       2 |            0 |
+---------+---------------------------+--------+--------+--------+---------+----------+----------------+------------------+--------------+-------------+---------+--------------+
|      78 | 2023-03-09 00:00:00-05:00 | 1816.4 | 1829.3 | 1815.6 |  1829.3 |      332 |              1 |                1 |            0 |           0 |       2 |            0 |
+---------+---------------------------+--------+--------+--------+---------+----------+----------------+------------------+--------------+-------------+---------+--------------+
|      79 | 2023-03-10 00:00:00-05:00 | 1852.3 | 1868.5 | 1852   |  1862   |      248 |              1 |                1 |            1 |           0 |       3 |            1 |
+---------+---------------------------+--------+--------+--------+---------+----------+----------------+------------------+--------------+-------------+---------+--------------+
|      80 | 2023-03-13 00:00:00-04:00 | 1890.8 | 1913.1 | 1875.1 |  1911.7 |      503 |              1 |                0 |            1 |           0 |       2 |           -1 |
+---------+---------------------------+--------+--------+--------+---------+----------+----------------+------------------+--------------+-------------+---------+--------------+
|      81 | 2023-03-14 00:00:00-04:00 | 1912.2 | 1912.2 | 1901.1 |  1906.2 |      107 |              1 |                0 |            1 |           0 |       2 |            0 |
+---------+---------------------------+--------+--------+--------+---------+----------+----------------+------------------+--------------+-------------+---------+--------------+
|      82 | 2023-03-15 00:00:00-04:00 | 1903.9 | 1926.6 | 1898.5 |  1926.6 |      564 |              1 |                0 |            1 |           0 |       2 |            0 |
+---------+---------------------------+--------+--------+--------+---------+----------+----------------+------------------+--------------+-------------+---------+--------------+
|      83 | 2023-03-16 00:00:00-04:00 | 1909.9 | 1931.7 | 1909.9 |  1919   |      394 |              1 |                0 |            1 |           0 |       2 |            0 |
+---------+---------------------------+--------+--------+--------+---------+----------+----------------+------------------+--------------+-------------+---------+--------------+
|      84 | 2023-03-17 00:00:00-04:00 | 1946   | 1985.1 | 1946   |  1969.8 |       82 |              1 |                0 |            1 |           0 |       2 |            0 |
+---------+---------------------------+--------+--------+--------+---------+----------+----------------+------------------+--------------+-------------+---------+--------------+
|      85 | 2023-03-20 00:00:00-04:00 | 1988.3 | 2003.9 | 1968.9 |  1979.2 |      389 |              1 |                0 |            1 |           0 |       2 |            0 |
+---------+---------------------------+--------+--------+--------+---------+----------+----------------+------------------+--------------+-------------+---------+--------------+
|      86 | 2023-03-21 00:00:00-04:00 | 1973.8 | 1973.8 | 1938   |  1938   |       47 |              1 |                0 |            1 |           0 |       2 |            0 |
+---------+---------------------------+--------+--------+--------+---------+----------+----------------+------------------+--------------+-------------+---------+--------------+
|      87 | 2023-03-22 00:00:00-04:00 | 1946.8 | 1974   | 1946.8 |  1946.8 |       50 |              1 |                0 |            1 |           0 |       2 |            0 |
+---------+---------------------------+--------+--------+--------+---------+----------+----------------+------------------+--------------+-------------+---------+--------------+
|      88 | 2023-03-23 00:00:00-04:00 | 1990.5 | 1994.6 | 1990.5 |  1993.8 |       33 |              1 |                0 |            1 |           0 |       2 |            0 |
+---------+---------------------------+--------+--------+--------+---------+----------+----------------+------------------+--------------+-------------+---------+--------------+
|      89 | 2023-03-24 00:00:00-04:00 | 1991.7 | 1995.4 | 1982.1 |  1982.1 |       19 |              1 |                0 |            1 |           0 |       2 |            0 |
+---------+---------------------------+--------+--------+--------+---------+----------+----------------+------------------+--------------+-------------+---------+--------------+
|      90 | 2023-03-27 00:00:00-04:00 | 1957.2 | 1957.2 | 1952.4 |  1952.4 |      877 |              1 |                0 |            1 |           0 |       2 |            0 |
+---------+---------------------------+--------+--------+--------+---------+----------+----------------+------------------+--------------+-------------+---------+--------------+
|      91 | 2023-03-28 00:00:00-04:00 | 1972.4 | 1972.4 | 1972.4 |  1972.4 |       21 |              1 |                0 |            1 |           0 |       2 |            0 |
+---------+---------------------------+--------+--------+--------+---------+----------+----------------+------------------+--------------+-------------+---------+--------------+
|      92 | 2023-03-29 00:00:00-04:00 | 1966.1 | 1966.1 | 1966.1 |  1966.1 |    88563 |              1 |                0 |            1 |           0 |       2 |            0 |
+---------+---------------------------+--------+--------+--------+---------+----------+----------------+------------------+--------------+-------------+---------+--------------+
|      93 | 2023-03-30 00:00:00-04:00 | 1965.9 | 1984.4 | 1954.9 |  1980.3 |    10119 |              1 |                0 |            1 |           0 |       2 |            0 |
+---------+---------------------------+--------+--------+--------+---------+----------+----------------+------------------+--------------+-------------+---------+--------------+
|      94 | 2023-03-31 00:00:00-04:00 | 1981.3 | 1986.8 | 1968   |  1969   |      957 |              0 |                0 |            1 |           0 |       1 |           -1 |
+---------+---------------------------+--------+--------+--------+---------+----------+----------------+------------------+--------------+-------------+---------+--------------+
|      95 | 2023-04-03 00:00:00-04:00 | 1968.1 | 1991.7 | 1950   |  1983.9 |      737 |              0 |                0 |            1 |           0 |       1 |            0 |
+---------+---------------------------+--------+--------+--------+---------+----------+----------------+------------------+--------------+-------------+---------+--------------+
|      96 | 2023-04-04 00:00:00-04:00 | 1984.6 | 2027.1 | 1979   |  2022.2 |      811 |              0 |                0 |            1 |           0 |       1 |            0 |
+---------+---------------------------+--------+--------+--------+---------+----------+----------------+------------------+--------------+-------------+---------+--------------+
|      97 | 2023-04-05 00:00:00-04:00 | 2022.1 | 2033.8 | 2013.6 |  2020.9 |      525 |              1 |                0 |            1 |           0 |       2 |            1 |
+---------+---------------------------+--------+--------+--------+---------+----------+----------------+------------------+--------------+-------------+---------+--------------+
|      98 | 2023-04-06 00:00:00-04:00 | 2022.2 | 2023.3 | 2005   |  2011.9 |        0 |              0 |                0 |            1 |           0 |       1 |           -1 |
+---------+---------------------------+--------+--------+--------+---------+----------+----------------+------------------+--------------+-------------+---------+--------------+
|      99 | 2023-04-10 00:00:00-04:00 | 2000   | 2006.6 | 1984   |  1989.1 |      652 |              0 |                0 |            1 |           0 |       1 |            0 |
+---------+---------------------------+--------+--------+--------+---------+----------+----------------+------------------+--------------+-------------+---------+--------------+
|     100 | 2023-04-11 00:00:00-04:00 | 1991.4 | 2006.5 | 1991.4 |  2004.8 |       68 |              1 |                0 |            1 |           0 |       2 |            1 |
+---------+---------------------------+--------+--------+--------+---------+----------+----------------+------------------+--------------+-------------+---------+--------------+
|     101 | 2023-04-12 00:00:00-04:00 | 2005.2 | 2025.7 | 2005.2 |  2010.9 |      172 |              0 |                0 |            1 |           0 |       1 |           -1 |
+---------+---------------------------+--------+--------+--------+---------+----------+----------------+------------------+--------------+-------------+---------+--------------+
|     102 | 2023-04-13 00:00:00-04:00 | 2015.6 | 2048.6 | 2015.6 |  2041.3 |     1043 |              0 |                0 |            1 |           1 |       2 |            1 |
+---------+---------------------------+--------+--------+--------+---------+----------+----------------+------------------+--------------+-------------+---------+--------------+
|     103 | 2023-04-14 00:00:00-04:00 | 2041   | 2047.8 | 1995   |  2002.2 |      718 |              0 |                0 |            0 |           1 |       1 |           -1 |
+---------+---------------------------+--------+--------+--------+---------+----------+----------------+------------------+--------------+-------------+---------+--------------+
|     104 | 2023-04-17 00:00:00-04:00 | 2002.7 | 2007.6 | 1983.2 |  1994.2 |      554 |              0 |                0 |            0 |           1 |       1 |            0 |
+---------+---------------------------+--------+--------+--------+---------+----------+----------------+------------------+--------------+-------------+---------+--------------+
|     105 | 2023-04-18 00:00:00-04:00 | 1996.9 | 2007.4 | 1996.9 |  2007.4 |       72 |              0 |                0 |            0 |           1 |       1 |            0 |
+---------+---------------------------+--------+--------+--------+---------+----------+----------------+------------------+--------------+-------------+---------+--------------+
|     106 | 2023-04-19 00:00:00-04:00 | 2005.7 | 2006.4 | 1969.8 |  1995.2 |       61 |              0 |                0 |            0 |           1 |       1 |            0 |
+---------+---------------------------+--------+--------+--------+---------+----------+----------------+------------------+--------------+-------------+---------+--------------+
|     107 | 2023-04-20 00:00:00-04:00 | 1998   | 2007.6 | 1998   |  2007.6 |      164 |              0 |                0 |            0 |           1 |       1 |            0 |
+---------+---------------------------+--------+--------+--------+---------+----------+----------------+------------------+--------------+-------------+---------+--------------+
|     108 | 2023-04-21 00:00:00-04:00 | 1996.2 | 1996.2 | 1974.1 |  1979.5 |      132 |              0 |                0 |            0 |           1 |       1 |            0 |
+---------+---------------------------+--------+--------+--------+---------+----------+----------------+------------------+--------------+-------------+---------+--------------+
|     109 | 2023-04-24 00:00:00-04:00 | 1981.3 | 1989.8 | 1977.4 |  1989.1 |      145 |              0 |                0 |            0 |           1 |       1 |            0 |
+---------+---------------------------+--------+--------+--------+---------+----------+----------------+------------------+--------------+-------------+---------+--------------+
|     110 | 2023-04-25 00:00:00-04:00 | 1995.7 | 1999.1 | 1982.3 |  1994   |      306 |              0 |                0 |            0 |           1 |       1 |            0 |
+---------+---------------------------+--------+--------+--------+---------+----------+----------------+------------------+--------------+-------------+---------+--------------+
|     111 | 2023-04-26 00:00:00-04:00 | 1997.8 | 1998.8 | 1985.6 |  1985.7 |      615 |              0 |                0 |            0 |           0 |       0 |           -1 |
+---------+---------------------------+--------+--------+--------+---------+----------+----------------+------------------+--------------+-------------+---------+--------------+
|     112 | 2023-04-27 00:00:00-04:00 | 1990.6 | 2002.3 | 1979.9 |  1989.9 |      355 |              0 |                0 |            0 |           0 |       0 |            0 |
+---------+---------------------------+--------+--------+--------+---------+----------+----------------+------------------+--------------+-------------+---------+--------------+
|     113 | 2023-04-28 00:00:00-04:00 | 1986.9 | 1990.1 | 1977.7 |  1990.1 |      152 |              0 |                0 |            0 |           0 |       0 |            0 |
+---------+---------------------------+--------+--------+--------+---------+----------+----------------+------------------+--------------+-------------+---------+--------------+
|     114 | 2023-05-01 00:00:00-04:00 | 1980.1 | 2005   | 1976.9 |  1983.4 |      210 |              0 |                0 |            0 |           0 |       0 |            0 |
+---------+---------------------------+--------+--------+--------+---------+----------+----------------+------------------+--------------+-------------+---------+--------------+
|     115 | 2023-05-02 00:00:00-04:00 | 1994.7 | 2018   | 1994.7 |  2014.3 |     1896 |              0 |                0 |            0 |           0 |       0 |            0 |
+---------+---------------------------+--------+--------+--------+---------+----------+----------------+------------------+--------------+-------------+---------+--------------+
|     116 | 2023-05-03 00:00:00-04:00 | 2017.1 | 2035.1 | 2015.2 |  2028.6 |     1349 |              0 |                0 |            0 |           0 |       0 |            0 |
+---------+---------------------------+--------+--------+--------+---------+----------+----------------+------------------+--------------+-------------+---------+--------------+
|     117 | 2023-05-04 00:00:00-04:00 | 2045   | 2072   | 2040   |  2048   |      930 |              1 |                0 |            1 |           0 |       2 |            2 |
+---------+---------------------------+--------+--------+--------+---------+----------+----------------+------------------+--------------+-------------+---------+--------------+
|     118 | 2023-05-05 00:00:00-04:00 | 2046.4 | 2046.4 | 2004.3 |  2017.4 |       59 |              1 |                0 |            1 |           0 |       2 |            0 |
+---------+---------------------------+--------+--------+--------+---------+----------+----------------+------------------+--------------+-------------+---------+--------------+
|     119 | 2023-05-08 00:00:00-04:00 | 2022.5 | 2026.3 | 2022.5 |  2026.3 |        3 |              1 |                0 |            1 |           0 |       2 |            0 |
+---------+---------------------------+--------+--------+--------+---------+----------+----------------+------------------+--------------+-------------+---------+--------------+
|     120 | 2023-05-09 00:00:00-04:00 | 2026.6 | 2037.3 | 2025.9 |  2036.2 |      241 |              1 |                0 |            1 |           1 |       3 |            1 |
+---------+---------------------------+--------+--------+--------+---------+----------+----------------+------------------+--------------+-------------+---------+--------------+
|     121 | 2023-05-10 00:00:00-04:00 | 2032.3 | 2044.3 | 2029.5 |  2030.5 |      248 |              1 |                0 |            1 |           1 |       3 |            0 |
+---------+---------------------------+--------+--------+--------+---------+----------+----------------+------------------+--------------+-------------+---------+--------------+
|     122 | 2023-05-11 00:00:00-04:00 | 2034.1 | 2038.3 | 2014   |  2014.7 |       90 |              1 |                0 |            0 |           1 |       2 |           -1 |
+---------+---------------------------+--------+--------+--------+---------+----------+----------------+------------------+--------------+-------------+---------+--------------+
|     123 | 2023-05-12 00:00:00-04:00 | 2014.5 | 2014.5 | 2014.5 |  2014.5 |      115 |              1 |                0 |            0 |           1 |       2 |            0 |
+---------+---------------------------+--------+--------+--------+---------+----------+----------------+------------------+--------------+-------------+---------+--------------+
|     124 | 2023-05-15 00:00:00-04:00 | 2013.8 | 2018   | 2013.8 |  2018   |        3 |              1 |                0 |            0 |           1 |       2 |            0 |
+---------+---------------------------+--------+--------+--------+---------+----------+----------------+------------------+--------------+-------------+---------+--------------+
|     125 | 2023-05-16 00:00:00-04:00 | 1988.4 | 1988.4 | 1988.4 |  1988.4 |       49 |              0 |                0 |            0 |           1 |       1 |           -1 |
+---------+---------------------------+--------+--------+--------+---------+----------+----------------+------------------+--------------+-------------+---------+--------------+
|     126 | 2023-05-17 00:00:00-04:00 | 1983.6 | 1983.6 | 1980.7 |  1980.7 |       13 |              0 |                0 |            0 |           1 |       1 |            0 |
+---------+---------------------------+--------+--------+--------+---------+----------+----------------+------------------+--------------+-------------+---------+--------------+
|     127 | 2023-05-18 00:00:00-04:00 | 1956.5 | 1956.8 | 1956.5 |  1956.5 |       23 |              0 |                0 |            0 |           1 |       1 |            0 |
+---------+---------------------------+--------+--------+--------+---------+----------+----------------+------------------+--------------+-------------+---------+--------------+
|     128 | 2023-05-19 00:00:00-04:00 | 1960   | 1978.7 | 1960   |  1978.7 |      106 |              0 |                0 |            0 |           1 |       1 |            0 |
+---------+---------------------------+--------+--------+--------+---------+----------+----------------+------------------+--------------+-------------+---------+--------------+
|     129 | 2023-05-22 00:00:00-04:00 | 1980.5 | 1980.5 | 1974.8 |  1974.8 |        8 |              0 |                0 |            0 |           1 |       1 |            0 |
+---------+---------------------------+--------+--------+--------+---------+----------+----------------+------------------+--------------+-------------+---------+--------------+
|     130 | 2023-05-23 00:00:00-04:00 | 1972.4 | 1972.4 | 1972.4 |  1972.4 |        1 |              0 |                0 |            0 |           1 |       1 |            0 |
+---------+---------------------------+--------+--------+--------+---------+----------+----------------+------------------+--------------+-------------+---------+--------------+
|     131 | 2023-05-24 00:00:00-04:00 | 1975.4 | 1975.4 | 1962.8 |  1962.8 |      189 |              0 |                0 |            0 |           1 |       1 |            0 |
+---------+---------------------------+--------+--------+--------+---------+----------+----------------+------------------+--------------+-------------+---------+--------------+
|     132 | 2023-05-25 00:00:00-04:00 | 1943.1 | 1943.1 | 1943.1 |  1943.1 |        1 |              0 |                0 |            0 |           1 |       1 |            0 |
+---------+---------------------------+--------+--------+--------+---------+----------+----------------+------------------+--------------+-------------+---------+--------------+
|     133 | 2023-05-26 00:00:00-04:00 | 1948.2 | 1948.4 | 1944.1 |  1944.1 |   166036 |              0 |                0 |            0 |           0 |       0 |           -1 |
+---------+---------------------------+--------+--------+--------+---------+----------+----------------+------------------+--------------+-------------+---------+--------------+
|     134 | 2023-05-30 00:00:00-04:00 | 1942.7 | 1962.6 | 1931   |  1958   |    37838 |              0 |                0 |            0 |           0 |       0 |            0 |
+---------+---------------------------+--------+--------+--------+---------+----------+----------------+------------------+--------------+-------------+---------+--------------+
|     135 | 2023-05-31 00:00:00-04:00 | 1958.2 | 1973   | 1953   |  1963.9 |     5959 |              0 |                0 |            0 |           0 |       0 |            0 |
+---------+---------------------------+--------+--------+--------+---------+----------+----------------+------------------+--------------+-------------+---------+--------------+
|     136 | 2023-06-01 00:00:00-04:00 | 1963.2 | 1983   | 1954.3 |  1978   |      750 |              1 |                0 |            0 |           1 |       2 |            2 |
+---------+---------------------------+--------+--------+--------+---------+----------+----------------+------------------+--------------+-------------+---------+--------------+
|     137 | 2023-06-02 00:00:00-04:00 | 1977.1 | 1982.5 | 1947.4 |  1952.4 |      356 |              0 |                0 |            0 |           1 |       1 |           -1 |
+---------+---------------------------+--------+--------+--------+---------+----------+----------------+------------------+--------------+-------------+---------+--------------+
|     138 | 2023-06-05 00:00:00-04:00 | 1947.5 | 1961.9 | 1937.8 |  1958   |      713 |              0 |                0 |            0 |           1 |       1 |            0 |
+---------+---------------------------+--------+--------+--------+---------+----------+----------------+------------------+--------------+-------------+---------+--------------+
|     139 | 2023-06-06 00:00:00-04:00 | 1960.8 | 1965.5 | 1958.8 |  1965.5 |      164 |              1 |                0 |            0 |           1 |       2 |            1 |
+---------+---------------------------+--------+--------+--------+---------+----------+----------------+------------------+--------------+-------------+---------+--------------+
|     140 | 2023-06-07 00:00:00-04:00 | 1959   | 1968.4 | 1940.7 |  1942.7 |      139 |              1 |                0 |            0 |           1 |       2 |            0 |
+---------+---------------------------+--------+--------+--------+---------+----------+----------------+------------------+--------------+-------------+---------+--------------+
|     141 | 2023-06-08 00:00:00-04:00 | 1943.2 | 1969   | 1943.1 |  1963.6 |      433 |              1 |                0 |            0 |           1 |       2 |            0 |
+---------+---------------------------+--------+--------+--------+---------+----------+----------------+------------------+--------------+-------------+---------+--------------+
|     142 | 2023-06-09 00:00:00-04:00 | 1965.1 | 1969.8 | 1960.3 |  1962.2 |       49 |              1 |                0 |            0 |           1 |       2 |            0 |
+---------+---------------------------+--------+--------+--------+---------+----------+----------------+------------------+--------------+-------------+---------+--------------+
|     143 | 2023-06-12 00:00:00-04:00 | 1959.7 | 1963.5 | 1951.4 |  1955.3 |      212 |              1 |                0 |            0 |           1 |       2 |            0 |
+---------+---------------------------+--------+--------+--------+---------+----------+----------------+------------------+--------------+-------------+---------+--------------+
|     144 | 2023-06-13 00:00:00-04:00 | 1960.6 | 1967.5 | 1940.3 |  1944.6 |      343 |              1 |                0 |            0 |           1 |       2 |            0 |
+---------+---------------------------+--------+--------+--------+---------+----------+----------------+------------------+--------------+-------------+---------+--------------+
|     145 | 2023-06-14 00:00:00-04:00 | 1946.2 | 1958.2 | 1940.3 |  1955.3 |      202 |              1 |                0 |            0 |           1 |       2 |            0 |
+---------+---------------------------+--------+--------+--------+---------+----------+----------------+------------------+--------------+-------------+---------+--------------+
|     146 | 2023-06-15 00:00:00-04:00 | 1941.7 | 1958.8 | 1926   |  1957.8 |      329 |              1 |                0 |            1 |           1 |       3 |            1 |
+---------+---------------------------+--------+--------+--------+---------+----------+----------------+------------------+--------------+-------------+---------+--------------+
|     147 | 2023-06-16 00:00:00-04:00 | 1961.4 | 1962.9 | 1953.5 |  1958.4 |      119 |              1 |                0 |            1 |           1 |       3 |            0 |
+---------+---------------------------+--------+--------+--------+---------+----------+----------------+------------------+--------------+-------------+---------+--------------+
|     148 | 2023-06-20 00:00:00-04:00 | 1958.6 | 1958.6 | 1931.3 |  1935.5 |      193 |              0 |                0 |            0 |           1 |       1 |           -2 |
+---------+---------------------------+--------+--------+--------+---------+----------+----------------+------------------+--------------+-------------+---------+--------------+
|     149 | 2023-06-21 00:00:00-04:00 | 1935.6 | 1936.8 | 1920   |  1933.3 |      557 |              0 |                0 |            0 |           1 |       1 |            0 |
+---------+---------------------------+--------+--------+--------+---------+----------+----------------+------------------+--------------+-------------+---------+--------------+
|     150 | 2023-06-22 00:00:00-04:00 | 1920   | 1921   | 1912.1 |  1912.7 |      237 |              0 |                0 |            0 |           1 |       1 |            0 |
+---------+---------------------------+--------+--------+--------+---------+----------+----------------+------------------+--------------+-------------+---------+--------------+
|     151 | 2023-06-23 00:00:00-04:00 | 1918.7 | 1932.5 | 1918.7 |  1919.1 |      105 |              0 |                0 |            0 |           1 |       1 |            0 |
+---------+---------------------------+--------+--------+--------+---------+----------+----------------+------------------+--------------+-------------+---------+--------------+
|     152 | 2023-06-26 00:00:00-04:00 | 1922.9 | 1928.5 | 1922.5 |  1923.7 |       71 |              0 |                0 |            0 |           1 |       1 |            0 |
+---------+---------------------------+--------+--------+--------+---------+----------+----------------+------------------+--------------+-------------+---------+--------------+
|     153 | 2023-06-27 00:00:00-04:00 | 1927   | 1929.4 | 1914   |  1914   |       49 |              0 |                0 |            0 |           1 |       1 |            0 |
+---------+---------------------------+--------+--------+--------+---------+----------+----------------+------------------+--------------+-------------+---------+--------------+
|     154 | 2023-06-28 00:00:00-04:00 | 1912.3 | 1912.3 | 1912.3 |  1912.3 |      628 |              0 |                0 |            0 |           1 |       1 |            0 |
+---------+---------------------------+--------+--------+--------+---------+----------+----------------+------------------+--------------+-------------+---------+--------------+
|     155 | 2023-06-29 00:00:00-04:00 | 1909.9 | 1909.9 | 1892.5 |  1909.2 |      289 |              0 |                0 |            0 |           0 |       0 |           -1 |
+---------+---------------------------+--------+--------+--------+---------+----------+----------------+------------------+--------------+-------------+---------+--------------+
|     156 | 2023-06-30 00:00:00-04:00 | 1908.6 | 1921.1 | 1900.6 |  1921.1 |      445 |              0 |                0 |            0 |           0 |       0 |            0 |
+---------+---------------------------+--------+--------+--------+---------+----------+----------------+------------------+--------------+-------------+---------+--------------+
|     157 | 2023-07-03 00:00:00-04:00 | 1917.9 | 1929.5 | 1917.9 |  1921.7 |       41 |              0 |                0 |            0 |           0 |       0 |            0 |
+---------+---------------------------+--------+--------+--------+---------+----------+----------------+------------------+--------------+-------------+---------+--------------+
|     158 | 2023-07-05 00:00:00-04:00 | 1923.5 | 1933.9 | 1914.7 |  1919.6 |      193 |              1 |                0 |            0 |           0 |       1 |            1 |
+---------+---------------------------+--------+--------+--------+---------+----------+----------------+------------------+--------------+-------------+---------+--------------+
|     159 | 2023-07-06 00:00:00-04:00 | 1909.3 | 1910.2 | 1903.2 |  1908.7 |       81 |              0 |                0 |            0 |           0 |       0 |           -1 |
+---------+---------------------------+--------+--------+--------+---------+----------+----------------+------------------+--------------+-------------+---------+--------------+
|     160 | 2023-07-07 00:00:00-04:00 | 1913.4 | 1934.1 | 1913.4 |  1926.2 |       61 |              1 |                0 |            1 |           0 |       2 |            2 |
+---------+---------------------------+--------+--------+--------+---------+----------+----------------+------------------+--------------+-------------+---------+--------------+
|     161 | 2023-07-10 00:00:00-04:00 | 1923.6 | 1926.1 | 1912.3 |  1925   |      269 |              1 |                0 |            1 |           0 |       2 |            0 |
+---------+---------------------------+--------+--------+--------+---------+----------+----------------+------------------+--------------+-------------+---------+--------------+
|     162 | 2023-07-11 00:00:00-04:00 | 1925   | 1937   | 1924.2 |  1931.3 |      142 |              1 |                0 |            1 |           0 |       2 |            0 |
+---------+---------------------------+--------+--------+--------+---------+----------+----------------+------------------+--------------+-------------+---------+--------------+
|     163 | 2023-07-12 00:00:00-04:00 | 1932.3 | 1958   | 1932.2 |  1956.2 |      132 |              1 |                0 |            1 |           0 |       2 |            0 |
+---------+---------------------------+--------+--------+--------+---------+----------+----------------+------------------+--------------+-------------+---------+--------------+
|     164 | 2023-07-13 00:00:00-04:00 | 1961.1 | 1961.1 | 1953   |  1959.2 |      121 |              1 |                0 |            1 |           0 |       2 |            0 |
+---------+---------------------------+--------+--------+--------+---------+----------+----------------+------------------+--------------+-------------+---------+--------------+
|     165 | 2023-07-14 00:00:00-04:00 | 1958.4 | 1960.6 | 1952.7 |  1960.1 |       94 |              1 |                0 |            1 |           0 |       2 |            0 |
+---------+---------------------------+--------+--------+--------+---------+----------+----------------+------------------+--------------+-------------+---------+--------------+
|     166 | 2023-07-17 00:00:00-04:00 | 1954   | 1956.5 | 1946.6 |  1952.4 |       29 |              1 |                0 |            1 |           0 |       2 |            0 |
+---------+---------------------------+--------+--------+--------+---------+----------+----------------+------------------+--------------+-------------+---------+--------------+
|     167 | 2023-07-18 00:00:00-04:00 | 1968.8 | 1978.4 | 1963.4 |  1977.2 |       83 |              1 |                0 |            1 |           0 |       2 |            0 |
+---------+---------------------------+--------+--------+--------+---------+----------+----------------+------------------+--------------+-------------+---------+--------------+
|     168 | 2023-07-19 00:00:00-04:00 | 1977   | 1977.5 | 1973   |  1977.5 |       35 |              1 |                0 |            1 |           0 |       2 |            0 |
+---------+---------------------------+--------+--------+--------+---------+----------+----------------+------------------+--------------+-------------+---------+--------------+
|     169 | 2023-07-20 00:00:00-04:00 | 1973.7 | 1973.7 | 1965.6 |  1968.3 |      638 |              1 |                0 |            1 |           1 |       3 |            1 |
+---------+---------------------------+--------+--------+--------+---------+----------+----------------+------------------+--------------+-------------+---------+--------------+
|     170 | 2023-07-21 00:00:00-04:00 | 1961.8 | 1964.3 | 1961.8 |  1964.3 |       50 |              1 |                0 |            1 |           1 |       3 |            0 |
+---------+---------------------------+--------+--------+--------+---------+----------+----------------+------------------+--------------+-------------+---------+--------------+
|     171 | 2023-07-24 00:00:00-04:00 | 1965.3 | 1965.5 | 1960.3 |  1960.3 |        2 |              1 |                0 |            1 |           1 |       3 |            0 |
+---------+---------------------------+--------+--------+--------+---------+----------+----------------+------------------+--------------+-------------+---------+--------------+
|     172 | 2023-07-25 00:00:00-04:00 | 1953   | 1962.5 | 1953   |  1962.1 |       19 |              1 |                0 |            1 |           1 |       3 |            0 |
+---------+---------------------------+--------+--------+--------+---------+----------+----------------+------------------+--------------+-------------+---------+--------------+
|     173 | 2023-07-26 00:00:00-04:00 | 1966.2 | 1972   | 1966.2 |  1968.9 |       51 |              1 |                0 |            1 |           1 |       3 |            0 |
+---------+---------------------------+--------+--------+--------+---------+----------+----------------+------------------+--------------+-------------+---------+--------------+
|     174 | 2023-07-27 00:00:00-04:00 | 1945.4 | 1945.4 | 1945.4 |  1945.4 |   194253 |              0 |                0 |            1 |           1 |       2 |           -1 |
+---------+---------------------------+--------+--------+--------+---------+----------+----------------+------------------+--------------+-------------+---------+--------------+
|     175 | 2023-07-28 00:00:00-04:00 | 1945.5 | 1962.2 | 1944.2 |  1960.4 |    23155 |              0 |                0 |            1 |           1 |       2 |            0 |
+---------+---------------------------+--------+--------+--------+---------+----------+----------------+------------------+--------------+-------------+---------+--------------+
|     176 | 2023-07-31 00:00:00-04:00 | 1959.2 | 1971.6 | 1950   |  1970.5 |     1025 |              1 |                0 |            1 |           1 |       3 |            1 |
+---------+---------------------------+--------+--------+--------+---------+----------+----------------+------------------+--------------+-------------+---------+--------------+
|     177 | 2023-08-01 00:00:00-04:00 | 1964.9 | 1965.4 | 1940.7 |  1940.7 |      688 |              0 |                0 |            0 |           1 |       1 |           -2 |
+---------+---------------------------+--------+--------+--------+---------+----------+----------------+------------------+--------------+-------------+---------+--------------+
|     178 | 2023-08-02 00:00:00-04:00 | 1948.4 | 1953.6 | 1933.2 |  1937.4 |      652 |              0 |                0 |            0 |           1 |       1 |            0 |
+---------+---------------------------+--------+--------+--------+---------+----------+----------------+------------------+--------------+-------------+---------+--------------+
|     179 | 2023-08-03 00:00:00-04:00 | 1934.2 | 1936.5 | 1928   |  1932   |      773 |              0 |                0 |            0 |           1 |       1 |            0 |
+---------+---------------------------+--------+--------+--------+---------+----------+----------------+------------------+--------------+-------------+---------+--------------+
|     180 | 2023-08-04 00:00:00-04:00 | 1934.9 | 1945   | 1920   |  1939.6 |      290 |              0 |                0 |            0 |           1 |       1 |            0 |
+---------+---------------------------+--------+--------+--------+---------+----------+----------------+------------------+--------------+-------------+---------+--------------+
|     181 | 2023-08-07 00:00:00-04:00 | 1941   | 1941   | 1929.8 |  1933.5 |      376 |              0 |                0 |            0 |           1 |       1 |            0 |
+---------+---------------------------+--------+--------+--------+---------+----------+----------------+------------------+--------------+-------------+---------+--------------+
|     182 | 2023-08-08 00:00:00-04:00 | 1931.7 | 1933.2 | 1923   |  1924.1 |      555 |              0 |                0 |            0 |           1 |       1 |            0 |
+---------+---------------------------+--------+--------+--------+---------+----------+----------------+------------------+--------------+-------------+---------+--------------+
|     183 | 2023-08-09 00:00:00-04:00 | 1925.4 | 1928.8 | 1913.7 |  1915.4 |      451 |              0 |                0 |            0 |           1 |       1 |            0 |
+---------+---------------------------+--------+--------+--------+---------+----------+----------------+------------------+--------------+-------------+---------+--------------+
|     184 | 2023-08-10 00:00:00-04:00 | 1921.1 | 1927.8 | 1911.4 |  1914.4 |      178 |              0 |                0 |            0 |           1 |       1 |            0 |
+---------+---------------------------+--------+--------+--------+---------+----------+----------------+------------------+--------------+-------------+---------+--------------+
|     185 | 2023-08-11 00:00:00-04:00 | 1913   | 1916.6 | 1911.8 |  1912.9 |       57 |              0 |                0 |            0 |           1 |       1 |            0 |
+---------+---------------------------+--------+--------+--------+---------+----------+----------------+------------------+--------------+-------------+---------+--------------+
|     186 | 2023-08-14 00:00:00-04:00 | 1909.3 | 1912.6 | 1903.3 |  1910.6 |       46 |              0 |                0 |            0 |           1 |       1 |            0 |
+---------+---------------------------+--------+--------+--------+---------+----------+----------------+------------------+--------------+-------------+---------+--------------+
|     187 | 2023-08-15 00:00:00-04:00 | 1906   | 1907.7 | 1895   |  1902.5 |       73 |              0 |                0 |            0 |           1 |       1 |            0 |
+---------+---------------------------+--------+--------+--------+---------+----------+----------------+------------------+--------------+-------------+---------+--------------+
|     188 | 2023-08-16 00:00:00-04:00 | 1904.5 | 1904.5 | 1890.3 |  1896.1 |       22 |              0 |                1 |            0 |           1 |       2 |            1 |
+---------+---------------------------+--------+--------+--------+---------+----------+----------------+------------------+--------------+-------------+---------+--------------+
|     189 | 2023-08-17 00:00:00-04:00 | 1893.7 | 1902.4 | 1884   |  1884.1 |      245 |              0 |                1 |            0 |           1 |       2 |            0 |
+---------+---------------------------+--------+--------+--------+---------+----------+----------------+------------------+--------------+-------------+---------+--------------+
|     190 | 2023-08-18 00:00:00-04:00 | 1891.8 | 1891.8 | 1886.1 |  1886.1 |       19 |              0 |                1 |            0 |           0 |       1 |           -1 |
+---------+---------------------------+--------+--------+--------+---------+----------+----------------+------------------+--------------+-------------+---------+--------------+
|     191 | 2023-08-21 00:00:00-04:00 | 1893.6 | 1893.6 | 1893.3 |  1893.3 |      876 |              0 |                1 |            0 |           0 |       1 |            0 |
+---------+---------------------------+--------+--------+--------+---------+----------+----------------+------------------+--------------+-------------+---------+--------------+
|     192 | 2023-08-22 00:00:00-04:00 | 1894.6 | 1896.8 | 1892.8 |  1896.4 |       46 |              0 |                1 |            0 |           0 |       1 |            0 |
+---------+---------------------------+--------+--------+--------+---------+----------+----------------+------------------+--------------+-------------+---------+--------------+
|     193 | 2023-08-23 00:00:00-04:00 | 1909.6 | 1918.5 | 1909.6 |  1918.5 |      547 |              1 |                1 |            0 |           0 |       2 |            1 |
+---------+---------------------------+--------+--------+--------+---------+----------+----------------+------------------+--------------+-------------+---------+--------------+
|     194 | 2023-08-24 00:00:00-04:00 | 1920   | 1920.8 | 1918.2 |  1918.2 |      337 |              1 |                1 |            1 |           0 |       3 |            1 |
+---------+---------------------------+--------+--------+--------+---------+----------+----------------+------------------+--------------+-------------+---------+--------------+
|     195 | 2023-08-25 00:00:00-04:00 | 1919.8 | 1919.8 | 1911.1 |  1911.1 |      195 |              1 |                1 |            1 |           0 |       3 |            0 |
+---------+---------------------------+--------+--------+--------+---------+----------+----------------+------------------+--------------+-------------+---------+--------------+
|     196 | 2023-08-28 00:00:00-04:00 | 1915.5 | 1921.5 | 1915.5 |  1917.9 |       99 |              1 |                0 |            1 |           0 |       2 |           -1 |
+---------+---------------------------+--------+--------+--------+---------+----------+----------------+------------------+--------------+-------------+---------+--------------+
|     197 | 2023-08-29 00:00:00-04:00 | 1917.9 | 1936.5 | 1916.9 |  1936.5 |     1674 |              1 |                0 |            1 |           0 |       2 |            0 |
+---------+---------------------------+--------+--------+--------+---------+----------+----------------+------------------+--------------+-------------+---------+--------------+
|     198 | 2023-08-30 00:00:00-04:00 | 1936   | 1946.4 | 1934.6 |  1944.3 |      396 |              1 |                0 |            1 |           0 |       2 |            0 |
+---------+---------------------------+--------+--------+--------+---------+----------+----------------+------------------+--------------+-------------+---------+--------------+
|     199 | 2023-08-31 00:00:00-04:00 | 1944.4 | 1944.4 | 1938.2 |  1938.2 |      491 |              1 |                0 |            1 |           1 |       3 |            1 |
+---------+---------------------------+--------+--------+--------+---------+----------+----------------+------------------+--------------+-------------+---------+--------------+
|     200 | 2023-09-01 00:00:00-04:00 | 1950   | 1950   | 1936.6 |  1939.8 |      167 |              1 |                0 |            1 |           1 |       3 |            0 |
+---------+---------------------------+--------+--------+--------+---------+----------+----------------+------------------+--------------+-------------+---------+--------------+
|     201 | 2023-09-05 00:00:00-04:00 | 1934.4 | 1934.4 | 1924.7 |  1926.2 |      113 |              1 |                0 |            1 |           1 |       3 |            0 |
+---------+---------------------------+--------+--------+--------+---------+----------+----------------+------------------+--------------+-------------+---------+--------------+
|     202 | 2023-09-06 00:00:00-04:00 | 1924.1 | 1925.3 | 1916.3 |  1918.1 |       24 |              1 |                0 |            1 |           1 |       3 |            0 |
+---------+---------------------------+--------+--------+--------+---------+----------+----------------+------------------+--------------+-------------+---------+--------------+
|     203 | 2023-09-07 00:00:00-04:00 | 1917.6 | 1921.5 | 1917.5 |  1917.5 |       41 |              1 |                0 |            1 |           1 |       3 |            0 |
+---------+---------------------------+--------+--------+--------+---------+----------+----------------+------------------+--------------+-------------+---------+--------------+
|     204 | 2023-09-08 00:00:00-04:00 | 1924   | 1924.7 | 1918.4 |  1918.4 |      105 |              1 |                0 |            1 |           1 |       3 |            0 |
+---------+---------------------------+--------+--------+--------+---------+----------+----------------+------------------+--------------+-------------+---------+--------------+
|     205 | 2023-09-11 00:00:00-04:00 | 1923   | 1928.3 | 1921.8 |  1923.3 |       50 |              1 |                0 |            1 |           1 |       3 |            0 |
+---------+---------------------------+--------+--------+--------+---------+----------+----------------+------------------+--------------+-------------+---------+--------------+
|     206 | 2023-09-12 00:00:00-04:00 | 1920.8 | 1920.8 | 1911.3 |  1911.3 |      365 |              1 |                0 |            1 |           1 |       3 |            0 |
+---------+---------------------------+--------+--------+--------+---------+----------+----------------+------------------+--------------+-------------+---------+--------------+
|     207 | 2023-09-13 00:00:00-04:00 | 1910.3 | 1914.6 | 1908.9 |  1909.1 |       15 |              0 |                0 |            0 |           0 |       0 |           -3 |
+---------+---------------------------+--------+--------+--------+---------+----------+----------------+------------------+--------------+-------------+---------+--------------+
|     208 | 2023-09-14 00:00:00-04:00 | 1903   | 1910   | 1903   |  1910   |      169 |              0 |                0 |            0 |           0 |       0 |            0 |
+---------+---------------------------+--------+--------+--------+---------+----------+----------------+------------------+--------------+-------------+---------+--------------+
|     209 | 2023-09-15 00:00:00-04:00 | 1923.5 | 1927.3 | 1923.5 |  1923.7 |        8 |              1 |                0 |            1 |           0 |       2 |            2 |
+---------+---------------------------+--------+--------+--------+---------+----------+----------------+------------------+--------------+-------------+---------+--------------+
|     210 | 2023-09-18 00:00:00-04:00 | 1928.2 | 1931.5 | 1926.4 |  1931.5 |       19 |              1 |                0 |            1 |           0 |       2 |            0 |
+---------+---------------------------+--------+--------+--------+---------+----------+----------------+------------------+--------------+-------------+---------+--------------+
|     211 | 2023-09-19 00:00:00-04:00 | 1934   | 1934   | 1932   |  1932   |        6 |              0 |                0 |            1 |           0 |       1 |           -1 |
+---------+---------------------------+--------+--------+--------+---------+----------+----------------+------------------+--------------+-------------+---------+--------------+
|     212 | 2023-09-20 00:00:00-04:00 | 1945.6 | 1945.6 | 1929.2 |  1945.6 |      119 |              0 |                0 |            1 |           1 |       2 |            1 |
+---------+---------------------------+--------+--------+--------+---------+----------+----------------+------------------+--------------+-------------+---------+--------------+
|     213 | 2023-09-21 00:00:00-04:00 | 1924   | 1924   | 1919.2 |  1919.2 |        9 |              0 |                0 |            1 |           1 |       2 |            0 |
+---------+---------------------------+--------+--------+--------+---------+----------+----------------+------------------+--------------+-------------+---------+--------------+
|     214 | 2023-09-22 00:00:00-04:00 | 1925.4 | 1925.4 | 1925.4 |  1925.4 |        1 |              0 |                0 |            1 |           1 |       2 |            0 |
+---------+---------------------------+--------+--------+--------+---------+----------+----------------+------------------+--------------+-------------+---------+--------------+
|     215 | 2023-09-25 00:00:00-04:00 | 1916.6 | 1916.6 | 1916.6 |  1916.6 |      114 |              0 |                0 |            1 |           1 |       2 |            0 |
+---------+---------------------------+--------+--------+--------+---------+----------+----------------+------------------+--------------+-------------+---------+--------------+
|     216 | 2023-09-26 00:00:00-04:00 | 1905   | 1905.1 | 1900.4 |  1900.4 |      161 |              0 |                0 |            0 |           1 |       1 |           -1 |
+---------+---------------------------+--------+--------+--------+---------+----------+----------------+------------------+--------------+-------------+---------+--------------+
|     217 | 2023-09-27 00:00:00-04:00 | 1871.6 | 1871.6 | 1871.6 |  1871.6 |    12251 |              0 |                1 |            0 |           1 |       2 |            1 |
+---------+---------------------------+--------+--------+--------+---------+----------+----------------+------------------+--------------+-------------+---------+--------------+
|     218 | 2023-09-28 00:00:00-04:00 | 1875.5 | 1878.2 | 1856.7 |  1860.4 |     4654 |              0 |                1 |            0 |           1 |       2 |            0 |
+---------+---------------------------+--------+--------+--------+---------+----------+----------------+------------------+--------------+-------------+---------+--------------+
|     219 | 2023-09-29 00:00:00-04:00 | 1864.3 | 1872.3 | 1846   |  1848.1 |     1605 |              0 |                1 |            0 |           1 |       2 |            0 |
+---------+---------------------------+--------+--------+--------+---------+----------+----------------+------------------+--------------+-------------+---------+--------------+
|     220 | 2023-10-02 00:00:00-04:00 | 1844.1 | 1845.9 | 1826.7 |  1830   |     2309 |              0 |                1 |            0 |           1 |       2 |            0 |
+---------+---------------------------+--------+--------+--------+---------+----------+----------------+------------------+--------------+-------------+---------+--------------+
|     221 | 2023-10-03 00:00:00-04:00 | 1825   | 1830.9 | 1816.8 |  1824.6 |      310 |              0 |                1 |            0 |           1 |       2 |            0 |
+---------+---------------------------+--------+--------+--------+---------+----------+----------------+------------------+--------------+-------------+---------+--------------+
|     222 | 2023-10-04 00:00:00-04:00 | 1821.8 | 1828.2 | 1816.4 |  1818.5 |      357 |              0 |                1 |            0 |           1 |       2 |            0 |
+---------+---------------------------+--------+--------+--------+---------+----------+----------------+------------------+--------------+-------------+---------+--------------+
|     223 | 2023-10-05 00:00:00-04:00 | 1826.3 | 1826.3 | 1815.6 |  1816.6 |      393 |              0 |                1 |            0 |           0 |       1 |           -1 |
+---------+---------------------------+--------+--------+--------+---------+----------+----------------+------------------+--------------+-------------+---------+--------------+
|     224 | 2023-10-06 00:00:00-04:00 | 1819   | 1831.8 | 1809.4 |  1830.2 |      390 |              0 |                1 |            0 |           0 |       1 |            0 |
+---------+---------------------------+--------+--------+--------+---------+----------+----------------+------------------+--------------+-------------+---------+--------------+
|     225 | 2023-10-09 00:00:00-04:00 | 1842.5 | 1861.5 | 1842.5 |  1849.5 |      232 |              0 |                1 |            0 |           0 |       1 |            0 |
+---------+---------------------------+--------+--------+--------+---------+----------+----------------+------------------+--------------+-------------+---------+--------------+
|     226 | 2023-10-10 00:00:00-04:00 | 1857   | 1861.4 | 1852.8 |  1861   |      236 |              0 |                1 |            0 |           0 |       1 |            0 |
+---------+---------------------------+--------+--------+--------+---------+----------+----------------+------------------+--------------+-------------+---------+--------------+
|     227 | 2023-10-11 00:00:00-04:00 | 1869.5 | 1874.6 | 1869.1 |  1872.8 |       65 |              1 |                1 |            1 |           0 |       3 |            2 |
+---------+---------------------------+--------+--------+--------+---------+----------+----------------+------------------+--------------+-------------+---------+--------------+
|     228 | 2023-10-12 00:00:00-04:00 | 1874.7 | 1881.2 | 1867   |  1869.3 |       46 |              1 |                1 |            1 |           0 |       3 |            0 |
+---------+---------------------------+--------+--------+--------+---------+----------+----------------+------------------+--------------+-------------+---------+--------------+
|     229 | 2023-10-13 00:00:00-04:00 | 1877.5 | 1930.1 | 1877.5 |  1927.4 |       43 |              1 |                1 |            1 |           0 |       3 |            0 |
+---------+---------------------------+--------+--------+--------+---------+----------+----------------+------------------+--------------+-------------+---------+--------------+
|     230 | 2023-10-16 00:00:00-04:00 | 1910.4 | 1921.1 | 1910.3 |  1921.1 |       53 |              1 |                1 |            1 |           0 |       3 |            0 |
+---------+---------------------------+--------+--------+--------+---------+----------+----------------+------------------+--------------+-------------+---------+--------------+
|     231 | 2023-10-17 00:00:00-04:00 | 1914.3 | 1925.8 | 1914.3 |  1922.7 |      103 |              1 |                1 |            1 |           0 |       3 |            0 |
+---------+---------------------------+--------+--------+--------+---------+----------+----------------+------------------+--------------+-------------+---------+--------------+
|     232 | 2023-10-18 00:00:00-04:00 | 1935   | 1957.9 | 1935   |  1955.3 |       67 |              1 |                0 |            1 |           0 |       2 |           -1 |
+---------+---------------------------+--------+--------+--------+---------+----------+----------------+------------------+--------------+-------------+---------+--------------+
|     233 | 2023-10-19 00:00:00-04:00 | 1950.1 | 1977.7 | 1945.7 |  1968.4 |     1945 |              1 |                0 |            1 |           0 |       2 |            0 |
+---------+---------------------------+--------+--------+--------+---------+----------+----------------+------------------+--------------+-------------+---------+--------------+
|     234 | 2023-10-20 00:00:00-04:00 | 1981.1 | 1988.6 | 1980.4 |  1982.5 |      557 |              1 |                0 |            1 |           0 |       2 |            0 |
+---------+---------------------------+--------+--------+--------+---------+----------+----------------+------------------+--------------+-------------+---------+--------------+
|     235 | 2023-10-23 00:00:00-04:00 | 1976.2 | 1978.9 | 1972.9 |  1976.3 |      127 |              1 |                0 |            1 |           0 |       2 |            0 |
+---------+---------------------------+--------+--------+--------+---------+----------+----------------+------------------+--------------+-------------+---------+--------------+
|     236 | 2023-10-24 00:00:00-04:00 | 1970.3 | 1975   | 1970.3 |  1975   |       10 |              1 |                0 |            1 |           0 |       2 |            0 |
+---------+---------------------------+--------+--------+--------+---------+----------+----------------+------------------+--------------+-------------+---------+--------------+
|     237 | 2023-10-25 00:00:00-04:00 | 1971.2 | 1985.3 | 1971.2 |  1984.1 |       97 |              1 |                0 |            1 |           0 |       2 |            0 |
+---------+---------------------------+--------+--------+--------+---------+----------+----------------+------------------+--------------+-------------+---------+--------------+
|     238 | 2023-10-26 00:00:00-04:00 | 1988.2 | 1988.2 | 1980.4 |  1987.2 |      521 |              1 |                0 |            1 |           0 |       2 |            0 |
+---------+---------------------------+--------+--------+--------+---------+----------+----------------+------------------+--------------+-------------+---------+--------------+
|     239 | 2023-10-27 00:00:00-04:00 | 1988.6 | 1988.6 | 1988.6 |  1988.6 |      372 |              1 |                0 |            1 |           0 |       2 |            0 |
+---------+---------------------------+--------+--------+--------+---------+----------+----------------+------------------+--------------+-------------+---------+--------------+
|     240 | 2023-10-30 00:00:00-04:00 | 2004.1 | 2004.1 | 1992.5 |  1996.2 |      157 |              1 |                0 |            1 |           0 |       2 |            0 |
+---------+---------------------------+--------+--------+--------+---------+----------+----------------+------------------+--------------+-------------+---------+--------------+
|     241 | 2023-10-31 00:00:00-04:00 | 1996.5 | 2001   | 1983.7 |  1985.2 |       84 |              1 |                0 |            1 |           1 |       3 |            1 |
+---------+---------------------------+--------+--------+--------+---------+----------+----------------+------------------+--------------+-------------+---------+--------------+
|     242 | 2023-11-01 00:00:00-04:00 | 1990.5 | 1990.5 | 1977.8 |  1978.8 |       41 |              1 |                0 |            1 |           1 |       3 |            0 |
+---------+---------------------------+--------+--------+--------+---------+----------+----------------+------------------+--------------+-------------+---------+--------------+
|     243 | 2023-11-02 00:00:00-04:00 | 1989.1 | 1990.3 | 1979.5 |  1985.6 |       39 |              0 |                0 |            1 |           0 |       1 |           -2 |
+---------+---------------------------+--------+--------+--------+---------+----------+----------------+------------------+--------------+-------------+---------+--------------+
|     244 | 2023-11-03 00:00:00-04:00 | 1989   | 1991.5 | 1989   |  1991.5 |       12 |              1 |                0 |            1 |           0 |       2 |            1 |
+---------+---------------------------+--------+--------+--------+---------+----------+----------------+------------------+--------------+-------------+---------+--------------+
|     245 | 2023-11-06 00:00:00-05:00 | 1981.6 | 1981.6 | 1977.4 |  1981.6 |      130 |              0 |                0 |            1 |           0 |       1 |           -1 |
+---------+---------------------------+--------+--------+--------+---------+----------+----------------+------------------+--------------+-------------+---------+--------------+
|     246 | 2023-11-07 00:00:00-05:00 | 1966.5 | 1966.8 | 1960.7 |  1966.8 |      130 |              0 |                0 |            0 |           0 |       0 |           -1 |
+---------+---------------------------+--------+--------+--------+---------+----------+----------------+------------------+--------------+-------------+---------+--------------+
|     247 | 2023-11-08 00:00:00-05:00 | 1975.3 | 1977.5 | 1965.8 |  1969.2 |    42680 |              0 |                0 |            0 |           0 |       0 |            0 |
+---------+---------------------------+--------+--------+--------+---------+----------+----------------+------------------+--------------+-------------+---------+--------------+

Still holding position
Buy Price: 1966.800048828125 Buy Date: 2023-11-07 00:00:00-05:00

  Buy Price  Buy Time                     Sell Price  Sell Time                    Profit    Trade Length
-----------  -------------------------  ------------  -------------------------  --------  --------------
     1740.1  2022-11-28 00:00:00-05:00        1801.1  2022-12-01 00:00:00-05:00      61                 3
     1985.7  2023-04-26 00:00:00-04:00        2048    2023-05-04 00:00:00-04:00      62.3               6
     1944.1  2023-05-26 00:00:00-04:00        1978    2023-06-01 00:00:00-04:00      33.9               3
     1909.2  2023-06-29 00:00:00-04:00        1919.6  2023-07-05 00:00:00-04:00      10.4               3
     1908.7  2023-07-06 00:00:00-04:00        1926.2  2023-07-07 00:00:00-04:00      17.5               1
     1909.1  2023-09-13 00:00:00-04:00        1923.7  2023-09-15 00:00:00-04:00      14.6               2
Total Profit: 199.7000732421875 Median Trade Length: 3.0 Average Trade Length: 3.0
