Trading Output for labd for the last 300 days
+---------+---------------------------+---------+---------+---------+---------+-------------+----------------+------------------+--------------+-------------+---------+--------------+
|   Index | Timestamp                 |    Open |    High |     Low |   Close |      Volume |   RSIEMA Cross |   SMA/VWAP Cross |   MACD Cross |   KNN EMA X |   Total |   Total Diff |
+=========+===========================+=========+=========+=========+=========+=============+================+==================+==============+=============+=========+==============+
|       0 | 2022-10-31 00:00:00-04:00 | 18.7777 | 19.6914 | 18.3764 | 19.4932 | 9.0496e+06  |              0 |                1 |            0 |           0 |       0 |            0 |
+---------+---------------------------+---------+---------+---------+---------+-------------+----------------+------------------+--------------+-------------+---------+--------------+
|       1 | 2022-11-01 00:00:00-04:00 | 18.7777 | 19.2708 | 18.0912 | 19.0001 | 1.03961e+07 |              0 |                1 |            0 |           0 |       0 |            0 |
+---------+---------------------------+---------+---------+---------+---------+-------------+----------------+------------------+--------------+-------------+---------+--------------+
|       2 | 2022-11-02 00:00:00-04:00 | 18.9517 | 20.1894 | 17.4859 | 20.1314 | 1.60698e+07 |              0 |                1 |            1 |           0 |       1 |            1 |
+---------+---------------------------+---------+---------+---------+---------+-------------+----------------+------------------+--------------+-------------+---------+--------------+
|       3 | 2022-11-03 00:00:00-04:00 | 20.9629 | 21.4174 | 19.3095 | 20.5665 | 1.08371e+07 |              0 |                1 |            1 |           0 |       1 |            0 |
+---------+---------------------------+---------+---------+---------+---------+-------------+----------------+------------------+--------------+-------------+---------+--------------+
|       4 | 2022-11-04 00:00:00-04:00 | 19.7543 | 22.5777 | 19.5706 | 21.108  | 1.23264e+07 |              0 |                1 |            1 |           0 |       1 |            0 |
+---------+---------------------------+---------+---------+---------+---------+-------------+----------------+------------------+--------------+-------------+---------+--------------+
|       5 | 2022-11-07 00:00:00-05:00 | 21.0693 | 22.0169 | 20.5955 | 21.7945 | 8.4515e+06  |              0 |                0 |            1 |           1 |       2 |            1 |
+---------+---------------------------+---------+---------+---------+---------+-------------+----------------+------------------+--------------+-------------+---------+--------------+
|       6 | 2022-11-08 00:00:00-05:00 | 21.5044 | 21.9782 | 20.0153 | 21.1757 | 9.742e+06   |              0 |                0 |            1 |           1 |       2 |            0 |
+---------+---------------------------+---------+---------+---------+---------+-------------+----------------+------------------+--------------+-------------+---------+--------------+
|       7 | 2022-11-09 00:00:00-05:00 | 21.6785 | 23.3609 | 21.34   | 23.2545 | 8.5662e+06  |              0 |                0 |            1 |           1 |       2 |            0 |
+---------+---------------------------+---------+---------+---------+---------+-------------+----------------+------------------+--------------+-------------+---------+--------------+
|       8 | 2022-11-10 00:00:00-05:00 | 20.1314 | 20.6777 | 17.5787 | 17.9171 | 1.39262e+07 |              0 |                0 |            1 |           1 |       2 |            0 |
+---------+---------------------------+---------+---------+---------+---------+-------------+----------------+------------------+--------------+-------------+---------+--------------+
|       9 | 2022-11-11 00:00:00-05:00 | 18.1685 | 18.3329 | 16.2927 | 16.8728 | 1.3688e+07  |              0 |                0 |            0 |           1 |       1 |           -1 |
+---------+---------------------------+---------+---------+---------+---------+-------------+----------------+------------------+--------------+-------------+---------+--------------+
|      10 | 2022-11-14 00:00:00-05:00 | 17.0275 | 17.3466 | 16.1283 | 17.2789 | 1.7212e+07  |              0 |                1 |            0 |           1 |       1 |            0 |
+---------+---------------------------+---------+---------+---------+---------+-------------+----------------+------------------+--------------+-------------+---------+--------------+
|      11 | 2022-11-15 00:00:00-05:00 | 16.167  | 18.0863 | 15.7802 | 17.4143 | 1.81928e+07 |              0 |                1 |            0 |           0 |       0 |           -1 |
+---------+---------------------------+---------+---------+---------+---------+-------------+----------------+------------------+--------------+-------------+---------+--------------+
|      12 | 2022-11-16 00:00:00-05:00 | 17.598  | 18.9904 | 17.2499 | 18.9034 | 1.22909e+07 |              0 |                1 |            0 |           0 |       0 |            0 |
+---------+---------------------------+---------+---------+---------+---------+-------------+----------------+------------------+--------------+-------------+---------+--------------+
|      13 | 2022-11-17 00:00:00-05:00 | 19.5918 | 20.3393 | 19.1113 | 19.5706 | 1.1393e+07  |              0 |                1 |            0 |           0 |       0 |            0 |
+---------+---------------------------+---------+---------+---------+---------+-------------+----------------+------------------+--------------+-------------+---------+--------------+
|      14 | 2022-11-18 00:00:00-05:00 | 18.652  | 19.6672 | 18.5456 | 19.2321 | 9.3495e+06  |              1 |                1 |            0 |           0 |       1 |            1 |
+---------+---------------------------+---------+---------+---------+---------+-------------+----------------+------------------+--------------+-------------+---------+--------------+
|      15 | 2022-11-21 00:00:00-05:00 | 19.4739 | 20.2909 | 19.2805 | 20.054  | 8.3649e+06  |              1 |                1 |            0 |           0 |       1 |            0 |
+---------+---------------------------+---------+---------+---------+---------+-------------+----------------+------------------+--------------+-------------+---------+--------------+
|      16 | 2022-11-22 00:00:00-05:00 | 19.6672 | 20.9823 | 19.1451 | 19.2515 | 8.2791e+06  |              1 |                0 |            0 |           0 |       1 |            0 |
+---------+---------------------------+---------+---------+---------+---------+-------------+----------------+------------------+--------------+-------------+---------+--------------+
|      17 | 2022-11-23 00:00:00-05:00 | 19.2128 | 19.6866 | 18.4489 | 19.2611 | 7.9436e+06  |              1 |                0 |            0 |           1 |       2 |            1 |
+---------+---------------------------+---------+---------+---------+---------+-------------+----------------+------------------+--------------+-------------+---------+--------------+
|      18 | 2022-11-25 00:00:00-05:00 | 19.3482 | 19.9477 | 18.9807 | 19.2321 | 4.3918e+06  |              1 |                0 |            0 |           1 |       2 |            0 |
+---------+---------------------------+---------+---------+---------+---------+-------------+----------------+------------------+--------------+-------------+---------+--------------+
|      19 | 2022-11-28 00:00:00-05:00 | 19.5222 | 20.4746 | 18.6665 | 20.1894 | 8.0449e+06  |              1 |                0 |            1 |           1 |       3 |            1 |
+---------+---------------------------+---------+---------+---------+---------+-------------+----------------+------------------+--------------+-------------+---------+--------------+
|      20 | 2022-11-29 00:00:00-05:00 | 20.1314 | 20.3924 | 19.3385 | 20.0153 | 9.2981e+06  |              1 |                0 |            1 |           1 |       3 |            0 |
+---------+---------------------------+---------+---------+---------+---------+-------------+----------------+------------------+--------------+-------------+---------+--------------+
|      21 | 2022-11-30 00:00:00-05:00 | 19.3385 | 19.7175 | 17.1532 | 17.2596 | 1.27641e+07 |              1 |                1 |            0 |           1 |       2 |           -1 |
+---------+---------------------------+---------+---------+---------+---------+-------------+----------------+------------------+--------------+-------------+---------+--------------+
|      22 | 2022-12-01 00:00:00-05:00 | 17.1532 | 18.0215 | 16.9792 | 17.569  | 9.575e+06   |              1 |                1 |            0 |           1 |       2 |            0 |
+---------+---------------------------+---------+---------+---------+---------+-------------+----------------+------------------+--------------+-------------+---------+--------------+
|      23 | 2022-12-02 00:00:00-05:00 | 18.2459 | 18.3136 | 15.8576 | 15.9543 | 1.45832e+07 |              1 |                1 |            0 |           0 |       1 |           -1 |
+---------+---------------------------+---------+---------+---------+---------+-------------+----------------+------------------+--------------+-------------+---------+--------------+
|      24 | 2022-12-05 00:00:00-05:00 | 16.1283 | 17.9848 | 16.0316 | 17.482  | 1.32206e+07 |              1 |                1 |            0 |           0 |       1 |            0 |
+---------+---------------------------+---------+---------+---------+---------+-------------+----------------+------------------+--------------+-------------+---------+--------------+
|      25 | 2022-12-06 00:00:00-05:00 | 17.8784 | 19.2109 | 17.8011 | 18.9517 | 1.35494e+07 |              1 |                1 |            0 |           0 |       1 |            0 |
+---------+---------------------------+---------+---------+---------+---------+-------------+----------------+------------------+--------------+-------------+---------+--------------+
|      26 | 2022-12-07 00:00:00-05:00 | 18.681  | 19.0871 | 18.1105 | 18.6133 | 1.05523e+07 |              1 |                1 |            0 |           0 |       1 |            0 |
+---------+---------------------------+---------+---------+---------+---------+-------------+----------------+------------------+--------------+-------------+---------+--------------+
|      27 | 2022-12-08 00:00:00-05:00 | 18.1879 | 19.2225 | 17.7721 | 18.2652 | 1.06004e+07 |              1 |                1 |            0 |           1 |       2 |            1 |
+---------+---------------------------+---------+---------+---------+---------+-------------+----------------+------------------+--------------+-------------+---------+--------------+
|      28 | 2022-12-09 00:00:00-05:00 | 18.6133 | 19.6672 | 18.4489 | 19.6286 | 8.7243e+06  |              1 |                1 |            1 |           1 |       3 |            1 |
+---------+---------------------------+---------+---------+---------+---------+-------------+----------------+------------------+--------------+-------------+---------+--------------+
|      29 | 2022-12-12 00:00:00-05:00 | 19.5706 | 20.1604 | 18.0912 | 18.2072 | 9.3442e+06  |              1 |                1 |            1 |           1 |       3 |            0 |
+---------+---------------------------+---------+---------+---------+---------+-------------+----------------+------------------+--------------+-------------+---------+--------------+
|      30 | 2022-12-13 00:00:00-05:00 | 16.6359 | 18.3716 | 16.5247 | 17.337  | 1.25492e+07 |              1 |                1 |            0 |           0 |       1 |           -2 |
+---------+---------------------------+---------+---------+---------+---------+-------------+----------------+------------------+--------------+-------------+---------+--------------+
|      31 | 2022-12-14 00:00:00-05:00 | 17.3466 | 17.8688 | 16.4764 | 17.1436 | 1.38639e+07 |              0 |                1 |            0 |           0 |       0 |           -1 |
+---------+---------------------------+---------+---------+---------+---------+-------------+----------------+------------------+--------------+-------------+---------+--------------+
|      32 | 2022-12-15 00:00:00-05:00 | 17.8978 | 18.8067 | 17.511  | 18.6616 | 1.13722e+07 |              1 |                1 |            0 |           0 |       1 |            1 |
+---------+---------------------------+---------+---------+---------+---------+-------------+----------------+------------------+--------------+-------------+---------+--------------+
|      33 | 2022-12-16 00:00:00-05:00 | 19.1548 | 19.6141 | 18.2555 | 18.4779 | 7.5233e+06  |              1 |                1 |            1 |           1 |       3 |            2 |
+---------+---------------------------+---------+---------+---------+---------+-------------+----------------+------------------+--------------+-------------+---------+--------------+
|      34 | 2022-12-19 00:00:00-05:00 | 17.7895 | 19.9477 | 17.598  | 19.5802 | 8.0175e+06  |              1 |                1 |            1 |           1 |       3 |            0 |
+---------+---------------------------+---------+---------+---------+---------+-------------+----------------+------------------+--------------+-------------+---------+--------------+
|      35 | 2022-12-20 00:00:00-05:00 | 19.8639 | 20.0261 | 18.2806 | 18.504  | 7.997e+06   |              1 |                1 |            1 |           1 |       3 |            0 |
+---------+---------------------------+---------+---------+---------+---------+-------------+----------------+------------------+--------------+-------------+---------+--------------+
|      36 | 2022-12-21 00:00:00-05:00 | 18.1737 | 18.8051 | 16.7556 | 17.3092 | 1.13383e+07 |              1 |                1 |            1 |           0 |       2 |           -1 |
+---------+---------------------------+---------+---------+---------+---------+-------------+----------------+------------------+--------------+-------------+---------+--------------+
|      37 | 2022-12-22 00:00:00-05:00 | 17.7463 | 18.4166 | 17.1393 | 17.1441 | 1.0113e+07  |              1 |                1 |            0 |           0 |       1 |           -1 |
+---------+---------------------------+---------+---------+---------+---------+-------------+----------------+------------------+--------------+-------------+---------+--------------+
|      38 | 2022-12-23 00:00:00-05:00 | 17.251  | 18.7371 | 17.0606 | 18.3583 | 8.7416e+06  |              1 |                1 |            1 |           0 |       2 |            1 |
+---------+---------------------------+---------+---------+---------+---------+-------------+----------------+------------------+--------------+-------------+---------+--------------+
|      39 | 2022-12-27 00:00:00-05:00 | 18.4554 | 20.0241 | 18.2903 | 19.9804 | 5.762e+06   |              1 |                1 |            1 |           1 |       3 |            1 |
+---------+---------------------------+---------+---------+---------+---------+-------------+----------------+------------------+--------------+-------------+---------+--------------+
|      40 | 2022-12-28 00:00:00-05:00 | 19.9998 | 20.3204 | 18.9799 | 19.7376 | 8.0452e+06  |              1 |                1 |            1 |           1 |       3 |            0 |
+---------+---------------------------+---------+---------+---------+---------+-------------+----------------+------------------+--------------+-------------+---------+--------------+
|      41 | 2022-12-29 00:00:00-05:00 | 19.2228 | 19.6696 | 16.5127 | 17.1733 | 1.60001e+07 |              0 |                1 |            1 |           1 |       2 |           -1 |
+---------+---------------------------+---------+---------+---------+---------+-------------+----------------+------------------+--------------+-------------+---------+--------------+
|      42 | 2022-12-30 00:00:00-05:00 | 17.6104 | 18.0766 | 16.6973 | 16.7556 | 1.25068e+07 |              0 |                1 |            0 |           1 |       1 |           -1 |
+---------+---------------------------+---------+---------+---------+---------+-------------+----------------+------------------+--------------+-------------+---------+--------------+
|      43 | 2023-01-03 00:00:00-05:00 | 16.2213 | 17.9562 | 16.1242 | 17.6006 | 1.31589e+07 |              0 |                1 |            0 |           1 |       1 |            0 |
+---------+---------------------------+---------+---------+---------+---------+-------------+----------------+------------------+--------------+-------------+---------+--------------+
|      44 | 2023-01-04 00:00:00-05:00 | 17.1635 | 17.4549 | 16.3379 | 16.5225 | 1.36647e+07 |              0 |                1 |            0 |           1 |       1 |            0 |
+---------+---------------------------+---------+---------+---------+---------+-------------+----------------+------------------+--------------+-------------+---------+--------------+
|      45 | 2023-01-05 00:00:00-05:00 | 16.8527 | 17.4258 | 16.6973 | 16.9498 | 1.23721e+07 |              1 |                1 |            0 |           1 |       2 |            1 |
+---------+---------------------------+---------+---------+---------+---------+-------------+----------------+------------------+--------------+-------------+---------+--------------+
|      46 | 2023-01-06 00:00:00-05:00 | 16.707  | 17.8143 | 16.0951 | 16.571  | 1.35535e+07 |              0 |                1 |            0 |           1 |       1 |           -1 |
+---------+---------------------------+---------+---------+---------+---------+-------------+----------------+------------------+--------------+-------------+---------+--------------+
|      47 | 2023-01-09 00:00:00-05:00 | 16.1631 | 17.6298 | 16.1631 | 17.4452 | 9.559e+06   |              0 |                1 |            0 |           1 |       1 |            0 |
+---------+---------------------------+---------+---------+---------+---------+-------------+----------------+------------------+--------------+-------------+---------+--------------+
|      48 | 2023-01-10 00:00:00-05:00 | 17.6006 | 17.6006 | 16.0756 | 16.0951 | 1.33684e+07 |              0 |                1 |            0 |           1 |       1 |            0 |
+---------+---------------------------+---------+---------+---------+---------+-------------+----------------+------------------+--------------+-------------+---------+--------------+
|      49 | 2023-01-11 00:00:00-05:00 | 16.0854 | 16.7556 | 15.658  | 15.7357 | 1.33997e+07 |              0 |                1 |            0 |           1 |       1 |            0 |
+---------+---------------------------+---------+---------+---------+---------+-------------+----------------+------------------+--------------+-------------+---------+--------------+
|      50 | 2023-01-12 00:00:00-05:00 | 15.6764 | 16.299  | 13.8221 | 13.8513 | 1.84597e+07 |              0 |                1 |            0 |           1 |       1 |            0 |
+---------+---------------------------+---------+---------+---------+---------+-------------+----------------+------------------+--------------+-------------+---------+--------------+
|      51 | 2023-01-13 00:00:00-05:00 | 14.269  | 14.5604 | 13.0256 | 13.8027 | 2.00777e+07 |              0 |                1 |            0 |           1 |       1 |            0 |
+---------+---------------------------+---------+---------+---------+---------+-------------+----------------+------------------+--------------+-------------+---------+--------------+
|      52 | 2023-01-17 00:00:00-05:00 | 13.8707 | 14.5701 | 13.8027 | 14.2981 | 1.35633e+07 |              0 |                1 |            0 |           1 |       1 |            0 |
+---------+---------------------------+---------+---------+---------+---------+-------------+----------------+------------------+--------------+-------------+---------+--------------+
|      53 | 2023-01-18 00:00:00-05:00 | 14.0358 | 14.8906 | 13.317  | 14.8518 | 1.58103e+07 |              0 |                1 |            0 |           1 |       1 |            0 |
+---------+---------------------------+---------+---------+---------+---------+-------------+----------------+------------------+--------------+-------------+---------+--------------+
|      54 | 2023-01-19 00:00:00-05:00 | 15.0528 | 15.6774 | 14.8314 | 15.318  | 1.16644e+07 |              0 |                1 |            0 |           1 |       1 |            0 |
+---------+---------------------------+---------+---------+---------+---------+-------------+----------------+------------------+--------------+-------------+---------+--------------+
|      55 | 2023-01-20 00:00:00-05:00 | 15.182  | 15.4928 | 14.4049 | 14.5409 | 8.159e+06   |              0 |                1 |            0 |           1 |       1 |            0 |
+---------+---------------------------+---------+---------+---------+---------+-------------+----------------+------------------+--------------+-------------+---------+--------------+
|      56 | 2023-01-23 00:00:00-05:00 | 14.4438 | 14.91   | 13.9873 | 14.3564 | 9.8863e+06  |              0 |                1 |            0 |           1 |       1 |            0 |
+---------+---------------------------+---------+---------+---------+---------+-------------+----------------+------------------+--------------+-------------+---------+--------------+
|      57 | 2023-01-24 00:00:00-05:00 | 14.4924 | 14.8032 | 13.2393 | 13.4725 | 1.29143e+07 |              0 |                1 |            0 |           1 |       1 |            0 |
+---------+---------------------------+---------+---------+---------+---------+-------------+----------------+------------------+--------------+-------------+---------+--------------+
|      58 | 2023-01-25 00:00:00-05:00 | 13.8318 | 14.3078 | 13.4725 | 13.5113 | 1.21436e+07 |              0 |                1 |            0 |           1 |       1 |            0 |
+---------+---------------------------+---------+---------+---------+---------+-------------+----------------+------------------+--------------+-------------+---------+--------------+
|      59 | 2023-01-26 00:00:00-05:00 | 13.15   | 14.1038 | 13.0062 | 13.6084 | 8.6042e+06  |              0 |                1 |            0 |           1 |       1 |            0 |
+---------+---------------------------+---------+---------+---------+---------+-------------+----------------+------------------+--------------+-------------+---------+--------------+
|      60 | 2023-01-27 00:00:00-05:00 | 13.725  | 13.759  | 13.0548 | 13.3365 | 8.9493e+06  |              0 |                1 |            0 |           1 |       1 |            0 |
+---------+---------------------------+---------+---------+---------+---------+-------------+----------------+------------------+--------------+-------------+---------+--------------+
|      61 | 2023-01-30 00:00:00-05:00 | 13.6376 | 14.5895 | 13.5113 | 14.2981 | 1.07324e+07 |              0 |                1 |            0 |           1 |       1 |            0 |
+---------+---------------------------+---------+---------+---------+---------+-------------+----------------+------------------+--------------+-------------+---------+--------------+
|      62 | 2023-01-31 00:00:00-05:00 | 14.2301 | 14.2301 | 13.317  | 13.3947 | 9.1581e+06  |              0 |                1 |            0 |           1 |       1 |            0 |
+---------+---------------------------+---------+---------+---------+---------+-------------+----------------+------------------+--------------+-------------+---------+--------------+
|      63 | 2023-02-01 00:00:00-05:00 | 13.4045 | 13.9387 | 12.5934 | 13.0354 | 1.16036e+07 |              0 |                1 |            0 |           1 |       1 |            0 |
+---------+---------------------------+---------+---------+---------+---------+-------------+----------------+------------------+--------------+-------------+---------+--------------+
|      64 | 2023-02-02 00:00:00-05:00 | 12.6274 | 12.9479 | 11.8319 | 12.064  | 1.46733e+07 |              1 |                1 |            0 |           1 |       2 |            1 |
+---------+---------------------------+---------+---------+---------+---------+-------------+----------------+------------------+--------------+-------------+---------+--------------+
|      65 | 2023-02-03 00:00:00-05:00 | 12.6954 | 12.8897 | 12.098  | 12.7342 | 1.22074e+07 |              1 |                1 |            0 |           0 |       1 |           -1 |
+---------+---------------------------+---------+---------+---------+---------+-------------+----------------+------------------+--------------+-------------+---------+--------------+
|      66 | 2023-02-06 00:00:00-05:00 | 12.9576 | 13.2879 | 12.5497 | 13.0159 | 1.02837e+07 |              1 |                1 |            0 |           0 |       1 |            0 |
+---------+---------------------------+---------+---------+---------+---------+-------------+----------------+------------------+--------------+-------------+---------+--------------+
|      67 | 2023-02-07 00:00:00-05:00 | 13.0062 | 13.6861 | 12.7051 | 12.7925 | 1.07436e+07 |              0 |                1 |            1 |           0 |       1 |            0 |
+---------+---------------------------+---------+---------+---------+---------+-------------+----------------+------------------+--------------+-------------+---------+--------------+
|      68 | 2023-02-08 00:00:00-05:00 | 12.9188 | 14.1621 | 12.8314 | 14.133  | 7.5336e+06  |              1 |                1 |            1 |           0 |       2 |            1 |
+---------+---------------------------+---------+---------+---------+---------+-------------+----------------+------------------+--------------+-------------+---------+--------------+
|      69 | 2023-02-09 00:00:00-05:00 | 13.7056 | 14.8129 | 13.5404 | 14.6575 | 8.6569e+06  |              1 |                1 |            1 |           0 |       2 |            0 |
+---------+---------------------------+---------+---------+---------+---------+-------------+----------------+------------------+--------------+-------------+---------+--------------+
|      70 | 2023-02-10 00:00:00-05:00 | 14.8323 | 15.386  | 14.6478 | 14.9295 | 5.959e+06   |              1 |                1 |            1 |           0 |       2 |            0 |
+---------+---------------------------+---------+---------+---------+---------+-------------+----------------+------------------+--------------+-------------+---------+--------------+
|      71 | 2023-02-13 00:00:00-05:00 | 15.0072 | 15.5705 | 14.4632 | 14.8518 | 5.4651e+06  |              1 |                1 |            1 |           0 |       2 |            0 |
+---------+---------------------------+---------+---------+---------+---------+-------------+----------------+------------------+--------------+-------------+---------+--------------+
|      72 | 2023-02-14 00:00:00-05:00 | 15.1237 | 15.4822 | 14.2592 | 14.7449 | 7.9017e+06  |              1 |                1 |            1 |           0 |       2 |            0 |
+---------+---------------------------+---------+---------+---------+---------+-------------+----------------+------------------+--------------+-------------+---------+--------------+
|      73 | 2023-02-15 00:00:00-05:00 | 15.1325 | 15.3374 | 14.6478 | 14.6672 | 5.6064e+06  |              1 |                1 |            1 |           0 |       2 |            0 |
+---------+---------------------------+---------+---------+---------+---------+-------------+----------------+------------------+--------------+-------------+---------+--------------+
|      74 | 2023-02-16 00:00:00-05:00 | 15.0169 | 15.4443 | 14.6769 | 15.2986 | 8.2156e+06  |              1 |                1 |            1 |           0 |       2 |            0 |
+---------+---------------------------+---------+---------+---------+---------+-------------+----------------+------------------+--------------+-------------+---------+--------------+
|      75 | 2023-02-17 00:00:00-05:00 | 15.352  | 15.6288 | 14.133  | 14.2787 | 8.0333e+06  |              1 |                1 |            1 |           0 |       2 |            0 |
+---------+---------------------------+---------+---------+---------+---------+-------------+----------------+------------------+--------------+-------------+---------+--------------+
|      76 | 2023-02-21 00:00:00-05:00 | 14.7158 | 16.2505 | 14.5992 | 16.1825 | 1.08552e+07 |              1 |                1 |            1 |           0 |       2 |            0 |
+---------+---------------------------+---------+---------+---------+---------+-------------+----------------+------------------+--------------+-------------+---------+--------------+
|      77 | 2023-02-22 00:00:00-05:00 | 16.0951 | 16.2602 | 15.5317 | 15.726  | 7.6327e+06  |              1 |                1 |            1 |           0 |       2 |            0 |
+---------+---------------------------+---------+---------+---------+---------+-------------+----------------+------------------+--------------+-------------+---------+--------------+
|      78 | 2023-02-23 00:00:00-05:00 | 15.454  | 16.5322 | 15.3666 | 15.8911 | 8.122e+06   |              1 |                1 |            1 |           0 |       2 |            0 |
+---------+---------------------------+---------+---------+---------+---------+-------------+----------------+------------------+--------------+-------------+---------+--------------+
|      79 | 2023-02-24 00:00:00-05:00 | 16.503  | 17.0955 | 16.3962 | 17.0373 | 7.7963e+06  |              1 |                1 |            1 |           0 |       2 |            0 |
+---------+---------------------------+---------+---------+---------+---------+-------------+----------------+------------------+--------------+-------------+---------+--------------+
|      80 | 2023-02-27 00:00:00-05:00 | 16.4894 | 16.8236 | 16.0659 | 16.6196 | 6.1056e+06  |              1 |                1 |            1 |           0 |       2 |            0 |
+---------+---------------------------+---------+---------+---------+---------+-------------+----------------+------------------+--------------+-------------+---------+--------------+
|      81 | 2023-02-28 00:00:00-05:00 | 16.6876 | 16.775  | 15.9299 | 16.2213 | 5.7974e+06  |              1 |                1 |            1 |           0 |       2 |            0 |
+---------+---------------------------+---------+---------+---------+---------+-------------+----------------+------------------+--------------+-------------+---------+--------------+
|      82 | 2023-03-01 00:00:00-05:00 | 16.1048 | 16.4447 | 15.7094 | 16.0562 | 6.6134e+06  |              1 |                1 |            1 |           0 |       2 |            0 |
+---------+---------------------------+---------+---------+---------+---------+-------------+----------------+------------------+--------------+-------------+---------+--------------+
|      83 | 2023-03-02 00:00:00-05:00 | 16.5127 | 16.843  | 16.2544 | 16.4642 | 5.4477e+06  |              1 |                1 |            1 |           0 |       2 |            0 |
+---------+---------------------------+---------+---------+---------+---------+-------------+----------------+------------------+--------------+-------------+---------+--------------+
|      84 | 2023-03-03 00:00:00-05:00 | 16.3573 | 16.7342 | 15.4248 | 15.8231 | 5.1596e+06  |              0 |                1 |            1 |           0 |       1 |           -1 |
+---------+---------------------------+---------+---------+---------+---------+-------------+----------------+------------------+--------------+-------------+---------+--------------+
|      85 | 2023-03-06 00:00:00-05:00 | 15.59   | 16.9693 | 15.5803 | 16.6099 | 6.3743e+06  |              0 |                1 |            1 |           0 |       1 |            0 |
+---------+---------------------------+---------+---------+---------+---------+-------------+----------------+------------------+--------------+-------------+---------+--------------+
|      86 | 2023-03-07 00:00:00-05:00 | 16.6584 | 16.9304 | 16.0368 | 16.7167 | 5.7986e+06  |              1 |                1 |            1 |           0 |       2 |            1 |
+---------+---------------------------+---------+---------+---------+---------+-------------+----------------+------------------+--------------+-------------+---------+--------------+
|      87 | 2023-03-08 00:00:00-05:00 | 16.6293 | 17.5618 | 16.6293 | 17.0858 | 5.8259e+06  |              1 |                1 |            1 |           0 |       2 |            0 |
+---------+---------------------------+---------+---------+---------+---------+-------------+----------------+------------------+--------------+-------------+---------+--------------+
|      88 | 2023-03-09 00:00:00-05:00 | 17.0955 | 19.1354 | 16.843  | 18.7565 | 9.1694e+06  |              1 |                0 |            1 |           0 |       2 |            0 |
+---------+---------------------------+---------+---------+---------+---------+-------------+----------------+------------------+--------------+-------------+---------+--------------+
|      89 | 2023-03-10 00:00:00-05:00 | 18.9799 | 22.2339 | 18.7565 | 21.0003 | 1.56564e+07 |              1 |                0 |            1 |           0 |       2 |            0 |
+---------+---------------------------+---------+---------+---------+---------+-------------+----------------+------------------+--------------+-------------+---------+--------------+
|      90 | 2023-03-13 00:00:00-04:00 | 21.4763 | 21.4763 | 18.5186 | 19.1354 | 1.29145e+07 |              0 |                0 |            1 |           0 |       1 |           -1 |
+---------+---------------------------+---------+---------+---------+---------+-------------+----------------+------------------+--------------+-------------+---------+--------------+
|      91 | 2023-03-14 00:00:00-04:00 | 18.0863 | 19.1791 | 17.6589 | 18.232  | 9.585e+06   |              0 |                0 |            1 |           0 |       1 |            0 |
+---------+---------------------------+---------+---------+---------+---------+-------------+----------------+------------------+--------------+-------------+---------+--------------+
|      92 | 2023-03-15 00:00:00-04:00 | 19.0576 | 19.7182 | 18.5817 | 18.9897 | 1.08521e+07 |              0 |                0 |            1 |           0 |       1 |            0 |
+---------+---------------------------+---------+---------+---------+---------+-------------+----------------+------------------+--------------+-------------+---------+--------------+
|      93 | 2023-03-16 00:00:00-04:00 | 19.3976 | 20.4865 | 18.3777 | 18.9217 | 7.5584e+06  |              0 |                0 |            1 |           0 |       1 |            0 |
+---------+---------------------------+---------+---------+---------+---------+-------------+----------------+------------------+--------------+-------------+---------+--------------+
|      94 | 2023-03-17 00:00:00-04:00 | 19.4268 | 20.7381 | 19.417  | 20.0873 | 8.0198e+06  |              1 |                0 |            1 |           0 |       2 |            1 |
+---------+---------------------------+---------+---------+---------+---------+-------------+----------------+------------------+--------------+-------------+---------+--------------+
|      95 | 2023-03-20 00:00:00-04:00 | 19.9901 | 20.8158 | 19.7279 | 19.9707 | 5.0139e+06  |              1 |                0 |            1 |           0 |       2 |            0 |
+---------+---------------------------+---------+---------+---------+---------+-------------+----------------+------------------+--------------+-------------+---------+--------------+
|      96 | 2023-03-21 00:00:00-04:00 | 19.684  | 20.7149 | 19.5171 | 20.6167 | 5.3303e+06  |              1 |                0 |            1 |           0 |       2 |            0 |
+---------+---------------------------+---------+---------+---------+---------+-------------+----------------+------------------+--------------+-------------+---------+--------------+
|      97 | 2023-03-22 00:00:00-04:00 | 20.6363 | 23.0612 | 20.4792 | 22.9434 | 6.6786e+06  |              1 |                0 |            1 |           0 |       2 |            0 |
+---------+---------------------------+---------+---------+---------+---------+-------------+----------------+------------------+--------------+-------------+---------+--------------+
|      98 | 2023-03-23 00:00:00-04:00 | 22.3544 | 23.4539 | 21.2548 | 22.3348 | 7.5754e+06  |              1 |                0 |            1 |           0 |       2 |            0 |
+---------+---------------------------+---------+---------+---------+---------+-------------+----------------+------------------+--------------+-------------+---------+--------------+
|      99 | 2023-03-24 00:00:00-04:00 | 22.806  | 23.5816 | 21.7555 | 22.0795 | 5.6407e+06  |              1 |                0 |            1 |           1 |       3 |            1 |
+---------+---------------------------+---------+---------+---------+---------+-------------+----------------+------------------+--------------+-------------+---------+--------------+
|     100 | 2023-03-27 00:00:00-04:00 | 21.6377 | 22.0108 | 20.813  | 21.2941 | 4.2151e+06  |              0 |                0 |            1 |           1 |       2 |           -1 |
+---------+---------------------------+---------+---------+---------+---------+-------------+----------------+------------------+--------------+-------------+---------+--------------+
|     101 | 2023-03-28 00:00:00-04:00 | 21.3726 | 21.8635 | 20.8641 | 21.7163 | 3.8874e+06  |              0 |                0 |            1 |           1 |       2 |            0 |
+---------+---------------------------+---------+---------+---------+---------+-------------+----------------+------------------+--------------+-------------+---------+--------------+
|     102 | 2023-03-29 00:00:00-04:00 | 21.0781 | 21.7457 | 20.1258 | 20.1356 | 4.8241e+06  |              0 |                0 |            1 |           1 |       2 |            0 |
+---------+---------------------------+---------+---------+---------+---------+-------------+----------------+------------------+--------------+-------------+---------+--------------+
|     103 | 2023-03-30 00:00:00-04:00 | 19.9786 | 21.9519 | 19.8607 | 21.4217 | 4.7324e+06  |              0 |                0 |            0 |           1 |       1 |           -1 |
+---------+---------------------------+---------+---------+---------+---------+-------------+----------------+------------------+--------------+-------------+---------+--------------+
|     104 | 2023-03-31 00:00:00-04:00 | 21.0388 | 21.3334 | 19.9344 | 20.2338 | 4.7282e+06  |              0 |                0 |            0 |           1 |       1 |            0 |
+---------+---------------------------+---------+---------+---------+---------+-------------+----------------+------------------+--------------+-------------+---------+--------------+
|     105 | 2023-04-03 00:00:00-04:00 | 20.2044 | 20.387  | 19.1441 | 19.4386 | 4.0359e+06  |              0 |                0 |            0 |           1 |       1 |            0 |
+---------+---------------------------+---------+---------+---------+---------+-------------+----------------+------------------+--------------+-------------+---------+--------------+
|     106 | 2023-04-04 00:00:00-04:00 | 19.3502 | 21.2941 | 19.3502 | 20.6658 | 4.5094e+06  |              0 |                0 |            0 |           1 |       1 |            0 |
+---------+---------------------------+---------+---------+---------+---------+-------------+----------------+------------------+--------------+-------------+---------+--------------+
|     107 | 2023-04-05 00:00:00-04:00 | 21.0094 | 21.4217 | 20.1651 | 21.0487 | 4.5325e+06  |              0 |                0 |            0 |           1 |       1 |            0 |
+---------+---------------------------+---------+---------+---------+---------+-------------+----------------+------------------+--------------+-------------+---------+--------------+
|     108 | 2023-04-06 00:00:00-04:00 | 21.1076 | 21.4806 | 19.792  | 19.9295 | 4.7936e+06  |              0 |                0 |            0 |           1 |       1 |            0 |
+---------+---------------------------+---------+---------+---------+---------+-------------+----------------+------------------+--------------+-------------+---------+--------------+
|     109 | 2023-04-10 00:00:00-04:00 | 20.1847 | 20.9996 | 20.1356 | 20.44   | 4.2968e+06  |              0 |                0 |            0 |           1 |       1 |            0 |
+---------+---------------------------+---------+---------+---------+---------+-------------+----------------+------------------+--------------+-------------+---------+--------------+
|     110 | 2023-04-11 00:00:00-04:00 | 20.4105 | 20.4891 | 19.6045 | 19.8411 | 3.7115e+06  |              0 |                0 |            0 |           1 |       1 |            0 |
+---------+---------------------------+---------+---------+---------+---------+-------------+----------------+------------------+--------------+-------------+---------+--------------+
|     111 | 2023-04-12 00:00:00-04:00 | 19.3404 | 20.7659 | 19.203  | 20.7345 | 4.7871e+06  |              0 |                0 |            0 |           1 |       1 |            0 |
+---------+---------------------------+---------+---------+---------+---------+-------------+----------------+------------------+--------------+-------------+---------+--------------+
|     112 | 2023-04-13 00:00:00-04:00 | 20.4498 | 20.5774 | 17.3917 | 17.8482 | 1.11292e+07 |              0 |                0 |            0 |           1 |       1 |            0 |
+---------+---------------------------+---------+---------+---------+---------+-------------+----------------+------------------+--------------+-------------+---------+--------------+
|     113 | 2023-04-14 00:00:00-04:00 | 17.9463 | 19.2128 | 17.7893 | 18.6237 | 6.9658e+06  |              0 |                0 |            0 |           1 |       1 |            0 |
+---------+---------------------------+---------+---------+---------+---------+-------------+----------------+------------------+--------------+-------------+---------+--------------+
|     114 | 2023-04-17 00:00:00-04:00 | 17.7794 | 17.8678 | 15.865  | 16.081  | 1.09214e+07 |              0 |                0 |            0 |           1 |       1 |            0 |
+---------+---------------------------+---------+---------+---------+---------+-------------+----------------+------------------+--------------+-------------+---------+--------------+
|     115 | 2023-04-18 00:00:00-04:00 | 15.757  | 16.7879 | 15.7325 | 16.3068 | 7.6917e+06  |              0 |                0 |            0 |           1 |       1 |            0 |
+---------+---------------------------+---------+---------+---------+---------+-------------+----------------+------------------+--------------+-------------+---------+--------------+
|     116 | 2023-04-19 00:00:00-04:00 | 16.7093 | 16.8271 | 15.4822 | 15.757  | 6.6612e+06  |              0 |                1 |            0 |           1 |       1 |            0 |
+---------+---------------------------+---------+---------+---------+---------+-------------+----------------+------------------+--------------+-------------+---------+--------------+
|     117 | 2023-04-20 00:00:00-04:00 | 16.2185 | 16.8075 | 16.1399 | 16.6308 | 7.9923e+06  |              0 |                1 |            0 |           1 |       1 |            0 |
+---------+---------------------------+---------+---------+---------+---------+-------------+----------------+------------------+--------------+-------------+---------+--------------+
|     118 | 2023-04-21 00:00:00-04:00 | 16.6112 | 16.7044 | 15.4547 | 15.5116 | 7.2482e+06  |              0 |                1 |            0 |           0 |       0 |           -1 |
+---------+---------------------------+---------+---------+---------+---------+-------------+----------------+------------------+--------------+-------------+---------+--------------+
|     119 | 2023-04-24 00:00:00-04:00 | 15.5607 | 16.513  | 15.5018 | 15.9632 | 6.7146e+06  |              0 |                1 |            0 |           0 |       0 |            0 |
+---------+---------------------------+---------+---------+---------+---------+-------------+----------------+------------------+--------------+-------------+---------+--------------+
|     120 | 2023-04-25 00:00:00-04:00 | 16.081  | 17.0431 | 15.5705 | 16.7388 | 6.2893e+06  |              0 |                1 |            0 |           0 |       0 |            0 |
+---------+---------------------------+---------+---------+---------+---------+-------------+----------------+------------------+--------------+-------------+---------+--------------+
|     121 | 2023-04-26 00:00:00-04:00 | 16.8271 | 17.6715 | 16.4835 | 17.1609 | 4.8353e+06  |              0 |                1 |            0 |           0 |       0 |            0 |
+---------+---------------------------+---------+---------+---------+---------+-------------+----------------+------------------+--------------+-------------+---------+--------------+
|     122 | 2023-04-27 00:00:00-04:00 | 17.0912 | 17.9562 | 17.0912 | 17.5733 | 4.3352e+06  |              1 |                1 |            0 |           1 |       2 |            2 |
+---------+---------------------------+---------+---------+---------+---------+-------------+----------------+------------------+--------------+-------------+---------+--------------+
|     123 | 2023-04-28 00:00:00-04:00 | 17.7304 | 18.1427 | 16.1694 | 16.5817 | 5.6781e+06  |              0 |                1 |            0 |           1 |       1 |           -1 |
+---------+---------------------------+---------+---------+---------+---------+-------------+----------------+------------------+--------------+-------------+---------+--------------+
|     124 | 2023-05-01 00:00:00-04:00 | 16.5523 | 16.7977 | 15.0698 | 15.3938 | 7.9504e+06  |              0 |                1 |            0 |           1 |       1 |            0 |
+---------+---------------------------+---------+---------+---------+---------+-------------+----------------+------------------+--------------+-------------+---------+--------------+
|     125 | 2023-05-02 00:00:00-04:00 | 15.6392 | 16.8144 | 15.3938 | 16.6701 | 8.5084e+06  |              0 |                1 |            0 |           1 |       1 |            0 |
+---------+---------------------------+---------+---------+---------+---------+-------------+----------------+------------------+--------------+-------------+---------+--------------+
|     126 | 2023-05-03 00:00:00-04:00 | 15.8945 | 15.9338 | 13.7641 | 14.4317 | 1.79629e+07 |              0 |                1 |            0 |           1 |       1 |            0 |
+---------+---------------------------+---------+---------+---------+---------+-------------+----------------+------------------+--------------+-------------+---------+--------------+
|     127 | 2023-05-04 00:00:00-04:00 | 14.5986 | 15.1091 | 13.8426 | 14.0488 | 9.8888e+06  |              0 |                1 |            0 |           1 |       1 |            0 |
+---------+---------------------------+---------+---------+---------+---------+-------------+----------------+------------------+--------------+-------------+---------+--------------+
|     128 | 2023-05-05 00:00:00-04:00 | 13.6365 | 13.8426 | 13.0818 | 13.4107 | 9.4995e+06  |              1 |                1 |            0 |           1 |       2 |            1 |
+---------+---------------------------+---------+---------+---------+---------+-------------+----------------+------------------+--------------+-------------+---------+--------------+
|     129 | 2023-05-08 00:00:00-04:00 | 13.3321 | 13.9585 | 13.3125 | 13.5776 | 7.3989e+06  |              1 |                1 |            0 |           1 |       2 |            0 |
+---------+---------------------------+---------+---------+---------+---------+-------------+----------------+------------------+--------------+-------------+---------+--------------+
|     130 | 2023-05-09 00:00:00-04:00 | 13.8917 | 14.0773 | 12.802  | 13.0965 | 7.4207e+06  |              1 |                1 |            0 |           1 |       2 |            0 |
+---------+---------------------------+---------+---------+---------+---------+-------------+----------------+------------------+--------------+-------------+---------+--------------+
|     131 | 2023-05-10 00:00:00-04:00 | 12.4348 | 12.9198 | 12.1933 | 12.5173 | 1.04493e+07 |              0 |                1 |            0 |           1 |       1 |           -1 |
+---------+---------------------------+---------+---------+---------+---------+-------------+----------------+------------------+--------------+-------------+---------+--------------+
|     132 | 2023-05-11 00:00:00-04:00 | 12.6744 | 13.234  | 12.478  | 13.0474 | 8.9754e+06  |              1 |                1 |            0 |           1 |       2 |            1 |
+---------+---------------------------+---------+---------+---------+---------+-------------+----------------+------------------+--------------+-------------+---------+--------------+
|     133 | 2023-05-12 00:00:00-04:00 | 12.9198 | 13.6905 | 12.91   | 13.3125 | 6.3746e+06  |              1 |                1 |            0 |           1 |       2 |            0 |
+---------+---------------------------+---------+---------+---------+---------+-------------+----------------+------------------+--------------+-------------+---------+--------------+
|     134 | 2023-05-15 00:00:00-04:00 | 13.1947 | 13.3027 | 11.9773 | 12.4191 | 1.27751e+07 |              0 |                1 |            0 |           0 |       0 |           -2 |
+---------+---------------------------+---------+---------+---------+---------+-------------+----------------+------------------+--------------+-------------+---------+--------------+
|     135 | 2023-05-16 00:00:00-04:00 | 13.0769 | 13.7405 | 13.0671 | 13.4499 | 1.01974e+07 |              0 |                1 |            0 |           0 |       0 |            0 |
+---------+---------------------------+---------+---------+---------+---------+-------------+----------------+------------------+--------------+-------------+---------+--------------+
|     136 | 2023-05-17 00:00:00-04:00 | 13.3321 | 14.1175 | 13.1397 | 13.175  | 6.9206e+06  |              0 |                1 |            0 |           1 |       1 |            1 |
+---------+---------------------------+---------+---------+---------+---------+-------------+----------------+------------------+--------------+-------------+---------+--------------+
|     137 | 2023-05-18 00:00:00-04:00 | 13.3714 | 14.3335 | 13.283  | 13.6267 | 1.04918e+07 |              1 |                1 |            1 |           1 |       3 |            2 |
+---------+---------------------------+---------+---------+---------+---------+-------------+----------------+------------------+--------------+-------------+---------+--------------+
|     138 | 2023-05-19 00:00:00-04:00 | 13.283  | 13.5481 | 12.9591 | 13.3027 | 5.7104e+06  |              1 |                1 |            1 |           1 |       3 |            0 |
+---------+---------------------------+---------+---------+---------+---------+-------------+----------------+------------------+--------------+-------------+---------+--------------+
|     139 | 2023-05-22 00:00:00-04:00 | 13.0769 | 13.1417 | 12.1982 | 12.37   | 7.9479e+06  |              0 |                1 |            1 |           0 |       1 |           -2 |
+---------+---------------------------+---------+---------+---------+---------+-------------+----------------+------------------+--------------+-------------+---------+--------------+
|     140 | 2023-05-23 00:00:00-04:00 | 12.3985 | 12.4289 | 11.4275 | 12.3798 | 1.52186e+07 |              1 |                1 |            1 |           0 |       2 |            1 |
+---------+---------------------------+---------+---------+---------+---------+-------------+----------------+------------------+--------------+-------------+---------+--------------+
|     141 | 2023-05-24 00:00:00-04:00 | 12.7431 | 13.391  | 12.6056 | 13.0867 | 1.07336e+07 |              1 |                1 |            1 |           0 |       2 |            0 |
+---------+---------------------------+---------+---------+---------+---------+-------------+----------------+------------------+--------------+-------------+---------+--------------+
|     142 | 2023-05-25 00:00:00-04:00 | 13.175  | 14.5495 | 13.0867 | 14.1273 | 9.1954e+06  |              1 |                1 |            1 |           0 |       2 |            0 |
+---------+---------------------------+---------+---------+---------+---------+-------------+----------------+------------------+--------------+-------------+---------+--------------+
|     143 | 2023-05-26 00:00:00-04:00 | 14.1273 | 14.3924 | 13.6561 | 13.7936 | 5.2954e+06  |              1 |                1 |            1 |           0 |       2 |            0 |
+---------+---------------------------+---------+---------+---------+---------+-------------+----------------+------------------+--------------+-------------+---------+--------------+
|     144 | 2023-05-30 00:00:00-04:00 | 13.5383 | 14.5691 | 13.126  | 14.2746 | 5.6019e+06  |              1 |                1 |            1 |           1 |       3 |            1 |
+---------+---------------------------+---------+---------+---------+---------+-------------+----------------+------------------+--------------+-------------+---------+--------------+
|     145 | 2023-05-31 00:00:00-04:00 | 14.1764 | 14.4219 | 13.0965 | 13.8426 | 5.2489e+06  |              1 |                1 |            1 |           1 |       3 |            0 |
+---------+---------------------------+---------+---------+---------+---------+-------------+----------------+------------------+--------------+-------------+---------+--------------+
|     146 | 2023-06-01 00:00:00-04:00 | 13.8132 | 14.3237 | 13.1603 | 13.3714 | 5.5004e+06  |              1 |                1 |            1 |           1 |       3 |            0 |
+---------+---------------------------+---------+---------+---------+---------+-------------+----------------+------------------+--------------+-------------+---------+--------------+
|     147 | 2023-06-02 00:00:00-04:00 | 13.0376 | 13.5383 | 12.7627 | 12.7627 | 5.8056e+06  |              1 |                1 |            1 |           1 |       3 |            0 |
+---------+---------------------------+---------+---------+---------+---------+-------------+----------------+------------------+--------------+-------------+---------+--------------+
|     148 | 2023-06-05 00:00:00-04:00 | 13.0082 | 13.0965 | 12.4338 | 12.6645 | 4.7632e+06  |              1 |                1 |            1 |           1 |       3 |            0 |
+---------+---------------------------+---------+---------+---------+---------+-------------+----------------+------------------+--------------+-------------+---------+--------------+
|     149 | 2023-06-06 00:00:00-04:00 | 12.5958 | 12.8707 | 11.9871 | 12.0853 | 7.1505e+06  |              0 |                1 |            1 |           1 |       2 |           -1 |
+---------+---------------------------+---------+---------+---------+---------+-------------+----------------+------------------+--------------+-------------+---------+--------------+
|     150 | 2023-06-07 00:00:00-04:00 | 12.0362 | 12.5055 | 11.7515 | 12.0362 | 8.8143e+06  |              0 |                1 |            1 |           1 |       2 |            0 |
+---------+---------------------------+---------+---------+---------+---------+-------------+----------------+------------------+--------------+-------------+---------+--------------+
|     151 | 2023-06-08 00:00:00-04:00 | 11.997  | 12.3857 | 11.8251 | 12.0068 | 7.035e+06   |              0 |                1 |            1 |           1 |       2 |            0 |
+---------+---------------------------+---------+---------+---------+---------+-------------+----------------+------------------+--------------+-------------+---------+--------------+
|     152 | 2023-06-09 00:00:00-04:00 | 11.9675 | 12.424  | 11.781  | 12.2326 | 6.3694e+06  |              0 |                1 |            1 |           1 |       2 |            0 |
+---------+---------------------------+---------+---------+---------+---------+-------------+----------------+------------------+--------------+-------------+---------+--------------+
|     153 | 2023-06-12 00:00:00-04:00 | 11.8399 | 12.2326 | 11.2214 | 11.8301 | 1.02642e+07 |              1 |                1 |            1 |           1 |       3 |            1 |
+---------+---------------------------+---------+---------+---------+---------+-------------+----------------+------------------+--------------+-------------+---------+--------------+
|     154 | 2023-06-13 00:00:00-04:00 | 11.6946 | 11.7535 | 10.9759 | 11.2017 | 9.0608e+06  |              0 |                1 |            0 |           1 |       1 |           -2 |
+---------+---------------------------+---------+---------+---------+---------+-------------+----------------+------------------+--------------+-------------+---------+--------------+
|     155 | 2023-06-14 00:00:00-04:00 | 11.1723 | 12.1246 | 11.025  | 11.7515 | 8.6152e+06  |              0 |                1 |            0 |           0 |       0 |           -1 |
+---------+---------------------------+---------+---------+---------+---------+-------------+----------------+------------------+--------------+-------------+---------+--------------+
|     156 | 2023-06-15 00:00:00-04:00 | 11.9577 | 12.1403 | 11.4963 | 11.6533 | 5.0707e+06  |              0 |                1 |            0 |           0 |       0 |            0 |
+---------+---------------------------+---------+---------+---------+---------+-------------+----------------+------------------+--------------+-------------+---------+--------------+
|     157 | 2023-06-16 00:00:00-04:00 | 11.4079 | 12.3091 | 11.3195 | 12.2522 | 6.6763e+06  |              0 |                1 |            1 |           0 |       1 |            1 |
+---------+---------------------------+---------+---------+---------+---------+-------------+----------------+------------------+--------------+-------------+---------+--------------+
|     158 | 2023-06-20 00:00:00-04:00 | 12.4289 | 12.7431 | 12.0362 | 12.2522 | 5.8279e+06  |              0 |                1 |            1 |           0 |       1 |            0 |
+---------+---------------------------+---------+---------+---------+---------+-------------+----------------+------------------+--------------+-------------+---------+--------------+
|     159 | 2023-06-21 00:00:00-04:00 | 12.4402 | 12.945  | 12.1928 | 12.4205 | 6.7784e+06  |              0 |                1 |            1 |           0 |       1 |            0 |
+---------+---------------------------+---------+---------+---------+---------+-------------+----------------+------------------+--------------+-------------+---------+--------------+
|     160 | 2023-06-22 00:00:00-04:00 | 12.559  | 12.8262 | 12.3116 | 12.6382 | 5.7642e+06  |              1 |                1 |            1 |           0 |       2 |            1 |
+---------+---------------------------+---------+---------+---------+---------+-------------+----------------+------------------+--------------+-------------+---------+--------------+
|     161 | 2023-06-23 00:00:00-04:00 | 12.9648 | 13.419  | 12.9252 | 13.331  | 5.365e+06   |              1 |                1 |            1 |           0 |       2 |            0 |
+---------+---------------------------+---------+---------+---------+---------+-------------+----------------+------------------+--------------+-------------+---------+--------------+
|     162 | 2023-06-26 00:00:00-04:00 | 13.4695 | 14.3553 | 13.4398 | 14.2909 | 5.2889e+06  |              1 |                1 |            1 |           0 |       2 |            0 |
+---------+---------------------------+---------+---------+---------+---------+-------------+----------------+------------------+--------------+-------------+---------+--------------+
|     163 | 2023-06-27 00:00:00-04:00 | 14.2514 | 14.8551 | 14.1623 | 14.4097 | 4.902e+06   |              1 |                1 |            1 |           0 |       2 |            0 |
+---------+---------------------------+---------+---------+---------+---------+-------------+----------------+------------------+--------------+-------------+---------+--------------+
|     164 | 2023-06-28 00:00:00-04:00 | 14.3988 | 14.6967 | 13.8456 | 13.8654 | 4.1313e+06  |              1 |                1 |            1 |           0 |       2 |            0 |
+---------+---------------------------+---------+---------+---------+---------+-------------+----------------+------------------+--------------+-------------+---------+--------------+
|     165 | 2023-06-29 00:00:00-04:00 | 13.994  | 14.5829 | 13.8753 | 14.5186 | 5.2345e+06  |              1 |                1 |            1 |           0 |       2 |            0 |
+---------+---------------------------+---------+---------+---------+---------+-------------+----------------+------------------+--------------+-------------+---------+--------------+
|     166 | 2023-06-30 00:00:00-04:00 | 14.1029 | 14.4909 | 13.8377 | 14.2217 | 4.9758e+06  |              1 |                1 |            1 |           0 |       2 |            0 |
+---------+---------------------------+---------+---------+---------+---------+-------------+----------------+------------------+--------------+-------------+---------+--------------+
|     167 | 2023-07-03 00:00:00-04:00 | 14.2909 | 14.5977 | 14.093  | 14.38   | 2.3771e+06  |              1 |                1 |            1 |           0 |       2 |            0 |
+---------+---------------------------+---------+---------+---------+---------+-------------+----------------+------------------+--------------+-------------+---------+--------------+
|     168 | 2023-07-05 00:00:00-04:00 | 14.3998 | 14.6848 | 14.094  | 14.3602 | 3.7967e+06  |              1 |                1 |            1 |           0 |       2 |            0 |
+---------+---------------------------+---------+---------+---------+---------+-------------+----------------+------------------+--------------+-------------+---------+--------------+
|     169 | 2023-07-06 00:00:00-04:00 | 14.6868 | 15.4885 | 14.6571 | 15.0233 | 5.3737e+06  |              1 |                1 |            1 |           1 |       3 |            1 |
+---------+---------------------------+---------+---------+---------+---------+-------------+----------------+------------------+--------------+-------------+---------+--------------+
|     170 | 2023-07-07 00:00:00-04:00 | 14.9342 | 15.1371 | 14.4295 | 14.9936 | 4.2316e+06  |              1 |                1 |            1 |           1 |       3 |            0 |
+---------+---------------------------+---------+---------+---------+---------+-------------+----------------+------------------+--------------+-------------+---------+--------------+
|     171 | 2023-07-10 00:00:00-04:00 | 15.1223 | 15.2014 | 13.5784 | 13.6773 | 6.8577e+06  |              0 |                1 |            1 |           1 |       2 |           -1 |
+---------+---------------------------+---------+---------+---------+---------+-------------+----------------+------------------+--------------+-------------+---------+--------------+
|     172 | 2023-07-11 00:00:00-04:00 | 13.8258 | 14.188  | 13.7654 | 13.8456 | 5.0126e+06  |              0 |                1 |            1 |           1 |       2 |            0 |
+---------+---------------------------+---------+---------+---------+---------+-------------+----------------+------------------+--------------+-------------+---------+--------------+
|     173 | 2023-07-12 00:00:00-04:00 | 13.2122 | 13.7268 | 13.1528 | 13.42   | 4.5833e+06  |              0 |                1 |            1 |           1 |       2 |            0 |
+---------+---------------------------+---------+---------+---------+---------+-------------+----------------+------------------+--------------+-------------+---------+--------------+
|     174 | 2023-07-13 00:00:00-04:00 | 13.2914 | 13.5289 | 13.1231 | 13.4596 | 4.6942e+06  |              0 |                1 |            0 |           1 |       1 |           -1 |
+---------+---------------------------+---------+---------+---------+---------+-------------+----------------+------------------+--------------+-------------+---------+--------------+
|     175 | 2023-07-14 00:00:00-04:00 | 13.3409 | 14.1326 | 13.3013 | 13.5982 | 4.154e+06   |              0 |                1 |            0 |           1 |       1 |            0 |
+---------+---------------------------+---------+---------+---------+---------+-------------+----------------+------------------+--------------+-------------+---------+--------------+
|     176 | 2023-07-17 00:00:00-04:00 | 13.3211 | 13.4299 | 12.4699 | 12.9945 | 7.6422e+06  |              0 |                1 |            0 |           1 |       1 |            0 |
+---------+---------------------------+---------+---------+---------+---------+-------------+----------------+------------------+--------------+-------------+---------+--------------+
|     177 | 2023-07-18 00:00:00-04:00 | 12.9054 | 13.1231 | 12.559  | 13.0538 | 5.6113e+06  |              0 |                1 |            0 |           0 |       0 |           -1 |
+---------+---------------------------+---------+---------+---------+---------+-------------+----------------+------------------+--------------+-------------+---------+--------------+
|     178 | 2023-07-19 00:00:00-04:00 | 12.9638 | 13.0439 | 12.5392 | 12.9747 | 5.7078e+06  |              0 |                1 |            0 |           0 |       0 |            0 |
+---------+---------------------------+---------+---------+---------+---------+-------------+----------------+------------------+--------------+-------------+---------+--------------+
|     179 | 2023-07-20 00:00:00-04:00 | 13.1627 | 13.7367 | 13.0143 | 13.6081 | 5.447e+06   |              0 |                1 |            0 |           0 |       0 |            0 |
+---------+---------------------------+---------+---------+---------+---------+-------------+----------------+------------------+--------------+-------------+---------+--------------+
|     180 | 2023-07-21 00:00:00-04:00 | 13.3903 | 13.7367 | 13.0143 | 13.3606 | 4.3184e+06  |              0 |                1 |            0 |           0 |       0 |            0 |
+---------+---------------------------+---------+---------+---------+---------+-------------+----------------+------------------+--------------+-------------+---------+--------------+
|     181 | 2023-07-24 00:00:00-04:00 | 13.3409 | 14.2514 | 13.1726 | 14.0435 | 4.6066e+06  |              0 |                1 |            0 |           0 |       0 |            0 |
+---------+---------------------------+---------+---------+---------+---------+-------------+----------------+------------------+--------------+-------------+---------+--------------+
|     182 | 2023-07-25 00:00:00-04:00 | 14.1524 | 14.281  | 13.8258 | 14.192  | 2.943e+06   |              0 |                1 |            1 |           0 |       1 |            1 |
+---------+---------------------------+---------+---------+---------+---------+-------------+----------------+------------------+--------------+-------------+---------+--------------+
|     183 | 2023-07-26 00:00:00-04:00 | 14.3008 | 14.479  | 14.1128 | 14.2514 | 3.6244e+06  |              0 |                1 |            1 |           0 |       1 |            0 |
+---------+---------------------------+---------+---------+---------+---------+-------------+----------------+------------------+--------------+-------------+---------+--------------+
|     184 | 2023-07-27 00:00:00-04:00 | 14.0534 | 15.1223 | 14.0534 | 14.954  | 4.2723e+06  |              1 |                1 |            1 |           1 |       3 |            2 |
+---------+---------------------------+---------+---------+---------+---------+-------------+----------------+------------------+--------------+-------------+---------+--------------+
|     185 | 2023-07-28 00:00:00-04:00 | 14.5779 | 14.6868 | 13.7367 | 13.8456 | 5.1277e+06  |              1 |                1 |            1 |           0 |       2 |           -1 |
+---------+---------------------------+---------+---------+---------+---------+-------------+----------------+------------------+--------------+-------------+---------+--------------+
|     186 | 2023-07-31 00:00:00-04:00 | 13.7169 | 14.0039 | 13.5289 | 13.6081 | 3.8395e+06  |              0 |                1 |            1 |           0 |       1 |           -1 |
+---------+---------------------------+---------+---------+---------+---------+-------------+----------------+------------------+--------------+-------------+---------+--------------+
|     187 | 2023-08-01 00:00:00-04:00 | 13.9149 | 14.4107 | 13.8555 | 14.0831 | 3.9278e+06  |              1 |                1 |            1 |           0 |       2 |            1 |
+---------+---------------------------+---------+---------+---------+---------+-------------+----------------+------------------+--------------+-------------+---------+--------------+
|     188 | 2023-08-02 00:00:00-04:00 | 14.3998 | 15.0035 | 14.2217 | 14.7264 | 4.4514e+06  |              1 |                1 |            1 |           0 |       2 |            0 |
+---------+---------------------------+---------+---------+---------+---------+-------------+----------------+------------------+--------------+-------------+---------+--------------+
|     189 | 2023-08-03 00:00:00-04:00 | 14.9837 | 15.2311 | 14.6126 | 15.2113 | 3.8358e+06  |              1 |                1 |            1 |           0 |       2 |            0 |
+---------+---------------------------+---------+---------+---------+---------+-------------+----------------+------------------+--------------+-------------+---------+--------------+
|     190 | 2023-08-04 00:00:00-04:00 | 14.9936 | 15.2905 | 14.6967 | 15.2509 | 4.3529e+06  |              1 |                1 |            1 |           0 |       2 |            0 |
+---------+---------------------------+---------+---------+---------+---------+-------------+----------------+------------------+--------------+-------------+---------+--------------+
|     191 | 2023-08-07 00:00:00-04:00 | 15.2925 | 16.7255 | 15.2925 | 16.587  | 5.0374e+06  |              1 |                1 |            1 |           0 |       2 |            0 |
+---------+---------------------------+---------+---------+---------+---------+-------------+----------------+------------------+--------------+-------------+---------+--------------+
|     192 | 2023-08-08 00:00:00-04:00 | 16.6761 | 16.8839 | 16.0526 | 16.2406 | 3.6288e+06  |              1 |                1 |            1 |           0 |       2 |            0 |
+---------+---------------------------+---------+---------+---------+---------+-------------+----------------+------------------+--------------+-------------+---------+--------------+
|     193 | 2023-08-09 00:00:00-04:00 | 16.1119 | 16.587  | 15.6567 | 16.2307 | 3.4008e+06  |              1 |                1 |            1 |           0 |       2 |            0 |
+---------+---------------------------+---------+---------+---------+---------+-------------+----------------+------------------+--------------+-------------+---------+--------------+
|     194 | 2023-08-10 00:00:00-04:00 | 16.1812 | 16.2802 | 15.241  | 15.8843 | 4.4224e+06  |              1 |                1 |            1 |           0 |       2 |            0 |
+---------+---------------------------+---------+---------+---------+---------+-------------+----------------+------------------+--------------+-------------+---------+--------------+
|     195 | 2023-08-11 00:00:00-04:00 | 16.0427 | 16.2208 | 15.5478 | 15.8843 | 3.6017e+06  |              1 |                1 |            1 |           0 |       2 |            0 |
+---------+---------------------------+---------+---------+---------+---------+-------------+----------------+------------------+--------------+-------------+---------+--------------+
|     196 | 2023-08-14 00:00:00-04:00 | 16.2406 | 16.8641 | 15.6765 | 15.815  | 3.7309e+06  |              1 |                1 |            1 |           0 |       2 |            0 |
+---------+---------------------------+---------+---------+---------+---------+-------------+----------------+------------------+--------------+-------------+---------+--------------+
|     197 | 2023-08-15 00:00:00-04:00 | 15.8843 | 16.3891 | 15.6468 | 15.9239 | 3.3285e+06  |              1 |                1 |            1 |           0 |       2 |            0 |
+---------+---------------------------+---------+---------+---------+---------+-------------+----------------+------------------+--------------+-------------+---------+--------------+
|     198 | 2023-08-16 00:00:00-04:00 | 16.1119 | 17.1511 | 15.9833 | 16.9829 | 3.7389e+06  |              1 |                1 |            1 |           0 |       2 |            0 |
+---------+---------------------------+---------+---------+---------+---------+-------------+----------------+------------------+--------------+-------------+---------+--------------+
|     199 | 2023-08-17 00:00:00-04:00 | 16.9631 | 17.7944 | 16.8839 | 17.7845 | 4.1436e+06  |              1 |                0 |            1 |           0 |       2 |            0 |
+---------+---------------------------+---------+---------+---------+---------+-------------+----------------+------------------+--------------+-------------+---------+--------------+
|     200 | 2023-08-18 00:00:00-04:00 | 18.309  | 18.4971 | 17.0126 | 17.4183 | 3.1286e+06  |              1 |                0 |            1 |           1 |       3 |            1 |
+---------+---------------------------+---------+---------+---------+---------+-------------+----------------+------------------+--------------+-------------+---------+--------------+
|     201 | 2023-08-21 00:00:00-04:00 | 17.448  | 17.8439 | 16.4089 | 16.7453 | 3.0669e+06  |              1 |                0 |            1 |           0 |       2 |           -1 |
+---------+---------------------------+---------+---------+---------+---------+-------------+----------------+------------------+--------------+-------------+---------+--------------+
|     202 | 2023-08-22 00:00:00-04:00 | 16.6959 | 17.2283 | 16.3495 | 16.7651 | 2.9262e+06  |              0 |                0 |            1 |           0 |       1 |           -1 |
+---------+---------------------------+---------+---------+---------+---------+-------------+----------------+------------------+--------------+-------------+---------+--------------+
|     203 | 2023-08-23 00:00:00-04:00 | 16.4286 | 16.5375 | 15.8546 | 16.4682 | 2.668e+06   |              0 |                0 |            1 |           0 |       1 |            0 |
+---------+---------------------------+---------+---------+---------+---------+-------------+----------------+------------------+--------------+-------------+---------+--------------+
|     204 | 2023-08-24 00:00:00-04:00 | 16.5276 | 17.3293 | 16.4979 | 17.2303 | 3.3447e+06  |              0 |                0 |            1 |           0 |       1 |            0 |
+---------+---------------------------+---------+---------+---------+---------+-------------+----------------+------------------+--------------+-------------+---------+--------------+
|     205 | 2023-08-25 00:00:00-04:00 | 17.0323 | 17.5272 | 16.2901 | 16.587  | 3.9509e+06  |              0 |                0 |            0 |           0 |       0 |           -1 |
+---------+---------------------------+---------+---------+---------+---------+-------------+----------------+------------------+--------------+-------------+---------+--------------+

Still holding position
Buy Price: 16.586994171142578 Buy Date: 2023-08-25 00:00:00-04:00

  Buy Price  Buy Time                     Sell Price  Sell Time                    Profit    Trade Length
-----------  -------------------------  ------------  -------------------------  --------  --------------
    19.4932  2022-10-31 00:00:00-04:00       20.1314  2022-11-02 00:00:00-04:00  0.638168               2
    17.4143  2022-11-15 00:00:00-05:00       19.2321  2022-11-18 00:00:00-05:00  1.81782                3
    17.1436  2022-12-14 00:00:00-05:00       18.6616  2022-12-15 00:00:00-05:00  1.51807                1
    15.5116  2023-04-21 00:00:00-04:00       17.5733  2023-04-27 00:00:00-04:00  2.06167                4
    12.4191  2023-05-15 00:00:00-04:00       13.175   2023-05-17 00:00:00-04:00  0.755946               2
    11.7515  2023-06-14 00:00:00-04:00       12.2522  2023-06-16 00:00:00-04:00  0.50069                2
    13.0538  2023-07-18 00:00:00-04:00       14.192   2023-07-25 00:00:00-04:00  1.13813                5
Total Profit: 8.43049144744873 Median Trade Length: 2.0 Average Trade Length: 2.7142857142857144
