Trading Output for labd for the last 300 days
+---------+---------------------------+---------+---------+---------+---------+------------+----------------+------------------+--------------+-------------+---------+--------------+
|   Index | Timestamp                 |    Open |    High |     Low |   Close |     Volume |   RSIEMA Cross |   SMA/VWAP Cross |   MACD Cross |   KNN EMA X |   Total |   Total Diff |
+=========+===========================+=========+=========+=========+=========+============+================+==================+==============+=============+=========+==============+
|       0 | 2023-09-12 00:00:00-04:00 | 16.5771 | 16.6563 | 15.8546 | 16.3396 | 2.8646e+06 |              0 |                1 |            0 |           0 |       1 |            0 |
+---------+---------------------------+---------+---------+---------+---------+------------+----------------+------------------+--------------+-------------+---------+--------------+
|       1 | 2023-09-13 00:00:00-04:00 | 16.1713 | 16.8542 | 15.5874 | 16.7948 | 2.8754e+06 |              0 |                1 |            1 |           0 |       2 |            1 |
+---------+---------------------------+---------+---------+---------+---------+------------+----------------+------------------+--------------+-------------+---------+--------------+
|       2 | 2023-09-14 00:00:00-04:00 | 16.6464 | 17.161  | 16.488  | 16.8839 | 2.8148e+06 |              0 |                1 |            1 |           0 |       2 |            0 |
+---------+---------------------------+---------+---------+---------+---------+------------+----------------+------------------+--------------+-------------+---------+--------------+
|       3 | 2023-09-15 00:00:00-04:00 | 17.0126 | 17.8637 | 16.8245 | 17.6361 | 3.1017e+06 |              0 |                1 |            1 |           0 |       2 |            0 |
+---------+---------------------------+---------+---------+---------+---------+------------+----------------+------------------+--------------+-------------+---------+--------------+
|       4 | 2023-09-18 00:00:00-04:00 | 17.6361 | 18.6356 | 17.4084 | 18.408  | 3.24e+06   |              0 |                1 |            1 |           0 |       2 |            0 |
+---------+---------------------------+---------+---------+---------+---------+------------+----------------+------------------+--------------+-------------+---------+--------------+
|       5 | 2023-09-19 00:00:00-04:00 | 18.35   | 18.74   | 18.22   | 18.38   | 2.5024e+06 |              0 |                0 |            1 |           0 |       1 |           -1 |
+---------+---------------------------+---------+---------+---------+---------+------------+----------------+------------------+--------------+-------------+---------+--------------+
|       6 | 2023-09-20 00:00:00-04:00 | 18.26   | 19.61   | 18.21   | 19.59   | 3.1349e+06 |              0 |                0 |            1 |           0 |       1 |            0 |
+---------+---------------------------+---------+---------+---------+---------+------------+----------------+------------------+--------------+-------------+---------+--------------+
|       7 | 2023-09-21 00:00:00-04:00 | 20.08   | 20.79   | 19.85   | 20.14   | 5.2241e+06 |              0 |                0 |            1 |           0 |       1 |            0 |
+---------+---------------------------+---------+---------+---------+---------+------------+----------------+------------------+--------------+-------------+---------+--------------+
|       8 | 2023-09-22 00:00:00-04:00 | 19.87   | 20.849  | 19.69   | 20.84   | 3.2696e+06 |              0 |                0 |            1 |           0 |       1 |            0 |
+---------+---------------------------+---------+---------+---------+---------+------------+----------------+------------------+--------------+-------------+---------+--------------+
|       9 | 2023-09-25 00:00:00-04:00 | 21.13   | 21.9    | 21.09   | 21.68   | 3.2799e+06 |              0 |                0 |            1 |           0 |       1 |            0 |
+---------+---------------------------+---------+---------+---------+---------+------------+----------------+------------------+--------------+-------------+---------+--------------+
|      10 | 2023-09-26 00:00:00-04:00 | 21.01   | 21.14   | 19.32   | 20.46   | 4.5484e+06 |              0 |                0 |            1 |           0 |       1 |            0 |
+---------+---------------------------+---------+---------+---------+---------+------------+----------------+------------------+--------------+-------------+---------+--------------+
|      11 | 2023-09-27 00:00:00-04:00 | 20      | 20.55   | 19.19   | 19.84   | 3.3627e+06 |              0 |                0 |            1 |           0 |       1 |            0 |
+---------+---------------------------+---------+---------+---------+---------+------------+----------------+------------------+--------------+-------------+---------+--------------+
|      12 | 2023-09-28 00:00:00-04:00 | 19.83   | 20.947  | 19.8    | 20      | 4.8332e+06 |              0 |                0 |            1 |           0 |       1 |            0 |
+---------+---------------------------+---------+---------+---------+---------+------------+----------------+------------------+--------------+-------------+---------+--------------+
|      13 | 2023-09-29 00:00:00-04:00 | 19.59   | 20.806  | 19.29   | 20.6    | 4.325e+06  |              0 |                0 |            1 |           0 |       1 |            0 |
+---------+---------------------------+---------+---------+---------+---------+------------+----------------+------------------+--------------+-------------+---------+--------------+
|      14 | 2023-10-02 00:00:00-04:00 | 20.74   | 22.9    | 20.74   | 22.66   | 3.8146e+06 |              1 |                0 |            1 |           0 |       2 |            1 |
+---------+---------------------------+---------+---------+---------+---------+------------+----------------+------------------+--------------+-------------+---------+--------------+
|      15 | 2023-10-03 00:00:00-04:00 | 22.88   | 23.6    | 22.48   | 22.81   | 3.4897e+06 |              1 |                0 |            1 |           0 |       2 |            0 |
+---------+---------------------------+---------+---------+---------+---------+------------+----------------+------------------+--------------+-------------+---------+--------------+
|      16 | 2023-10-04 00:00:00-04:00 | 22.96   | 24.2    | 22.9    | 23.49   | 4.7553e+06 |              1 |                0 |            1 |           1 |       3 |            1 |
+---------+---------------------------+---------+---------+---------+---------+------------+----------------+------------------+--------------+-------------+---------+--------------+
|      17 | 2023-10-05 00:00:00-04:00 | 23.71   | 23.77   | 20.95   | 21.16   | 5.6312e+06 |              1 |                0 |            1 |           1 |       3 |            0 |
+---------+---------------------------+---------+---------+---------+---------+------------+----------------+------------------+--------------+-------------+---------+--------------+
|      18 | 2023-10-06 00:00:00-04:00 | 21.8    | 22.04   | 20.737  | 21.11   | 3.2041e+06 |              1 |                0 |            1 |           0 |       2 |           -1 |
+---------+---------------------------+---------+---------+---------+---------+------------+----------------+------------------+--------------+-------------+---------+--------------+
|      19 | 2023-10-09 00:00:00-04:00 | 21.67   | 22.7    | 21.49   | 21.52   | 3.3463e+06 |              1 |                0 |            1 |           0 |       2 |            0 |
+---------+---------------------------+---------+---------+---------+---------+------------+----------------+------------------+--------------+-------------+---------+--------------+
|      20 | 2023-10-10 00:00:00-04:00 | 22.04   | 22.29   | 20.93   | 21.32   | 3.0034e+06 |              1 |                0 |            0 |           0 |       1 |           -1 |
+---------+---------------------------+---------+---------+---------+---------+------------+----------------+------------------+--------------+-------------+---------+--------------+
|      21 | 2023-10-11 00:00:00-04:00 | 21.22   | 22.56   | 20.54   | 21.88   | 3.9786e+06 |              1 |                0 |            0 |           0 |       1 |            0 |
+---------+---------------------------+---------+---------+---------+---------+------------+----------------+------------------+--------------+-------------+---------+--------------+
|      22 | 2023-10-12 00:00:00-04:00 | 22.04   | 24.62   | 22.01   | 24.39   | 5.8616e+06 |              1 |                0 |            1 |           0 |       2 |            1 |
+---------+---------------------------+---------+---------+---------+---------+------------+----------------+------------------+--------------+-------------+---------+--------------+
|      23 | 2023-10-13 00:00:00-04:00 | 24.17   | 24.86   | 23.32   | 23.4    | 4.7904e+06 |              1 |                0 |            1 |           0 |       2 |            0 |
+---------+---------------------------+---------+---------+---------+---------+------------+----------------+------------------+--------------+-------------+---------+--------------+
|      24 | 2023-10-16 00:00:00-04:00 | 23.42   | 24.36   | 22.2    | 22.9    | 3.5535e+06 |              1 |                0 |            1 |           0 |       2 |            0 |
+---------+---------------------------+---------+---------+---------+---------+------------+----------------+------------------+--------------+-------------+---------+--------------+
|      25 | 2023-10-17 00:00:00-04:00 | 23.33   | 23.49   | 21.65   | 22.78   | 4.5034e+06 |              1 |                0 |            1 |           0 |       2 |            0 |
+---------+---------------------------+---------+---------+---------+---------+------------+----------------+------------------+--------------+-------------+---------+--------------+
|      26 | 2023-10-18 00:00:00-04:00 | 23.14   | 24.78   | 23.1    | 24.51   | 3.7736e+06 |              1 |                0 |            1 |           0 |       2 |            0 |
+---------+---------------------------+---------+---------+---------+---------+------------+----------------+------------------+--------------+-------------+---------+--------------+
|      27 | 2023-10-19 00:00:00-04:00 | 24.5    | 26.271  | 24.41   | 26.09   | 6.2723e+06 |              1 |                0 |            1 |           0 |       2 |            0 |
+---------+---------------------------+---------+---------+---------+---------+------------+----------------+------------------+--------------+-------------+---------+--------------+
|      28 | 2023-10-20 00:00:00-04:00 | 26.01   | 26.7    | 25.15   | 26.4    | 4.3416e+06 |              1 |                0 |            1 |           0 |       2 |            0 |
+---------+---------------------------+---------+---------+---------+---------+------------+----------------+------------------+--------------+-------------+---------+--------------+
|      29 | 2023-10-23 00:00:00-04:00 | 27.06   | 28.17   | 26.75   | 28.09   | 4.5162e+06 |              1 |                0 |            1 |           0 |       2 |            0 |
+---------+---------------------------+---------+---------+---------+---------+------------+----------------+------------------+--------------+-------------+---------+--------------+
|      30 | 2023-10-24 00:00:00-04:00 | 27.31   | 27.31   | 25.66   | 25.97   | 3.3165e+06 |              0 |                0 |            1 |           0 |       1 |           -1 |
+---------+---------------------------+---------+---------+---------+---------+------------+----------------+------------------+--------------+-------------+---------+--------------+
|      31 | 2023-10-25 00:00:00-04:00 | 26.87   | 27.89   | 26.745  | 27.89   | 3.4641e+06 |              1 |                0 |            1 |           0 |       2 |            1 |
+---------+---------------------------+---------+---------+---------+---------+------------+----------------+------------------+--------------+-------------+---------+--------------+
|      32 | 2023-10-26 00:00:00-04:00 | 27.65   | 28.24   | 26.4    | 26.85   | 3.8918e+06 |              1 |                0 |            1 |           0 |       2 |            0 |
+---------+---------------------------+---------+---------+---------+---------+------------+----------------+------------------+--------------+-------------+---------+--------------+
|      33 | 2023-10-27 00:00:00-04:00 | 26.78   | 29.645  | 26.76   | 29.48   | 4.5361e+06 |              1 |                0 |            1 |           0 |       2 |            0 |
+---------+---------------------------+---------+---------+---------+---------+------------+----------------+------------------+--------------+-------------+---------+--------------+
|      34 | 2023-10-30 00:00:00-04:00 | 28.9    | 28.9    | 27.31   | 28.1    | 3.1823e+06 |              1 |                0 |            1 |           0 |       2 |            0 |
+---------+---------------------------+---------+---------+---------+---------+------------+----------------+------------------+--------------+-------------+---------+--------------+
|      35 | 2023-10-31 00:00:00-04:00 | 28.94   | 29.92   | 26.57   | 26.77   | 3.7957e+06 |              0 |                0 |            1 |           0 |       1 |           -1 |
+---------+---------------------------+---------+---------+---------+---------+------------+----------------+------------------+--------------+-------------+---------+--------------+

Buy Price    Buy Time    Sell Price    Sell Time    Profit    Trade Length
-----------  ----------  ------------  -----------  --------  --------------
Total Profit: 0 Median Trade Length: nan Average Trade Length: nan
