Trading Output for labd for the last 300 days
+---------+---------------------------+---------+---------+---------+---------+------------------+----------------+------------------+--------------+-------------+---------+--------------+
|   Index | Timestamp                 |    Open |    High |     Low |   Close |           Volume |   RSIEMA Cross |   SMA/VWAP Cross |   MACD Cross |   KNN EMA X |   Total |   Total Diff |
+=========+===========================+=========+=========+=========+=========+==================+================+==================+==============+=============+=========+==============+
|       0 | 2023-11-06 09:30:00-05:00 | 20.69   | 21.15   | 20.5    | 21.135  | 372261           |              0 |                1 |            0 |           0 |       1 |            0 |
+---------+---------------------------+---------+---------+---------+---------+------------------+----------------+------------------+--------------+-------------+---------+--------------+
|       1 | 2023-11-06 09:35:00-05:00 | 21.15   | 21.4778 | 21.04   | 21.34   | 305466           |              0 |                1 |            1 |           0 |       2 |            1 |
+---------+---------------------------+---------+---------+---------+---------+------------------+----------------+------------------+--------------+-------------+---------+--------------+
|       2 | 2023-11-06 09:40:00-05:00 | 21.31   | 21.4255 | 21.15   | 21.3299 | 141947           |              0 |                1 |            1 |           0 |       2 |            0 |
+---------+---------------------------+---------+---------+---------+---------+------------------+----------------+------------------+--------------+-------------+---------+--------------+
|       3 | 2023-11-06 09:45:00-05:00 | 21.3322 | 21.39   | 21.1206 | 21.21   | 105027           |              0 |                1 |            1 |           0 |       2 |            0 |
+---------+---------------------------+---------+---------+---------+---------+------------------+----------------+------------------+--------------+-------------+---------+--------------+
|       4 | 2023-11-06 09:50:00-05:00 | 21.1507 | 21.51   | 21.12   | 21.47   | 108372           |              0 |                0 |            1 |           0 |       1 |           -1 |
+---------+---------------------------+---------+---------+---------+---------+------------------+----------------+------------------+--------------+-------------+---------+--------------+
|       5 | 2023-11-06 09:55:00-05:00 | 21.46   | 21.48   | 21.34   | 21.42   |  64474           |              0 |                0 |            1 |           1 |       2 |            1 |
+---------+---------------------------+---------+---------+---------+---------+------------------+----------------+------------------+--------------+-------------+---------+--------------+
|       6 | 2023-11-06 10:00:00-05:00 | 21.4001 | 21.43   | 21.01   | 21.17   | 108719           |              0 |                0 |            1 |           0 |       1 |           -1 |
+---------+---------------------------+---------+---------+---------+---------+------------------+----------------+------------------+--------------+-------------+---------+--------------+
|       7 | 2023-11-06 10:05:00-05:00 | 21.17   | 21.44   | 21.1665 | 21.34   |  95620           |              0 |                0 |            1 |           0 |       1 |            0 |
+---------+---------------------------+---------+---------+---------+---------+------------------+----------------+------------------+--------------+-------------+---------+--------------+
|       8 | 2023-11-06 10:10:00-05:00 | 21.37   | 21.5    | 21.29   | 21.4    |  79144           |              0 |                0 |            1 |           0 |       1 |            0 |
+---------+---------------------------+---------+---------+---------+---------+------------------+----------------+------------------+--------------+-------------+---------+--------------+
|       9 | 2023-11-06 10:15:00-05:00 | 21.42   | 21.45   | 21.29   | 21.29   |  43008           |              0 |                0 |            1 |           0 |       1 |            0 |
+---------+---------------------------+---------+---------+---------+---------+------------------+----------------+------------------+--------------+-------------+---------+--------------+
|      10 | 2023-11-06 10:20:00-05:00 | 21.3    | 21.4599 | 21.29   | 21.4599 |  36380           |              0 |                0 |            1 |           0 |       1 |            0 |
+---------+---------------------------+---------+---------+---------+---------+------------------+----------------+------------------+--------------+-------------+---------+--------------+
|      11 | 2023-11-06 10:25:00-05:00 | 21.454  | 21.55   | 21.435  | 21.55   |  82108           |              0 |                0 |            1 |           0 |       1 |            0 |
+---------+---------------------------+---------+---------+---------+---------+------------------+----------------+------------------+--------------+-------------+---------+--------------+
|      12 | 2023-11-06 10:30:00-05:00 | 21.55   | 21.64   | 21.495  | 21.52   |  47932           |              0 |                0 |            1 |           1 |       2 |            1 |
+---------+---------------------------+---------+---------+---------+---------+------------------+----------------+------------------+--------------+-------------+---------+--------------+
|      13 | 2023-11-06 10:35:00-05:00 | 21.52   | 21.62   | 21.4542 | 21.47   |  54787           |              0 |                0 |            1 |           1 |       2 |            0 |
+---------+---------------------------+---------+---------+---------+---------+------------------+----------------+------------------+--------------+-------------+---------+--------------+
|      14 | 2023-11-06 10:40:00-05:00 | 21.48   | 21.51   | 21.4    | 21.415  |  66416           |              1 |                0 |            1 |           0 |       2 |            0 |
+---------+---------------------------+---------+---------+---------+---------+------------------+----------------+------------------+--------------+-------------+---------+--------------+
|      15 | 2023-11-06 10:45:00-05:00 | 21.42   | 21.47   | 21.3636 | 21.4    |  43051           |              1 |                0 |            1 |           0 |       2 |            0 |
+---------+---------------------------+---------+---------+---------+---------+------------------+----------------+------------------+--------------+-------------+---------+--------------+
|      16 | 2023-11-06 10:50:00-05:00 | 21.39   | 21.46   | 21.28   | 21.33   |  50702           |              1 |                0 |            0 |           0 |       1 |           -1 |
+---------+---------------------------+---------+---------+---------+---------+------------------+----------------+------------------+--------------+-------------+---------+--------------+
|      17 | 2023-11-06 10:55:00-05:00 | 21.33   | 21.57   | 21.3208 | 21.57   |  42579           |              1 |                0 |            1 |           0 |       2 |            1 |
+---------+---------------------------+---------+---------+---------+---------+------------------+----------------+------------------+--------------+-------------+---------+--------------+
|      18 | 2023-11-06 11:00:00-05:00 | 21.575  | 21.7    | 21.57   | 21.7    | 108362           |              1 |                0 |            1 |           0 |       2 |            0 |
+---------+---------------------------+---------+---------+---------+---------+------------------+----------------+------------------+--------------+-------------+---------+--------------+
|      19 | 2023-11-06 11:05:00-05:00 | 21.7    | 21.7    | 21.54   | 21.61   |  35483           |              1 |                0 |            1 |           0 |       2 |            0 |
+---------+---------------------------+---------+---------+---------+---------+------------------+----------------+------------------+--------------+-------------+---------+--------------+
|      20 | 2023-11-06 11:10:00-05:00 | 21.61   | 21.78   | 21.61   | 21.78   |  51424           |              1 |                0 |            1 |           0 |       2 |            0 |
+---------+---------------------------+---------+---------+---------+---------+------------------+----------------+------------------+--------------+-------------+---------+--------------+
|      21 | 2023-11-06 11:15:00-05:00 | 21.84   | 21.85   | 21.72   | 21.75   |  53012           |              1 |                0 |            1 |           0 |       2 |            0 |
+---------+---------------------------+---------+---------+---------+---------+------------------+----------------+------------------+--------------+-------------+---------+--------------+
|      22 | 2023-11-06 11:20:00-05:00 | 21.77   | 21.92   | 21.77   | 21.87   |  56405           |              1 |                0 |            1 |           0 |       2 |            0 |
+---------+---------------------------+---------+---------+---------+---------+------------------+----------------+------------------+--------------+-------------+---------+--------------+
|      23 | 2023-11-06 11:25:00-05:00 | 21.8559 | 21.88   | 21.78   | 21.83   |  25100           |              1 |                0 |            1 |           0 |       2 |            0 |
+---------+---------------------------+---------+---------+---------+---------+------------------+----------------+------------------+--------------+-------------+---------+--------------+
|      24 | 2023-11-06 11:30:00-05:00 | 21.83   | 21.89   | 21.83   | 21.85   |  32587           |              1 |                0 |            1 |           0 |       2 |            0 |
+---------+---------------------------+---------+---------+---------+---------+------------------+----------------+------------------+--------------+-------------+---------+--------------+
|      25 | 2023-11-06 11:35:00-05:00 | 21.8    | 21.9    | 21.8    | 21.83   |  19062           |              1 |                0 |            1 |           0 |       2 |            0 |
+---------+---------------------------+---------+---------+---------+---------+------------------+----------------+------------------+--------------+-------------+---------+--------------+
|      26 | 2023-11-06 11:40:00-05:00 | 21.83   | 21.94   | 21.81   | 21.919  |  21650           |              1 |                0 |            1 |           0 |       2 |            0 |
+---------+---------------------------+---------+---------+---------+---------+------------------+----------------+------------------+--------------+-------------+---------+--------------+
|      27 | 2023-11-06 11:45:00-05:00 | 21.93   | 22.05   | 21.885  | 21.99   |  67099           |              1 |                0 |            1 |           0 |       2 |            0 |
+---------+---------------------------+---------+---------+---------+---------+------------------+----------------+------------------+--------------+-------------+---------+--------------+
|      28 | 2023-11-06 11:50:00-05:00 | 21.99   | 22.02   | 21.91   | 21.92   |  44423           |              1 |                0 |            1 |           0 |       2 |            0 |
+---------+---------------------------+---------+---------+---------+---------+------------------+----------------+------------------+--------------+-------------+---------+--------------+
|      29 | 2023-11-06 11:55:00-05:00 | 21.935  | 21.975  | 21.92   | 21.975  |  15437           |              1 |                0 |            1 |           0 |       2 |            0 |
+---------+---------------------------+---------+---------+---------+---------+------------------+----------------+------------------+--------------+-------------+---------+--------------+
|      30 | 2023-11-06 12:00:00-05:00 | 21.97   | 22.13   | 21.94   | 22.13   |  40993           |              1 |                0 |            1 |           0 |       2 |            0 |
+---------+---------------------------+---------+---------+---------+---------+------------------+----------------+------------------+--------------+-------------+---------+--------------+
|      31 | 2023-11-06 12:05:00-05:00 | 22.125  | 22.18   | 22.01   | 22.12   |  54455           |              1 |                0 |            1 |           0 |       2 |            0 |
+---------+---------------------------+---------+---------+---------+---------+------------------+----------------+------------------+--------------+-------------+---------+--------------+
|      32 | 2023-11-06 12:10:00-05:00 | 22.125  | 22.14   | 22.08   | 22.14   |  18739           |              1 |                0 |            1 |           0 |       2 |            0 |
+---------+---------------------------+---------+---------+---------+---------+------------------+----------------+------------------+--------------+-------------+---------+--------------+
|      33 | 2023-11-06 12:15:00-05:00 | 22.15   | 22.17   | 22.05   | 22.05   |  19724           |              1 |                0 |            1 |           0 |       2 |            0 |
+---------+---------------------------+---------+---------+---------+---------+------------------+----------------+------------------+--------------+-------------+---------+--------------+
|      34 | 2023-11-06 12:20:00-05:00 | 22.04   | 22.087  | 21.99   | 22.03   |  18114           |              0 |                0 |            1 |           0 |       1 |           -1 |
+---------+---------------------------+---------+---------+---------+---------+------------------+----------------+------------------+--------------+-------------+---------+--------------+
|      35 | 2023-11-06 12:25:00-05:00 | 22.03   | 22.08   | 21.98   | 22.07   |  49653           |              1 |                0 |            0 |           0 |       1 |            0 |
+---------+---------------------------+---------+---------+---------+---------+------------------+----------------+------------------+--------------+-------------+---------+--------------+
|      36 | 2023-11-06 12:30:00-05:00 | 22.0799 | 22.0999 | 22.0599 | 22.0701 |  26908           |              0 |                0 |            0 |           0 |       0 |           -1 |
+---------+---------------------------+---------+---------+---------+---------+------------------+----------------+------------------+--------------+-------------+---------+--------------+
|      37 | 2023-11-06 12:35:00-05:00 | 22.07   | 22.16   | 22.0636 | 22.13   |  27940           |              1 |                0 |            0 |           0 |       1 |            1 |
+---------+---------------------------+---------+---------+---------+---------+------------------+----------------+------------------+--------------+-------------+---------+--------------+
|      38 | 2023-11-06 12:40:00-05:00 | 22.1301 | 22.2    | 22.11   | 22.13   |  31003           |              1 |                0 |            0 |           0 |       1 |            0 |
+---------+---------------------------+---------+---------+---------+---------+------------------+----------------+------------------+--------------+-------------+---------+--------------+
|      39 | 2023-11-06 12:45:00-05:00 | 22.14   | 22.21   | 22.1134 | 22.2    |  15488           |              1 |                0 |            0 |           0 |       1 |            0 |
+---------+---------------------------+---------+---------+---------+---------+------------------+----------------+------------------+--------------+-------------+---------+--------------+
|      40 | 2023-11-06 12:50:00-05:00 | 22.22   | 22.27   | 22.19   | 22.24   |  31013           |              1 |                0 |            0 |           0 |       1 |            0 |
+---------+---------------------------+---------+---------+---------+---------+------------------+----------------+------------------+--------------+-------------+---------+--------------+
|      41 | 2023-11-06 12:55:00-05:00 | 22.24   | 22.275  | 22.18   | 22.19   |  33174           |              0 |                0 |            0 |           0 |       0 |           -1 |
+---------+---------------------------+---------+---------+---------+---------+------------------+----------------+------------------+--------------+-------------+---------+--------------+
|      42 | 2023-11-06 13:00:00-05:00 | 22.1899 | 22.32   | 22.18   | 22.244  |  25469           |              1 |                0 |            0 |           0 |       1 |            1 |
+---------+---------------------------+---------+---------+---------+---------+------------------+----------------+------------------+--------------+-------------+---------+--------------+
|      43 | 2023-11-06 13:05:00-05:00 | 22.24   | 22.315  | 22.2386 | 22.315  |  19989           |              1 |                0 |            0 |           0 |       1 |            0 |
+---------+---------------------------+---------+---------+---------+---------+------------------+----------------+------------------+--------------+-------------+---------+--------------+
|      44 | 2023-11-06 13:10:00-05:00 | 22.32   | 22.34   | 22.2804 | 22.34   |  28611           |              0 |                0 |            1 |           0 |       1 |            0 |
+---------+---------------------------+---------+---------+---------+---------+------------------+----------------+------------------+--------------+-------------+---------+--------------+
|      45 | 2023-11-06 13:15:00-05:00 | 22.3199 | 22.4299 | 22.3199 | 22.39   |  32271           |              1 |                0 |            1 |           0 |       2 |            1 |
+---------+---------------------------+---------+---------+---------+---------+------------------+----------------+------------------+--------------+-------------+---------+--------------+
|      46 | 2023-11-06 13:20:00-05:00 | 22.39   | 22.481  | 22.39   | 22.405  |  40660           |              1 |                0 |            1 |           0 |       2 |            0 |
+---------+---------------------------+---------+---------+---------+---------+------------------+----------------+------------------+--------------+-------------+---------+--------------+
|      47 | 2023-11-06 13:25:00-05:00 | 22.4    | 22.46   | 22.3902 | 22.45   |  10453           |              1 |                0 |            1 |           1 |       3 |            1 |
+---------+---------------------------+---------+---------+---------+---------+------------------+----------------+------------------+--------------+-------------+---------+--------------+
|      48 | 2023-11-06 13:30:00-05:00 | 22.46   | 22.4899 | 22.3802 | 22.4    |  40108           |              1 |                0 |            1 |           1 |       3 |            0 |
+---------+---------------------------+---------+---------+---------+---------+------------------+----------------+------------------+--------------+-------------+---------+--------------+
|      49 | 2023-11-06 13:35:00-05:00 | 22.3901 | 22.3901 | 22.24   | 22.26   |  45680           |              0 |                0 |            0 |           1 |       1 |           -2 |
+---------+---------------------------+---------+---------+---------+---------+------------------+----------------+------------------+--------------+-------------+---------+--------------+
|      50 | 2023-11-06 13:40:00-05:00 | 22.2581 | 22.3    | 22.22   | 22.26   |  21099           |              0 |                0 |            0 |           1 |       1 |            0 |
+---------+---------------------------+---------+---------+---------+---------+------------------+----------------+------------------+--------------+-------------+---------+--------------+
|      51 | 2023-11-06 13:45:00-05:00 | 22.26   | 22.26   | 22.1602 | 22.21   |  21444           |              0 |                0 |            0 |           0 |       0 |           -1 |
+---------+---------------------------+---------+---------+---------+---------+------------------+----------------+------------------+--------------+-------------+---------+--------------+
|      52 | 2023-11-06 13:50:00-05:00 | 22.23   | 22.32   | 22.21   | 22.315  |  18356           |              0 |                0 |            0 |           0 |       0 |            0 |
+---------+---------------------------+---------+---------+---------+---------+------------------+----------------+------------------+--------------+-------------+---------+--------------+
|      53 | 2023-11-06 13:55:00-05:00 | 22.31   | 22.32   | 22.21   | 22.26   |  21259           |              0 |                0 |            0 |           0 |       0 |            0 |
+---------+---------------------------+---------+---------+---------+---------+------------------+----------------+------------------+--------------+-------------+---------+--------------+
|      54 | 2023-11-06 14:00:00-05:00 | 22.27   | 22.38   | 22.25   | 22.34   |  19279           |              0 |                0 |            0 |           0 |       0 |            0 |
+---------+---------------------------+---------+---------+---------+---------+------------------+----------------+------------------+--------------+-------------+---------+--------------+
|      55 | 2023-11-06 14:05:00-05:00 | 22.35   | 22.46   | 22.34   | 22.4521 |  19755           |              1 |                0 |            0 |           0 |       1 |            1 |
+---------+---------------------------+---------+---------+---------+---------+------------------+----------------+------------------+--------------+-------------+---------+--------------+
|      56 | 2023-11-06 14:10:00-05:00 | 22.44   | 22.49   | 22.42   | 22.4701 |  27773           |              0 |                0 |            0 |           0 |       0 |           -1 |
+---------+---------------------------+---------+---------+---------+---------+------------------+----------------+------------------+--------------+-------------+---------+--------------+
|      57 | 2023-11-06 14:15:00-05:00 | 22.48   | 22.48   | 22.42   | 22.43   |  18831           |              0 |                0 |            0 |           0 |       0 |            0 |
+---------+---------------------------+---------+---------+---------+---------+------------------+----------------+------------------+--------------+-------------+---------+--------------+
|      58 | 2023-11-06 14:20:00-05:00 | 22.41   | 22.4399 | 22.37   | 22.42   |  32334           |              0 |                0 |            0 |           0 |       0 |            0 |
+---------+---------------------------+---------+---------+---------+---------+------------------+----------------+------------------+--------------+-------------+---------+--------------+
|      59 | 2023-11-06 14:25:00-05:00 | 22.42   | 22.45   | 22.385  | 22.44   |  15067           |              0 |                0 |            0 |           1 |       1 |            1 |
+---------+---------------------------+---------+---------+---------+---------+------------------+----------------+------------------+--------------+-------------+---------+--------------+
|      60 | 2023-11-06 14:30:00-05:00 | 22.4516 | 22.4516 | 22.36   | 22.43   |  33162           |              0 |                0 |            0 |           1 |       1 |            0 |
+---------+---------------------------+---------+---------+---------+---------+------------------+----------------+------------------+--------------+-------------+---------+--------------+
|      61 | 2023-11-06 14:35:00-05:00 | 22.44   | 22.45   | 22.4    | 22.43   |  17689           |              0 |                0 |            0 |           1 |       1 |            0 |
+---------+---------------------------+---------+---------+---------+---------+------------------+----------------+------------------+--------------+-------------+---------+--------------+
|      62 | 2023-11-06 14:40:00-05:00 | 22.435  | 22.435  | 22.29   | 22.3359 |  33686           |              0 |                0 |            0 |           1 |       1 |            0 |
+---------+---------------------------+---------+---------+---------+---------+------------------+----------------+------------------+--------------+-------------+---------+--------------+
|      63 | 2023-11-06 14:45:00-05:00 | 22.35   | 22.38   | 22.29   | 22.36   |  25091           |              1 |                0 |            0 |           1 |       2 |            1 |
+---------+---------------------------+---------+---------+---------+---------+------------------+----------------+------------------+--------------+-------------+---------+--------------+
|      64 | 2023-11-06 14:50:00-05:00 | 22.33   | 22.35   | 22.24   | 22.26   |  16785           |              0 |                0 |            0 |           1 |       1 |           -1 |
+---------+---------------------------+---------+---------+---------+---------+------------------+----------------+------------------+--------------+-------------+---------+--------------+
|      65 | 2023-11-06 14:55:00-05:00 | 22.27   | 22.27   | 22.21   | 22.22   |  22246           |              0 |                0 |            0 |           1 |       1 |            0 |
+---------+---------------------------+---------+---------+---------+---------+------------------+----------------+------------------+--------------+-------------+---------+--------------+
|      66 | 2023-11-06 15:00:00-05:00 | 22.22   | 22.22   | 22.0339 | 22.0339 |  77197           |              0 |                0 |            0 |           1 |       1 |            0 |
+---------+---------------------------+---------+---------+---------+---------+------------------+----------------+------------------+--------------+-------------+---------+--------------+
|      67 | 2023-11-06 15:05:00-05:00 | 22.025  | 22.07   | 21.98   | 22.03   |  55992           |              0 |                0 |            0 |           1 |       1 |            0 |
+---------+---------------------------+---------+---------+---------+---------+------------------+----------------+------------------+--------------+-------------+---------+--------------+
|      68 | 2023-11-06 15:10:00-05:00 | 22.02   | 22.13   | 22.01   | 22.13   |  36972           |              0 |                0 |            0 |           0 |       0 |           -1 |
+---------+---------------------------+---------+---------+---------+---------+------------------+----------------+------------------+--------------+-------------+---------+--------------+
|      69 | 2023-11-06 15:15:00-05:00 | 22.13   | 22.13   | 22.03   | 22.07   |  15417           |              0 |                0 |            0 |           0 |       0 |            0 |
+---------+---------------------------+---------+---------+---------+---------+------------------+----------------+------------------+--------------+-------------+---------+--------------+
|      70 | 2023-11-06 15:20:00-05:00 | 22.07   | 22.14   | 22.04   | 22.12   |  32409           |              0 |                0 |            0 |           0 |       0 |            0 |
+---------+---------------------------+---------+---------+---------+---------+------------------+----------------+------------------+--------------+-------------+---------+--------------+
|      71 | 2023-11-06 15:25:00-05:00 | 22.1299 | 22.22   | 22.1299 | 22.2    |  27805           |              0 |                0 |            0 |           0 |       0 |            0 |
+---------+---------------------------+---------+---------+---------+---------+------------------+----------------+------------------+--------------+-------------+---------+--------------+
|      72 | 2023-11-06 15:30:00-05:00 | 22.2    | 22.2999 | 22.2    | 22.2176 |  44731           |              0 |                0 |            0 |           0 |       0 |            0 |
+---------+---------------------------+---------+---------+---------+---------+------------------+----------------+------------------+--------------+-------------+---------+--------------+
|      73 | 2023-11-06 15:35:00-05:00 | 22.23   | 22.31   | 22.2    | 22.22   |  48780           |              0 |                0 |            0 |           0 |       0 |            0 |
+---------+---------------------------+---------+---------+---------+---------+------------------+----------------+------------------+--------------+-------------+---------+--------------+
|      74 | 2023-11-06 15:40:00-05:00 | 22.23   | 22.32   | 22.23   | 22.2999 |  21158           |              1 |                0 |            0 |           0 |       1 |            1 |
+---------+---------------------------+---------+---------+---------+---------+------------------+----------------+------------------+--------------+-------------+---------+--------------+
|      75 | 2023-11-06 15:45:00-05:00 | 22.3    | 22.34   | 22.28   | 22.31   |  28804           |              1 |                0 |            1 |           0 |       2 |            1 |
+---------+---------------------------+---------+---------+---------+---------+------------------+----------------+------------------+--------------+-------------+---------+--------------+
|      76 | 2023-11-06 15:50:00-05:00 | 22.3    | 22.351  | 22.19   | 22.33   | 142658           |              1 |                0 |            1 |           1 |       3 |            1 |
+---------+---------------------------+---------+---------+---------+---------+------------------+----------------+------------------+--------------+-------------+---------+--------------+
|      77 | 2023-11-06 15:55:00-05:00 | 22.325  | 22.36   | 22.28   | 22.3    |  93012           |              1 |                0 |            1 |           1 |       3 |            0 |
+---------+---------------------------+---------+---------+---------+---------+------------------+----------------+------------------+--------------+-------------+---------+--------------+
|      78 | 2023-11-07 09:30:00-05:00 | 22.17   | 22.24   | 21.7    | 21.89   | 452210           |              0 |                0 |            0 |           1 |       1 |           -2 |
+---------+---------------------------+---------+---------+---------+---------+------------------+----------------+------------------+--------------+-------------+---------+--------------+
|      79 | 2023-11-07 09:35:00-05:00 | 21.93   | 22.49   | 21.91   | 22.49   | 143958           |              1 |                0 |            1 |           1 |       3 |            2 |
+---------+---------------------------+---------+---------+---------+---------+------------------+----------------+------------------+--------------+-------------+---------+--------------+
|      80 | 2023-11-07 09:40:00-05:00 | 22.5    | 22.61   | 22.05   | 22.1    | 222668           |              1 |                0 |            0 |           1 |       2 |           -1 |
+---------+---------------------------+---------+---------+---------+---------+------------------+----------------+------------------+--------------+-------------+---------+--------------+
|      81 | 2023-11-07 09:45:00-05:00 | 22.11   | 22.17   | 21.88   | 22.17   | 105726           |              1 |                0 |            0 |           1 |       2 |            0 |
+---------+---------------------------+---------+---------+---------+---------+------------------+----------------+------------------+--------------+-------------+---------+--------------+
|      82 | 2023-11-07 09:50:00-05:00 | 22.17   | 22.18   | 21.72   | 21.75   |  90577           |              0 |                0 |            0 |           1 |       1 |           -1 |
+---------+---------------------------+---------+---------+---------+---------+------------------+----------------+------------------+--------------+-------------+---------+--------------+
|      83 | 2023-11-07 09:55:00-05:00 | 21.71   | 21.73   | 21.41   | 21.47   | 158075           |              0 |                0 |            0 |           1 |       1 |            0 |
+---------+---------------------------+---------+---------+---------+---------+------------------+----------------+------------------+--------------+-------------+---------+--------------+
|      84 | 2023-11-07 10:00:00-05:00 | 21.475  | 21.58   | 21.33   | 21.44   |  81950           |              0 |                1 |            0 |           1 |       2 |            1 |
+---------+---------------------------+---------+---------+---------+---------+------------------+----------------+------------------+--------------+-------------+---------+--------------+
|      85 | 2023-11-07 10:05:00-05:00 | 21.47   | 21.64   | 21.465  | 21.6    |  54760           |              0 |                1 |            0 |           1 |       2 |            0 |
+---------+---------------------------+---------+---------+---------+---------+------------------+----------------+------------------+--------------+-------------+---------+--------------+
|      86 | 2023-11-07 10:10:00-05:00 | 21.62   | 21.69   | 21.42   | 21.488  |  99094           |              0 |                1 |            0 |           1 |       2 |            0 |
+---------+---------------------------+---------+---------+---------+---------+------------------+----------------+------------------+--------------+-------------+---------+--------------+
|      87 | 2023-11-07 10:15:00-05:00 | 21.4925 | 21.62   | 21.34   | 21.51   |  73229           |              0 |                1 |            0 |           1 |       2 |            0 |
+---------+---------------------------+---------+---------+---------+---------+------------------+----------------+------------------+--------------+-------------+---------+--------------+
|      88 | 2023-11-07 10:20:00-05:00 | 21.5    | 21.5    | 21.3501 | 21.45   |  40744           |              0 |                1 |            0 |           1 |       2 |            0 |
+---------+---------------------------+---------+---------+---------+---------+------------------+----------------+------------------+--------------+-------------+---------+--------------+
|      89 | 2023-11-07 10:25:00-05:00 | 21.44   | 21.45   | 21.18   | 21.2735 |  84657           |              0 |                1 |            0 |           1 |       2 |            0 |
+---------+---------------------------+---------+---------+---------+---------+------------------+----------------+------------------+--------------+-------------+---------+--------------+
|      90 | 2023-11-07 10:30:00-05:00 | 21.26   | 21.31   | 21.0201 | 21.08   |  63007           |              0 |                1 |            0 |           1 |       2 |            0 |
+---------+---------------------------+---------+---------+---------+---------+------------------+----------------+------------------+--------------+-------------+---------+--------------+
|      91 | 2023-11-07 10:35:00-05:00 | 21.0899 | 21.09   | 20.92   | 20.92   |  61059           |              0 |                1 |            0 |           1 |       2 |            0 |
+---------+---------------------------+---------+---------+---------+---------+------------------+----------------+------------------+--------------+-------------+---------+--------------+
|      92 | 2023-11-07 10:40:00-05:00 | 20.94   | 21      | 20.87   | 20.98   |  56609           |              0 |                1 |            0 |           0 |       1 |           -1 |
+---------+---------------------------+---------+---------+---------+---------+------------------+----------------+------------------+--------------+-------------+---------+--------------+
|      93 | 2023-11-07 10:45:00-05:00 | 21      | 21.15   | 20.91   | 20.91   |  54710           |              0 |                1 |            0 |           0 |       1 |            0 |
+---------+---------------------------+---------+---------+---------+---------+------------------+----------------+------------------+--------------+-------------+---------+--------------+
|      94 | 2023-11-07 10:50:00-05:00 | 20.91   | 21.17   | 20.9    | 21.15   |  53585           |              0 |                1 |            0 |           0 |       1 |            0 |
+---------+---------------------------+---------+---------+---------+---------+------------------+----------------+------------------+--------------+-------------+---------+--------------+
|      95 | 2023-11-07 10:55:00-05:00 | 21.149  | 21.32   | 21.1479 | 21.3    |  44396           |              0 |                1 |            0 |           0 |       1 |            0 |
+---------+---------------------------+---------+---------+---------+---------+------------------+----------------+------------------+--------------+-------------+---------+--------------+
|      96 | 2023-11-07 11:00:00-05:00 | 21.33   | 21.5299 | 21.33   | 21.34   |  46693           |              1 |                1 |            0 |           0 |       2 |            1 |
+---------+---------------------------+---------+---------+---------+---------+------------------+----------------+------------------+--------------+-------------+---------+--------------+
|      97 | 2023-11-07 11:05:00-05:00 | 21.36   | 21.4617 | 21.32   | 21.4617 |  35123           |              1 |                1 |            1 |           0 |       3 |            1 |
+---------+---------------------------+---------+---------+---------+---------+------------------+----------------+------------------+--------------+-------------+---------+--------------+
|      98 | 2023-11-07 11:10:00-05:00 | 21.45   | 21.45   | 21.32   | 21.34   |  19086           |              1 |                1 |            1 |           1 |       4 |            1 |
+---------+---------------------------+---------+---------+---------+---------+------------------+----------------+------------------+--------------+-------------+---------+--------------+
|      99 | 2023-11-07 11:15:00-05:00 | 21.33   | 21.34   | 21.25   | 21.32   |  27129           |              1 |                1 |            1 |           1 |       4 |            0 |
+---------+---------------------------+---------+---------+---------+---------+------------------+----------------+------------------+--------------+-------------+---------+--------------+
|     100 | 2023-11-07 11:20:00-05:00 | 21.31   | 21.3898 | 21.27   | 21.27   |  18830           |              1 |                1 |            1 |           1 |       4 |            0 |
+---------+---------------------------+---------+---------+---------+---------+------------------+----------------+------------------+--------------+-------------+---------+--------------+
|     101 | 2023-11-07 11:25:00-05:00 | 21.27   | 21.29   | 21.16   | 21.16   |  21762           |              1 |                1 |            1 |           1 |       4 |            0 |
+---------+---------------------------+---------+---------+---------+---------+------------------+----------------+------------------+--------------+-------------+---------+--------------+
|     102 | 2023-11-07 11:30:00-05:00 | 21.15   | 21.1926 | 21.0601 | 21.0601 |  28094           |              0 |                1 |            1 |           1 |       3 |           -1 |
+---------+---------------------------+---------+---------+---------+---------+------------------+----------------+------------------+--------------+-------------+---------+--------------+
|     103 | 2023-11-07 11:35:00-05:00 | 21.065  | 21.0771 | 20.9804 | 21.0771 |  49554           |              1 |                1 |            1 |           1 |       4 |            1 |
+---------+---------------------------+---------+---------+---------+---------+------------------+----------------+------------------+--------------+-------------+---------+--------------+
|     104 | 2023-11-07 11:40:00-05:00 | 21.08   | 21.09   | 21.01   | 21.07   |  24453           |              1 |                1 |            1 |           0 |       3 |           -1 |
+---------+---------------------------+---------+---------+---------+---------+------------------+----------------+------------------+--------------+-------------+---------+--------------+
|     105 | 2023-11-07 11:45:00-05:00 | 21.06   | 21.22   | 21.0499 | 21.1783 |  27058           |              1 |                1 |            1 |           0 |       3 |            0 |
+---------+---------------------------+---------+---------+---------+---------+------------------+----------------+------------------+--------------+-------------+---------+--------------+
|     106 | 2023-11-07 11:50:00-05:00 | 21.18   | 21.1929 | 21.0979 | 21.1    |  20266           |              1 |                1 |            1 |           0 |       3 |            0 |
+---------+---------------------------+---------+---------+---------+---------+------------------+----------------+------------------+--------------+-------------+---------+--------------+
|     107 | 2023-11-07 11:55:00-05:00 | 21.1    | 21.17   | 21.0863 | 21.15   |  19430           |              1 |                1 |            1 |           0 |       3 |            0 |
+---------+---------------------------+---------+---------+---------+---------+------------------+----------------+------------------+--------------+-------------+---------+--------------+
|     108 | 2023-11-07 12:00:00-05:00 | 21.16   | 21.3301 | 21.12   | 21.31   |  45321           |              1 |                1 |            1 |           0 |       3 |            0 |
+---------+---------------------------+---------+---------+---------+---------+------------------+----------------+------------------+--------------+-------------+---------+--------------+
|     109 | 2023-11-07 12:05:00-05:00 | 21.32   | 21.34   | 21.11   | 21.12   |  48956           |              0 |                1 |            1 |           0 |       2 |           -1 |
+---------+---------------------------+---------+---------+---------+---------+------------------+----------------+------------------+--------------+-------------+---------+--------------+
|     110 | 2023-11-07 12:10:00-05:00 | 21.1199 | 21.18   | 21.07   | 21.15   |  25463           |              0 |                1 |            1 |           0 |       2 |            0 |
+---------+---------------------------+---------+---------+---------+---------+------------------+----------------+------------------+--------------+-------------+---------+--------------+
|     111 | 2023-11-07 12:15:00-05:00 | 21.16   | 21.19   | 21.1148 | 21.1503 |  24547           |              0 |                1 |            1 |           0 |       2 |            0 |
+---------+---------------------------+---------+---------+---------+---------+------------------+----------------+------------------+--------------+-------------+---------+--------------+
|     112 | 2023-11-07 12:20:00-05:00 | 21.15   | 21.3    | 21.15   | 21.28   |  35556           |              1 |                1 |            1 |           0 |       3 |            1 |
+---------+---------------------------+---------+---------+---------+---------+------------------+----------------+------------------+--------------+-------------+---------+--------------+
|     113 | 2023-11-07 12:25:00-05:00 | 21.28   | 21.3201 | 21.24   | 21.255  |  26102           |              1 |                1 |            1 |           0 |       3 |            0 |
+---------+---------------------------+---------+---------+---------+---------+------------------+----------------+------------------+--------------+-------------+---------+--------------+
|     114 | 2023-11-07 12:30:00-05:00 | 21.26   | 21.3451 | 21.165  | 21.1721 |  48270           |              1 |                1 |            1 |           0 |       3 |            0 |
+---------+---------------------------+---------+---------+---------+---------+------------------+----------------+------------------+--------------+-------------+---------+--------------+
|     115 | 2023-11-07 12:35:00-05:00 | 21.2    | 21.35   | 21.2    | 21.3301 |  28520           |              1 |                1 |            1 |           0 |       3 |            0 |
+---------+---------------------------+---------+---------+---------+---------+------------------+----------------+------------------+--------------+-------------+---------+--------------+
|     116 | 2023-11-07 12:40:00-05:00 | 21.36   | 21.4    | 21.33   | 21.36   |  11173           |              1 |                1 |            1 |           0 |       3 |            0 |
+---------+---------------------------+---------+---------+---------+---------+------------------+----------------+------------------+--------------+-------------+---------+--------------+
|     117 | 2023-11-07 12:45:00-05:00 | 21.35   | 21.4367 | 21.31   | 21.39   |  17750           |              1 |                1 |            1 |           0 |       3 |            0 |
+---------+---------------------------+---------+---------+---------+---------+------------------+----------------+------------------+--------------+-------------+---------+--------------+
|     118 | 2023-11-07 12:50:00-05:00 | 21.41   | 21.53   | 21.41   | 21.49   |  37865           |              1 |                1 |            1 |           1 |       4 |            1 |
+---------+---------------------------+---------+---------+---------+---------+------------------+----------------+------------------+--------------+-------------+---------+--------------+
|     119 | 2023-11-07 12:55:00-05:00 | 21.49   | 21.5    | 21.34   | 21.34   |  38031           |              1 |                1 |            1 |           1 |       4 |            0 |
+---------+---------------------------+---------+---------+---------+---------+------------------+----------------+------------------+--------------+-------------+---------+--------------+
|     120 | 2023-11-07 13:00:00-05:00 | 21.37   | 21.38   | 21.2918 | 21.368  |  18246           |              1 |                1 |            1 |           1 |       4 |            0 |
+---------+---------------------------+---------+---------+---------+---------+------------------+----------------+------------------+--------------+-------------+---------+--------------+
|     121 | 2023-11-07 13:05:00-05:00 | 21.4    | 21.42   | 21.28   | 21.29   |  26826           |              1 |                1 |            1 |           1 |       4 |            0 |
+---------+---------------------------+---------+---------+---------+---------+------------------+----------------+------------------+--------------+-------------+---------+--------------+
|     122 | 2023-11-07 13:10:00-05:00 | 21.28   | 21.28   | 21.2001 | 21.2591 |  21354           |              0 |                1 |            1 |           1 |       3 |           -1 |
+---------+---------------------------+---------+---------+---------+---------+------------------+----------------+------------------+--------------+-------------+---------+--------------+
|     123 | 2023-11-07 13:15:00-05:00 | 21.2773 | 21.32   | 21.22   | 21.26   |  16434           |              1 |                1 |            1 |           1 |       4 |            1 |
+---------+---------------------------+---------+---------+---------+---------+------------------+----------------+------------------+--------------+-------------+---------+--------------+
|     124 | 2023-11-07 13:20:00-05:00 | 21.27   | 21.3309 | 21.18   | 21.18   |  12833           |              0 |                1 |            1 |           1 |       3 |           -1 |
+---------+---------------------------+---------+---------+---------+---------+------------------+----------------+------------------+--------------+-------------+---------+--------------+
|     125 | 2023-11-07 13:25:00-05:00 | 21.17   | 21.1999 | 21.1255 | 21.1999 |  14143           |              0 |                1 |            1 |           1 |       3 |            0 |
+---------+---------------------------+---------+---------+---------+---------+------------------+----------------+------------------+--------------+-------------+---------+--------------+
|     126 | 2023-11-07 13:30:00-05:00 | 21.2079 | 21.2079 | 21.12   | 21.16   |  19935           |              0 |                1 |            0 |           1 |       2 |           -1 |
+---------+---------------------------+---------+---------+---------+---------+------------------+----------------+------------------+--------------+-------------+---------+--------------+
|     127 | 2023-11-07 13:35:00-05:00 | 21.16   | 21.17   | 21.05   | 21.0662 |  12789           |              0 |                1 |            0 |           1 |       2 |            0 |
+---------+---------------------------+---------+---------+---------+---------+------------------+----------------+------------------+--------------+-------------+---------+--------------+
|     128 | 2023-11-07 13:40:00-05:00 | 21.07   | 21.19   | 21.07   | 21.19   |  15725           |              1 |                1 |            0 |           1 |       3 |            1 |
+---------+---------------------------+---------+---------+---------+---------+------------------+----------------+------------------+--------------+-------------+---------+--------------+
|     129 | 2023-11-07 13:45:00-05:00 | 21.2    | 21.2    | 21.06   | 21.06   |  16617           |              0 |                1 |            0 |           1 |       2 |           -1 |
+---------+---------------------------+---------+---------+---------+---------+------------------+----------------+------------------+--------------+-------------+---------+--------------+
|     130 | 2023-11-07 13:50:00-05:00 | 21.05   | 21.08   | 21.01   | 21.06   |  17573           |              0 |                1 |            0 |           1 |       2 |            0 |
+---------+---------------------------+---------+---------+---------+---------+------------------+----------------+------------------+--------------+-------------+---------+--------------+
|     131 | 2023-11-07 13:55:00-05:00 | 21.0555 | 21.14   | 21.0555 | 21.11   |  28618           |              0 |                1 |            0 |           1 |       2 |            0 |
+---------+---------------------------+---------+---------+---------+---------+------------------+----------------+------------------+--------------+-------------+---------+--------------+
|     132 | 2023-11-07 14:00:00-05:00 | 21.09   | 21.1    | 20.98   | 21      |  36168           |              0 |                1 |            0 |           1 |       2 |            0 |
+---------+---------------------------+---------+---------+---------+---------+------------------+----------------+------------------+--------------+-------------+---------+--------------+
|     133 | 2023-11-07 14:05:00-05:00 | 21      | 21.03   | 20.95   | 20.97   |  16676           |              0 |                1 |            0 |           1 |       2 |            0 |
+---------+---------------------------+---------+---------+---------+---------+------------------+----------------+------------------+--------------+-------------+---------+--------------+
|     134 | 2023-11-07 14:10:00-05:00 | 20.95   | 20.98   | 20.91   | 20.95   |  24868           |              0 |                1 |            0 |           1 |       2 |            0 |
+---------+---------------------------+---------+---------+---------+---------+------------------+----------------+------------------+--------------+-------------+---------+--------------+
|     135 | 2023-11-07 14:15:00-05:00 | 20.96   | 20.97   | 20.91   | 20.93   |  12577           |              0 |                1 |            0 |           1 |       2 |            0 |
+---------+---------------------------+---------+---------+---------+---------+------------------+----------------+------------------+--------------+-------------+---------+--------------+
|     136 | 2023-11-07 14:20:00-05:00 | 20.94   | 20.98   | 20.86   | 20.94   |  44285           |              0 |                1 |            0 |           1 |       2 |            0 |
+---------+---------------------------+---------+---------+---------+---------+------------------+----------------+------------------+--------------+-------------+---------+--------------+
|     137 | 2023-11-07 14:25:00-05:00 | 20.93   | 20.98   | 20.9    | 20.92   |  24594           |              0 |                1 |            0 |           1 |       2 |            0 |
+---------+---------------------------+---------+---------+---------+---------+------------------+----------------+------------------+--------------+-------------+---------+--------------+
|     138 | 2023-11-07 14:30:00-05:00 | 20.91   | 20.945  | 20.89   | 20.93   |  14804           |              0 |                1 |            0 |           1 |       2 |            0 |
+---------+---------------------------+---------+---------+---------+---------+------------------+----------------+------------------+--------------+-------------+---------+--------------+
|     139 | 2023-11-07 14:35:00-05:00 | 20.94   | 20.95   | 20.87   | 20.889  |  26350           |              0 |                1 |            0 |           1 |       2 |            0 |
+---------+---------------------------+---------+---------+---------+---------+------------------+----------------+------------------+--------------+-------------+---------+--------------+
|     140 | 2023-11-07 14:40:00-05:00 | 20.889  | 20.895  | 20.8    | 20.8725 |  45104           |              0 |                1 |            0 |           1 |       2 |            0 |
+---------+---------------------------+---------+---------+---------+---------+------------------+----------------+------------------+--------------+-------------+---------+--------------+
|     141 | 2023-11-07 14:45:00-05:00 | 20.89   | 20.895  | 20.79   | 20.82   |  25960           |              0 |                1 |            0 |           1 |       2 |            0 |
+---------+---------------------------+---------+---------+---------+---------+------------------+----------------+------------------+--------------+-------------+---------+--------------+
|     142 | 2023-11-07 14:50:00-05:00 | 20.8    | 20.83   | 20.76   | 20.79   |  24738           |              0 |                1 |            0 |           1 |       2 |            0 |
+---------+---------------------------+---------+---------+---------+---------+------------------+----------------+------------------+--------------+-------------+---------+--------------+
|     143 | 2023-11-07 14:55:00-05:00 | 20.79   | 20.85   | 20.77   | 20.795  |  32945           |              0 |                1 |            0 |           1 |       2 |            0 |
+---------+---------------------------+---------+---------+---------+---------+------------------+----------------+------------------+--------------+-------------+---------+--------------+
|     144 | 2023-11-07 15:00:00-05:00 | 20.8    | 20.81   | 20.6901 | 20.7885 |  32308           |              0 |                1 |            0 |           1 |       2 |            0 |
+---------+---------------------------+---------+---------+---------+---------+------------------+----------------+------------------+--------------+-------------+---------+--------------+
|     145 | 2023-11-07 15:05:00-05:00 | 20.7901 | 20.835  | 20.76   | 20.768  |  23312           |              0 |                1 |            0 |           1 |       2 |            0 |
+---------+---------------------------+---------+---------+---------+---------+------------------+----------------+------------------+--------------+-------------+---------+--------------+
|     146 | 2023-11-07 15:10:00-05:00 | 20.77   | 20.87   | 20.75   | 20.75   |  35038           |              0 |                1 |            0 |           0 |       1 |           -1 |
+---------+---------------------------+---------+---------+---------+---------+------------------+----------------+------------------+--------------+-------------+---------+--------------+
|     147 | 2023-11-07 15:15:00-05:00 | 20.76   | 20.805  | 20.715  | 20.8    |  35134           |              1 |                1 |            0 |           0 |       2 |            1 |
+---------+---------------------------+---------+---------+---------+---------+------------------+----------------+------------------+--------------+-------------+---------+--------------+
|     148 | 2023-11-07 15:20:00-05:00 | 20.83   | 20.84   | 20.75   | 20.805  |  25456           |              1 |                1 |            1 |           0 |       3 |            1 |
+---------+---------------------------+---------+---------+---------+---------+------------------+----------------+------------------+--------------+-------------+---------+--------------+
|     149 | 2023-11-07 15:25:00-05:00 | 20.82   | 20.83   | 20.77   | 20.8    |  14001           |              1 |                1 |            1 |           1 |       4 |            1 |
+---------+---------------------------+---------+---------+---------+---------+------------------+----------------+------------------+--------------+-------------+---------+--------------+
|     150 | 2023-11-07 15:30:00-05:00 | 20.81   | 20.8895 | 20.79   | 20.8    |  38127           |              1 |                1 |            1 |           1 |       4 |            0 |
+---------+---------------------------+---------+---------+---------+---------+------------------+----------------+------------------+--------------+-------------+---------+--------------+
|     151 | 2023-11-07 15:35:00-05:00 | 20.82   | 20.83   | 20.73   | 20.829  |  30819           |              1 |                1 |            1 |           1 |       4 |            0 |
+---------+---------------------------+---------+---------+---------+---------+------------------+----------------+------------------+--------------+-------------+---------+--------------+
|     152 | 2023-11-07 15:40:00-05:00 | 20.84   | 20.84   | 20.72   | 20.77   |  38563           |              1 |                1 |            1 |           0 |       3 |           -1 |
+---------+---------------------------+---------+---------+---------+---------+------------------+----------------+------------------+--------------+-------------+---------+--------------+
|     153 | 2023-11-07 15:45:00-05:00 | 20.78   | 20.805  | 20.73   | 20.77   |  48895           |              1 |                1 |            1 |           0 |       3 |            0 |
+---------+---------------------------+---------+---------+---------+---------+------------------+----------------+------------------+--------------+-------------+---------+--------------+
|     154 | 2023-11-07 15:50:00-05:00 | 20.78   | 20.9367 | 20.78   | 20.8001 |  99997           |              1 |                1 |            1 |           0 |       3 |            0 |
+---------+---------------------------+---------+---------+---------+---------+------------------+----------------+------------------+--------------+-------------+---------+--------------+
|     155 | 2023-11-07 15:55:00-05:00 | 20.82   | 20.88   | 20.77   | 20.81   | 108121           |              1 |                1 |            1 |           0 |       3 |            0 |
+---------+---------------------------+---------+---------+---------+---------+------------------+----------------+------------------+--------------+-------------+---------+--------------+
|     156 | 2023-11-08 09:30:00-05:00 | 20.82   | 21.747  | 20.67   | 21.6013 | 639425           |              1 |                1 |            1 |           0 |       3 |            0 |
+---------+---------------------------+---------+---------+---------+---------+------------------+----------------+------------------+--------------+-------------+---------+--------------+
|     157 | 2023-11-08 09:35:00-05:00 | 21.61   | 21.66   | 21.235  | 21.33   | 271920           |              1 |                1 |            1 |           1 |       4 |            1 |
+---------+---------------------------+---------+---------+---------+---------+------------------+----------------+------------------+--------------+-------------+---------+--------------+
|     158 | 2023-11-08 09:40:00-05:00 | 21.34   | 21.37   | 21.06   | 21.16   | 179369           |              1 |                1 |            1 |           0 |       3 |           -1 |
+---------+---------------------------+---------+---------+---------+---------+------------------+----------------+------------------+--------------+-------------+---------+--------------+
|     159 | 2023-11-08 09:45:00-05:00 | 21.17   | 21.23   | 21.02   | 21.08   | 113838           |              1 |                1 |            1 |           0 |       3 |            0 |
+---------+---------------------------+---------+---------+---------+---------+------------------+----------------+------------------+--------------+-------------+---------+--------------+
|     160 | 2023-11-08 09:50:00-05:00 | 21.09   | 21.095  | 20.81   | 20.99   | 110647           |              1 |                1 |            1 |           0 |       3 |            0 |
+---------+---------------------------+---------+---------+---------+---------+------------------+----------------+------------------+--------------+-------------+---------+--------------+
|     161 | 2023-11-08 09:55:00-05:00 | 20.99   | 21.16   | 20.91   | 21.15   |  59037           |              1 |                1 |            1 |           0 |       3 |            0 |
+---------+---------------------------+---------+---------+---------+---------+------------------+----------------+------------------+--------------+-------------+---------+--------------+
|     162 | 2023-11-08 10:00:00-05:00 | 21.17   | 21.55   | 21.14   | 21.55   | 122162           |              1 |                1 |            1 |           0 |       3 |            0 |
+---------+---------------------------+---------+---------+---------+---------+------------------+----------------+------------------+--------------+-------------+---------+--------------+
|     163 | 2023-11-08 10:05:00-05:00 | 21.55   | 21.68   | 21.5    | 21.65   | 158438           |              1 |                1 |            1 |           0 |       3 |            0 |
+---------+---------------------------+---------+---------+---------+---------+------------------+----------------+------------------+--------------+-------------+---------+--------------+
|     164 | 2023-11-08 10:10:00-05:00 | 21.63   | 21.76   | 21.59   | 21.73   |  71659           |              1 |                1 |            1 |           0 |       3 |            0 |
+---------+---------------------------+---------+---------+---------+---------+------------------+----------------+------------------+--------------+-------------+---------+--------------+
|     165 | 2023-11-08 10:15:00-05:00 | 21.72   | 21.73   | 21.5907 | 21.7    |  91352           |              1 |                0 |            1 |           0 |       2 |           -1 |
+---------+---------------------------+---------+---------+---------+---------+------------------+----------------+------------------+--------------+-------------+---------+--------------+
|     166 | 2023-11-08 10:20:00-05:00 | 21.72   | 21.952  | 21.72   | 21.89   | 187009           |              1 |                0 |            1 |           0 |       2 |            0 |
+---------+---------------------------+---------+---------+---------+---------+------------------+----------------+------------------+--------------+-------------+---------+--------------+
|     167 | 2023-11-08 10:25:00-05:00 | 21.8999 | 22.213  | 21.89   | 22.19   | 144214           |              1 |                0 |            1 |           0 |       2 |            0 |
+---------+---------------------------+---------+---------+---------+---------+------------------+----------------+------------------+--------------+-------------+---------+--------------+
|     168 | 2023-11-08 10:30:00-05:00 | 22.2    | 22.3    | 22.08   | 22.19   | 174795           |              1 |                0 |            1 |           0 |       2 |            0 |
+---------+---------------------------+---------+---------+---------+---------+------------------+----------------+------------------+--------------+-------------+---------+--------------+
|     169 | 2023-11-08 10:35:00-05:00 | 22.21   | 22.39   | 22.13   | 22.39   | 142620           |              1 |                0 |            1 |           0 |       2 |            0 |
+---------+---------------------------+---------+---------+---------+---------+------------------+----------------+------------------+--------------+-------------+---------+--------------+
|     170 | 2023-11-08 10:40:00-05:00 | 22.39   | 22.5191 | 22.34   | 22.5191 | 152709           |              1 |                0 |            1 |           0 |       2 |            0 |
+---------+---------------------------+---------+---------+---------+---------+------------------+----------------+------------------+--------------+-------------+---------+--------------+
|     171 | 2023-11-08 10:45:00-05:00 | 22.52   | 22.6    | 22.46   | 22.46   | 103728           |              1 |                0 |            1 |           0 |       2 |            0 |
+---------+---------------------------+---------+---------+---------+---------+------------------+----------------+------------------+--------------+-------------+---------+--------------+
|     172 | 2023-11-08 10:50:00-05:00 | 22.48   | 22.62   | 22.43   | 22.61   |  74858           |              1 |                0 |            1 |           0 |       2 |            0 |
+---------+---------------------------+---------+---------+---------+---------+------------------+----------------+------------------+--------------+-------------+---------+--------------+
|     173 | 2023-11-08 10:55:00-05:00 | 22.605  | 22.61   | 22.49   | 22.49   |  26702           |              1 |                0 |            1 |           1 |       3 |            1 |
+---------+---------------------------+---------+---------+---------+---------+------------------+----------------+------------------+--------------+-------------+---------+--------------+
|     174 | 2023-11-08 11:00:00-05:00 | 22.483  | 22.54   | 22.41   | 22.48   |  72250           |              1 |                0 |            1 |           1 |       3 |            0 |
+---------+---------------------------+---------+---------+---------+---------+------------------+----------------+------------------+--------------+-------------+---------+--------------+
|     175 | 2023-11-08 11:05:00-05:00 | 22.4732 | 22.48   | 22.3591 | 22.36   |  48317           |              1 |                0 |            1 |           1 |       3 |            0 |
+---------+---------------------------+---------+---------+---------+---------+------------------+----------------+------------------+--------------+-------------+---------+--------------+
|     176 | 2023-11-08 11:10:00-05:00 | 22.37   | 22.37   | 22.182  | 22.22   |  99813           |              0 |                0 |            1 |           1 |       2 |           -1 |
+---------+---------------------------+---------+---------+---------+---------+------------------+----------------+------------------+--------------+-------------+---------+--------------+
|     177 | 2023-11-08 11:15:00-05:00 | 22.191  | 22.25   | 22.13   | 22.1333 |  47383           |              0 |                0 |            0 |           0 |       0 |           -2 |
+---------+---------------------------+---------+---------+---------+---------+------------------+----------------+------------------+--------------+-------------+---------+--------------+
|     178 | 2023-11-08 11:20:00-05:00 | 22.13   | 22.3002 | 22.1202 | 22.29   |  29630           |              0 |                0 |            0 |           0 |       0 |            0 |
+---------+---------------------------+---------+---------+---------+---------+------------------+----------------+------------------+--------------+-------------+---------+--------------+
|     179 | 2023-11-08 11:25:00-05:00 | 22.3    | 22.41   | 22.3    | 22.3575 |  73554           |              0 |                0 |            0 |           0 |       0 |            0 |
+---------+---------------------------+---------+---------+---------+---------+------------------+----------------+------------------+--------------+-------------+---------+--------------+
|     180 | 2023-11-08 11:30:00-05:00 | 22.36   | 22.37   | 22.23   | 22.34   |  64893           |              0 |                0 |            0 |           0 |       0 |            0 |
+---------+---------------------------+---------+---------+---------+---------+------------------+----------------+------------------+--------------+-------------+---------+--------------+
|     181 | 2023-11-08 11:35:00-05:00 | 22.32   | 22.52   | 22.31   | 22.5    |  72985           |              0 |                0 |            0 |           0 |       0 |            0 |
+---------+---------------------------+---------+---------+---------+---------+------------------+----------------+------------------+--------------+-------------+---------+--------------+
|     182 | 2023-11-08 11:40:00-05:00 | 22.51   | 22.56   | 22.385  | 22.4    |  49364           |              0 |                0 |            0 |           0 |       0 |            0 |
+---------+---------------------------+---------+---------+---------+---------+------------------+----------------+------------------+--------------+-------------+---------+--------------+
|     183 | 2023-11-08 11:45:00-05:00 | 22.38   | 22.38   | 22.24   | 22.33   |  42115           |              0 |                0 |            0 |           0 |       0 |            0 |
+---------+---------------------------+---------+---------+---------+---------+------------------+----------------+------------------+--------------+-------------+---------+--------------+
|     184 | 2023-11-08 11:50:00-05:00 | 22.33   | 22.37   | 22.2999 | 22.3699 |  25316           |              0 |                0 |            0 |           0 |       0 |            0 |
+---------+---------------------------+---------+---------+---------+---------+------------------+----------------+------------------+--------------+-------------+---------+--------------+
|     185 | 2023-11-08 11:55:00-05:00 | 22.3609 | 22.46   | 22.355  | 22.45   |  46793           |              0 |                0 |            0 |           0 |       0 |            0 |
+---------+---------------------------+---------+---------+---------+---------+------------------+----------------+------------------+--------------+-------------+---------+--------------+
|     186 | 2023-11-08 12:00:00-05:00 | 22.445  | 22.5101 | 22.425  | 22.5    |  43103           |              0 |                0 |            0 |           0 |       0 |            0 |
+---------+---------------------------+---------+---------+---------+---------+------------------+----------------+------------------+--------------+-------------+---------+--------------+
|     187 | 2023-11-08 12:05:00-05:00 | 22.52   | 22.57   | 22.4206 | 22.43   |  58605           |              0 |                0 |            0 |           0 |       0 |            0 |
+---------+---------------------------+---------+---------+---------+---------+------------------+----------------+------------------+--------------+-------------+---------+--------------+
|     188 | 2023-11-08 12:10:00-05:00 | 22.45   | 22.46   | 22.31   | 22.325  |  72101           |              0 |                0 |            0 |           0 |       0 |            0 |
+---------+---------------------------+---------+---------+---------+---------+------------------+----------------+------------------+--------------+-------------+---------+--------------+
|     189 | 2023-11-08 12:15:00-05:00 | 22.33   | 22.46   | 22.31   | 22.46   |  39968           |              0 |                0 |            0 |           0 |       0 |            0 |
+---------+---------------------------+---------+---------+---------+---------+------------------+----------------+------------------+--------------+-------------+---------+--------------+
|     190 | 2023-11-08 12:20:00-05:00 | 22.47   | 22.56   | 22.47   | 22.56   |  42352           |              1 |                0 |            0 |           0 |       1 |            1 |
+---------+---------------------------+---------+---------+---------+---------+------------------+----------------+------------------+--------------+-------------+---------+--------------+
|     191 | 2023-11-08 12:25:00-05:00 | 22.57   | 22.59   | 22.54   | 22.58   |  41369           |              1 |                0 |            0 |           0 |       1 |            0 |
+---------+---------------------------+---------+---------+---------+---------+------------------+----------------+------------------+--------------+-------------+---------+--------------+
|     192 | 2023-11-08 12:30:00-05:00 | 22.6    | 22.65   | 22.54   | 22.6479 |  13059           |              1 |                0 |            0 |           1 |       2 |            1 |
+---------+---------------------------+---------+---------+---------+---------+------------------+----------------+------------------+--------------+-------------+---------+--------------+
|     193 | 2023-11-08 12:35:00-05:00 | 22.6492 | 22.67   | 22.4737 | 22.51   |  36423           |              0 |                0 |            0 |           0 |       0 |           -2 |
+---------+---------------------------+---------+---------+---------+---------+------------------+----------------+------------------+--------------+-------------+---------+--------------+
|     194 | 2023-11-08 12:40:00-05:00 | 22.52   | 22.56   | 22.5    | 22.54   |  27854           |              0 |                0 |            0 |           1 |       1 |            1 |
+---------+---------------------------+---------+---------+---------+---------+------------------+----------------+------------------+--------------+-------------+---------+--------------+
|     195 | 2023-11-08 12:45:00-05:00 | 22.54   | 22.57   | 22.485  | 22.485  |  28271           |              0 |                0 |            0 |           1 |       1 |            0 |
+---------+---------------------------+---------+---------+---------+---------+------------------+----------------+------------------+--------------+-------------+---------+--------------+
|     196 | 2023-11-08 12:50:00-05:00 | 22.5    | 22.57   | 22.4801 | 22.55   |  35285           |              0 |                0 |            0 |           0 |       0 |           -1 |
+---------+---------------------------+---------+---------+---------+---------+------------------+----------------+------------------+--------------+-------------+---------+--------------+
|     197 | 2023-11-08 12:55:00-05:00 | 22.56   | 22.675  | 22.56   | 22.61   |  30061           |              1 |                0 |            0 |           0 |       1 |            1 |
+---------+---------------------------+---------+---------+---------+---------+------------------+----------------+------------------+--------------+-------------+---------+--------------+
|     198 | 2023-11-08 13:00:00-05:00 | 22.6    | 22.66   | 22.48   | 22.486  |  73020           |              0 |                0 |            0 |           0 |       0 |           -1 |
+---------+---------------------------+---------+---------+---------+---------+------------------+----------------+------------------+--------------+-------------+---------+--------------+
|     199 | 2023-11-08 13:05:00-05:00 | 22.49   | 22.49   | 22.32   | 22.4597 |  62013           |              0 |                0 |            0 |           0 |       0 |            0 |
+---------+---------------------------+---------+---------+---------+---------+------------------+----------------+------------------+--------------+-------------+---------+--------------+
|     200 | 2023-11-08 13:10:00-05:00 | 22.46   | 22.5973 | 22.46   | 22.57   |  35926           |              0 |                0 |            0 |           0 |       0 |            0 |
+---------+---------------------------+---------+---------+---------+---------+------------------+----------------+------------------+--------------+-------------+---------+--------------+
|     201 | 2023-11-08 13:15:00-05:00 | 22.57   | 22.68   | 22.57   | 22.6799 |  15662           |              1 |                0 |            0 |           0 |       1 |            1 |
+---------+---------------------------+---------+---------+---------+---------+------------------+----------------+------------------+--------------+-------------+---------+--------------+
|     202 | 2023-11-08 13:20:00-05:00 | 22.68   | 22.695  | 22.59   | 22.615  |  70291           |              1 |                0 |            0 |           1 |       2 |            1 |
+---------+---------------------------+---------+---------+---------+---------+------------------+----------------+------------------+--------------+-------------+---------+--------------+
|     203 | 2023-11-08 13:25:00-05:00 | 22.62   | 22.66   | 22.585  | 22.59   |  18672           |              0 |                0 |            0 |           0 |       0 |           -2 |
+---------+---------------------------+---------+---------+---------+---------+------------------+----------------+------------------+--------------+-------------+---------+--------------+
|     204 | 2023-11-08 13:30:00-05:00 | 22.57   | 22.59   | 22.52   | 22.55   |      4.27022e+06 |              0 |                0 |            0 |           0 |       0 |            0 |
+---------+---------------------------+---------+---------+---------+---------+------------------+----------------+------------------+--------------+-------------+---------+--------------+
|     205 | 2023-11-08 13:35:00-05:00 | 22.57   | 22.63   | 22.52   | 22.59   |  17648           |              0 |                0 |            0 |           0 |       0 |            0 |
+---------+---------------------------+---------+---------+---------+---------+------------------+----------------+------------------+--------------+-------------+---------+--------------+
|     206 | 2023-11-08 13:40:00-05:00 | 22.61   | 22.67   | 22.59   | 22.6    |  17343           |              0 |                0 |            0 |           0 |       0 |            0 |
+---------+---------------------------+---------+---------+---------+---------+------------------+----------------+------------------+--------------+-------------+---------+--------------+
|     207 | 2023-11-08 13:45:00-05:00 | 22.6    | 22.69   | 22.59   | 22.65   |  38141           |              1 |                0 |            0 |           0 |       1 |            1 |
+---------+---------------------------+---------+---------+---------+---------+------------------+----------------+------------------+--------------+-------------+---------+--------------+
|     208 | 2023-11-08 13:50:00-05:00 | 22.64   | 22.67   | 22.6001 | 22.6421 |  31153           |              1 |                0 |            0 |           0 |       1 |            0 |
+---------+---------------------------+---------+---------+---------+---------+------------------+----------------+------------------+--------------+-------------+---------+--------------+
|     209 | 2023-11-08 13:55:00-05:00 | 22.6402 | 22.68   | 22.63   | 22.65   |  31390           |              1 |                0 |            0 |           0 |       1 |            0 |
+---------+---------------------------+---------+---------+---------+---------+------------------+----------------+------------------+--------------+-------------+---------+--------------+
|     210 | 2023-11-08 14:00:00-05:00 | 22.65   | 22.745  | 22.61   | 22.68   |  67920           |              1 |                0 |            0 |           1 |       2 |            1 |
+---------+---------------------------+---------+---------+---------+---------+------------------+----------------+------------------+--------------+-------------+---------+--------------+
|     211 | 2023-11-08 14:05:00-05:00 | 22.68   | 22.68   | 22.57   | 22.62   |      4.50164e+06 |              0 |                0 |            0 |           1 |       1 |           -1 |
+---------+---------------------------+---------+---------+---------+---------+------------------+----------------+------------------+--------------+-------------+---------+--------------+
|     212 | 2023-11-08 14:10:00-05:00 | 22.62   | 22.64   | 22.57   | 22.59   |  27895           |              1 |                0 |            0 |           0 |       1 |            0 |
+---------+---------------------------+---------+---------+---------+---------+------------------+----------------+------------------+--------------+-------------+---------+--------------+
|     213 | 2023-11-08 14:15:00-05:00 | 22.6    | 22.64   | 22.56   | 22.62   |  31687           |              1 |                0 |            0 |           0 |       1 |            0 |
+---------+---------------------------+---------+---------+---------+---------+------------------+----------------+------------------+--------------+-------------+---------+--------------+
|     214 | 2023-11-08 14:20:00-05:00 | 22.62   | 22.64   | 22.59   | 22.64   |  31638           |              0 |                0 |            0 |           0 |       0 |           -1 |
+---------+---------------------------+---------+---------+---------+---------+------------------+----------------+------------------+--------------+-------------+---------+--------------+
|     215 | 2023-11-08 14:25:00-05:00 | 22.64   | 22.65   | 22.58   | 22.59   |  14605           |              0 |                0 |            0 |           0 |       0 |            0 |
+---------+---------------------------+---------+---------+---------+---------+------------------+----------------+------------------+--------------+-------------+---------+--------------+
|     216 | 2023-11-08 14:30:00-05:00 | 22.6185 | 22.69   | 22.59   | 22.69   |  41077           |              1 |                0 |            0 |           0 |       1 |            1 |
+---------+---------------------------+---------+---------+---------+---------+------------------+----------------+------------------+--------------+-------------+---------+--------------+
|     217 | 2023-11-08 14:35:00-05:00 | 22.7    | 22.74   | 22.6745 | 22.7    |  48006           |              1 |                0 |            0 |           1 |       2 |            1 |
+---------+---------------------------+---------+---------+---------+---------+------------------+----------------+------------------+--------------+-------------+---------+--------------+
|     218 | 2023-11-08 14:40:00-05:00 | 22.7    | 22.7301 | 22.64   | 22.655  |      4.75798e+06 |              1 |                0 |            0 |           1 |       2 |            0 |
+---------+---------------------------+---------+---------+---------+---------+------------------+----------------+------------------+--------------+-------------+---------+--------------+
|     219 | 2023-11-08 14:45:00-05:00 | 22.66   | 22.68   | 22.56   | 22.6    |  23483           |              0 |                0 |            0 |           1 |       1 |           -1 |
+---------+---------------------------+---------+---------+---------+---------+------------------+----------------+------------------+--------------+-------------+---------+--------------+
|     220 | 2023-11-08 14:50:00-05:00 | 22.6    | 22.65   | 22.59   | 22.64   |  20187           |              0 |                0 |            0 |           1 |       1 |            0 |
+---------+---------------------------+---------+---------+---------+---------+------------------+----------------+------------------+--------------+-------------+---------+--------------+
|     221 | 2023-11-08 14:55:00-05:00 | 22.66   | 22.68   | 22.64   | 22.68   |  12817           |              0 |                0 |            0 |           1 |       1 |            0 |
+---------+---------------------------+---------+---------+---------+---------+------------------+----------------+------------------+--------------+-------------+---------+--------------+
|     222 | 2023-11-08 15:00:00-05:00 | 22.68   | 22.68   | 22.58   | 22.6035 |  18990           |              0 |                0 |            0 |           1 |       1 |            0 |
+---------+---------------------------+---------+---------+---------+---------+------------------+----------------+------------------+--------------+-------------+---------+--------------+
|     223 | 2023-11-08 15:05:00-05:00 | 22.58   | 22.6202 | 22.555  | 22.62   |  18530           |              0 |                0 |            0 |           0 |       0 |           -1 |
+---------+---------------------------+---------+---------+---------+---------+------------------+----------------+------------------+--------------+-------------+---------+--------------+
|     224 | 2023-11-08 15:10:00-05:00 | 22.61   | 22.69   | 22.59   | 22.5934 |  71795           |              0 |                0 |            0 |           0 |       0 |            0 |
+---------+---------------------------+---------+---------+---------+---------+------------------+----------------+------------------+--------------+-------------+---------+--------------+
|     225 | 2023-11-08 15:15:00-05:00 | 22.6    | 22.68   | 22.6    | 22.65   |  24824           |              1 |                0 |            0 |           0 |       1 |            1 |
+---------+---------------------------+---------+---------+---------+---------+------------------+----------------+------------------+--------------+-------------+---------+--------------+
|     226 | 2023-11-08 15:20:00-05:00 | 22.66   | 22.69   | 22.6332 | 22.665  |   7243           |              1 |                0 |            0 |           0 |       1 |            0 |
+---------+---------------------------+---------+---------+---------+---------+------------------+----------------+------------------+--------------+-------------+---------+--------------+
|     227 | 2023-11-08 15:25:00-05:00 | 22.67   | 22.675  | 22.58   | 22.65   |  34334           |              1 |                0 |            0 |           0 |       1 |            0 |
+---------+---------------------------+---------+---------+---------+---------+------------------+----------------+------------------+--------------+-------------+---------+--------------+
|     228 | 2023-11-08 15:30:00-05:00 | 22.66   | 22.7799 | 22.62   | 22.7726 |  34753           |              1 |                0 |            0 |           0 |       1 |            0 |
+---------+---------------------------+---------+---------+---------+---------+------------------+----------------+------------------+--------------+-------------+---------+--------------+
|     229 | 2023-11-08 15:35:00-05:00 | 22.77   | 22.81   | 22.73   | 22.755  |  54776           |              1 |                0 |            1 |           0 |       2 |            1 |
+---------+---------------------------+---------+---------+---------+---------+------------------+----------------+------------------+--------------+-------------+---------+--------------+
|     230 | 2023-11-08 15:40:00-05:00 | 22.76   | 22.83   | 22.7401 | 22.7968 |  76443           |              1 |                0 |            1 |           0 |       2 |            0 |
+---------+---------------------------+---------+---------+---------+---------+------------------+----------------+------------------+--------------+-------------+---------+--------------+
|     231 | 2023-11-08 15:45:00-05:00 | 22.8    | 22.81   | 22.74   | 22.795  |  74125           |              1 |                0 |            1 |           0 |       2 |            0 |
+---------+---------------------------+---------+---------+---------+---------+------------------+----------------+------------------+--------------+-------------+---------+--------------+
|     232 | 2023-11-08 15:50:00-05:00 | 22.78   | 22.79   | 22.54   | 22.6    | 148139           |              0 |                0 |            0 |           0 |       0 |           -2 |
+---------+---------------------------+---------+---------+---------+---------+------------------+----------------+------------------+--------------+-------------+---------+--------------+
|     233 | 2023-11-08 15:55:00-05:00 | 22.6    | 22.66   | 22.56   | 22.58   |  99657           |              0 |                0 |            0 |           0 |       0 |            0 |
+---------+---------------------------+---------+---------+---------+---------+------------------+----------------+------------------+--------------+-------------+---------+--------------+

Still holding position
Buy Price: 22.600000381469727 Buy Date: 2023-11-08 15:50:00-05:00

  Buy Price  Buy Time                     Sell Price  Sell Time                      Profit    Trade Length
-----------  -------------------------  ------------  -------------------------  ----------  --------------
    22.0701  2023-11-06 12:30:00-05:00       22.13    2023-11-06 12:35:00-05:00   0.0598984               1
    22.19    2023-11-06 12:55:00-05:00       22.244   2023-11-06 13:00:00-05:00   0.0539989               1
    22.21    2023-11-06 13:45:00-05:00       22.4521  2023-11-06 14:05:00-05:00   0.242102                4
    22.4701  2023-11-06 14:10:00-05:00       22.44    2023-11-06 14:25:00-05:00  -0.0300999               3
    22.13    2023-11-06 15:10:00-05:00       22.2999  2023-11-06 15:40:00-05:00   0.169901                6
    22.1333  2023-11-08 11:15:00-05:00       22.56    2023-11-08 12:20:00-05:00   0.426699               13
    22.51    2023-11-08 12:35:00-05:00       22.54    2023-11-08 12:40:00-05:00   0.0300007               1
    22.55    2023-11-08 12:50:00-05:00       22.61    2023-11-08 12:55:00-05:00   0.0600014               1
    22.486   2023-11-08 13:00:00-05:00       22.6799  2023-11-08 13:15:00-05:00   0.193899                3
    22.59    2023-11-08 13:25:00-05:00       22.65    2023-11-08 13:45:00-05:00   0.0599995               4
    22.64    2023-11-08 14:20:00-05:00       22.69    2023-11-08 14:30:00-05:00   0.0500011               2
    22.62    2023-11-08 15:05:00-05:00       22.65    2023-11-08 15:15:00-05:00   0.0299988               2
Total Profit: 1.3463993072509766 Median Trade Length: 2.5 Average Trade Length: 3.4166666666666665
